CLOUD ID1	CLOUD ID2	y1	y2	yc	yBliss	yLoewe
CLOUD196	CLOUD166	71.74865513	39.13122131	49.92073172	0.828037514	59.6
CLOUD117	CLOUD171	99.94879672	0.32239215	100	0.999489618	8
CLOUD117	CLOUD173	99.94879672	26.96680805	100	0.999626046	4.4
CLOUD117	CLOUD179	99.94879672	98.65510327	100	0.999993114	2.9
CLOUD184	CLOUD234	0	26.35059193	4.644690754	0.263505919	91.9
CLOUD184	CLOUD232	0	50.0790699	35.40375522	0.500790699	91.1
CLOUD089	CLOUD232	80.21460332	50.0790699	76.07493476	0.90122946	22.4
CLOUD165	CLOUD025	100	2.150875492	100	1	58.3
CLOUD143	CLOUD057	89.25430294	100	100	1	2.4
CLOUD115	CLOUD256	99.78243983	0	88.77601923	0.997824398	93.6
CLOUD115	CLOUD259	99.78243983	96.22080761	100	0.99991778	89.8
CLOUD259	CLOUD122	96.22080761	58.96658998	100	0.984492685	97
CLOUD215	CLOUD166	17.3356167	39.13122131	0	0.496831995	98.1
CLOUD209	CLOUD232	99.87921859	50.0790699	89.81875324	0.999397048	2.4
CLOUD209	CLOUD234	99.87921859	26.35059193	100	0.999110452	2.4
CLOUD243	CLOUD102	84.97484141	11.69030422	96.97388795	0.867313282	67.8
CLOUD112	CLOUD053	96.94297546	99.99187369	100	0.999997516	1.8
CLOUD112	CLOUD059	96.94297546	1.662962311	90.05069258	0.969938126	99.3
CLOUD180	CLOUD190	94.77996018	17.11103228	100	0.956731629	99.3
CLOUD102	CLOUD215	11.69030422	17.3356167	14.68829651	0.269993346	69.1
CLOUD104	CLOUD250	98.44403556	2.964857381	100	0.984901677	1.7
CLOUD112	CLOUD213	96.94297546	45.94459407	82.56464943	0.98347513	99.3
CLOUD190	CLOUD165	17.11103228	100	100	1	58.6
CLOUD203	CLOUD213	24.35133625	45.94459407	69.63283161	0.591078077	98.6
CLOUD114	CLOUD166	84.27757776	39.13122131	41.64408576	0.904299536	3.5
CLOUD114	CLOUD165	84.27757776	100	100	1	3.3
CLOUD103	CLOUD213	85.39038766	45.94459407	100	0.921027147	90.6
CLOUD083	CLOUD120	26.61512503	35.48998063	0	0.526594029	98.9
CLOUD083	CLOUD122	26.61512503	58.96658998	60.93082005	0.698876834	97
CLOUD250	CLOUD102	2.964857381	11.69030422	21.13824684	0.143085608	64.9
CLOUD215	CLOUD059	17.3356167	1.662962311	52.596552	0.187102942	98.3
CLOUD164	CLOUD207	36.73976992	0	55.37844652	0.367397699	97.8
CLOUD164	CLOUD203	36.73976992	24.35133625	84.18875988	0.521444813	97
CLOUD215	CLOUD053	17.3356167	99.99187369	100	0.999932824	1.9
CLOUD104	CLOUD222	98.44403556	0	100	0.984440356	4.8
CLOUD104	CLOUD229	98.44403556	0.294050343	100	0.984486109	1.8
CLOUD222	CLOUD234	0	26.35059193	100	0.263505919	92.4
CLOUD025	CLOUD199	2.150875492	100	100	1	96.9
CLOUD025	CLOUD190	2.150875492	17.11103228	37.60801138	0.188938708	99.1
CLOUD025	CLOUD193	2.150875492	96.73717693	98.42539747	0.968073562	97.1
CLOUD213	CLOUD243	45.94459407	84.97484141	100	0.918780895	98.3
CLOUD071	CLOUD213	11.44575694	45.94459407	77.50955626	0.521316444	99.4
CLOUD071	CLOUD215	11.44575694	17.3356167	68.57804807	0.267971811	98.3
CLOUD103	CLOUD199	85.39038766	100	100	1	87.5
CLOUD213	CLOUD164	45.94459407	36.73976992	74.33858268	0.658044258	97.8
CLOUD264	CLOUD199	36.36300704	100	100	1	96.8
CLOUD264	CLOUD196	36.36300704	71.74865513	84.09704843	0.820216937	59.6
CLOUD264	CLOUD190	36.36300704	17.11103228	100	0.472519534	99.3
CLOUD264	CLOUD229	36.36300704	0.294050343	57.75928705	0.365501318	99.3
CLOUD103	CLOUD025	85.39038766	2.150875492	100	0.857046222	90.8
CLOUD071	CLOUD229	11.44575694	0.294050343	16.22162668	0.11706151	99.3
CLOUD104	CLOUD057	98.44403556	100	95.92563474	1	1.9
CLOUD165	CLOUD104	100	98.44403556	100	1	2.3
CLOUD115	CLOUD190	99.78243983	17.11103228	100	0.998196666	95.6
CLOUD115	CLOUD193	99.78243983	96.73717693	100	0.999929014	82.9
CLOUD115	CLOUD196	99.78243983	71.74865513	100	0.999385363	59.6
CLOUD057	CLOUD250	100	2.964857381	100	1	4.7
CLOUD180	CLOUD215	94.77996018	17.3356167	99.05634201	0.956848863	98.3
CLOUD059	CLOUD088	1.662962311	0	10.05597895	0.016629623	98
CLOUD173	CLOUD180	26.96680805	94.77996018	100	0.961876383	97.3
CLOUD171	CLOUD256	0.32239215	0	0	0.003223921	97.7
CLOUD232	CLOUD203	50.0790699	24.35133625	0.503969952	0.622354834	95
CLOUD057	CLOUD112	100	96.94297546	100	1	4
CLOUD057	CLOUD115	100	99.78243983	100	1	4.6
CLOUD057	CLOUD114	100	84.27757776	100	1	2.9
CLOUD057	CLOUD117	100	99.94879672	100	1	2.4
CLOUD122	CLOUD088	58.96658998	0	63.8387678	0.5896659	97
CLOUD199	CLOUD229	100	0.294050343	100	1	96.9
CLOUD049	CLOUD143	0.017271008	89.25430294	100	0.892561588	3.3
CLOUD199	CLOUD222	100	0	100	1	91.2
CLOUD234	CLOUD171	26.35059193	0.32239215	53.81484286	0.265880318	97.7
CLOUD180	CLOUD059	94.77996018	1.662962311	99.6841965	0.948667675	99.5
CLOUD166	CLOUD164	39.13122131	36.73976992	40.57936087	0.614942706	97.9
CLOUD166	CLOUD169	39.13122131	52.14382245	100	0.708705292	98.1
CLOUD193	CLOUD199	96.73717693	100	100	1	95.1
CLOUD193	CLOUD196	96.73717693	71.74865513	100	0.990782086	59.6
CLOUD229	CLOUD173	0.294050343	26.96680805	0	0.271815624	97.3
CLOUD089	CLOUD143	80.21460332	89.25430294	100	0.978739212	13.9
CLOUD025	CLOUD031	2.150875492	36.39400064	32.22055115	0.377620865	98.5
CLOUD025	CLOUD114	2.150875492	84.27757776	91.97742717	0.846157475	3.5
CLOUD025	CLOUD117	2.150875492	99.94879672	100	0.99949898	2.9
CLOUD250	CLOUD203	2.964857381	24.35133625	41.88725996	0.265942112	97.8
CLOUD264	CLOUD113	36.36300704	0.202713617	0.820377279	0.364920079	89.8
CLOUD053	CLOUD104	99.99187369	98.44403556	100	0.999998736	1.8
CLOUD114	CLOUD203	84.27757776	24.35133625	100	0.881061977	4
CLOUD169	CLOUD222	52.14382245	0	59.86866959	0.521438225	92.1
CLOUD169	CLOUD229	52.14382245	0.294050343	3.23612518	0.522845437	99
CLOUD049	CLOUD190	0.017271008	17.11103228	42.42175755	0.17125348	99.3
CLOUD049	CLOUD199	0.017271008	100	100	1	96.8
CLOUD031	CLOUD102	36.39400064	11.69030422	34.28779202	0.438297355	64.4
CLOUD031	CLOUD103	36.39400064	85.39038766	100	0.907074101	79.7
CLOUD179	CLOUD213	98.65510327	45.94459407	92.66637285	0.992730106	98.9
CLOUD179	CLOUD215	98.65510327	17.3356167	100	0.988882494	98.3
CLOUD259	CLOUD193	96.22080761	96.73717693	98.72898729	0.998766916	91
CLOUD259	CLOUD229	96.22080761	0.294050343	97.85021102	0.962319203	97.9
CLOUD059	CLOUD243	1.662962311	84.97484141	97.00887803	0.852247041	98.3
CLOUD164	CLOUD120	36.73976992	35.48998063	31.24708618	0.591908133	97
CLOUD122	CLOUD209	58.96658998	99.87921859	100	0.999504393	2.4
CLOUD122	CLOUD203	58.96658998	24.35133625	34.89728367	0.689587736	97
CLOUD122	CLOUD207	58.96658998	0	48.04360608	0.5896659	97
CLOUD215	CLOUD264	17.3356167	36.36300704	20.32161565	0.473948722	98.3
CLOUD222	CLOUD088	0	0	0	0	90.1
CLOUD120	CLOUD256	35.48998063	0	0	0.354899806	98.8
CLOUD120	CLOUD259	35.48998063	96.22080761	100	0.975620423	96.7
CLOUD165	CLOUD180	100	94.77996018	100	1	58.6
CLOUD165	CLOUD184	100	0	100	1	43.2
CLOUD115	CLOUD112	99.78243983	96.94297546	100	0.999933491	92.6
CLOUD120	CLOUD203	35.48998063	24.35133625	14.6427397	0.511990324	98
CLOUD088	CLOUD179	0	98.65510327	100	0.986551033	98
CLOUD088	CLOUD171	0	0.32239215	0	0.003223921	97.7
CLOUD173	CLOUD103	26.96680805	85.39038766	0	0.893301338	90.3
CLOUD057	CLOUD190	100	17.11103228	100	1	4.9
CLOUD057	CLOUD193	100	96.73717693	98.22847234	1	4.3
CLOUD083	CLOUD232	26.61512503	50.0790699	98.19662595	0.633655879	95
CLOUD166	CLOUD250	39.13122131	2.964857381	0	0.409358938	98.1
CLOUD222	CLOUD122	0	58.96658998	56.89968035	0.5896659	92.3
CLOUD165	CLOUD229	100	0.294050343	96.19486071	1	58.6
CLOUD165	CLOUD222	100	0	100	1	49.9
CLOUD143	CLOUD215	89.25430294	17.3356167	36.21251474	0.911171358	4.7
CLOUD128	CLOUD102	10.62896364	11.69030422	30.37518713	0.210767097	63.8
CLOUD193	CLOUD117	96.73717693	99.94879672	100	0.999983293	2.4
CLOUD024	CLOUD232	98.72289447	50.0790699	100	0.99362457	1
CLOUD256	CLOUD180	0	94.77996018	100	0.947799602	99.6
CLOUD173	CLOUD071	26.96680805	11.44575694	41.75577824	0.353260097	97.3
CLOUD120	CLOUD025	35.48998063	2.150875492	95.4497693	0.368775108	98.9
CLOUD117	CLOUD143	99.94879672	89.25430294	100	0.999944979	2.4
CLOUD071	CLOUD169	11.44575694	52.14382245	91.11097288	0.576213242	99
CLOUD071	CLOUD164	11.44575694	36.73976992	10.79497492	0.439803821	97.5
CLOUD071	CLOUD165	11.44575694	100	33.02247438	1	51.8
CLOUD071	CLOUD166	11.44575694	39.13122131	0	0.460981138	98.1
CLOUD193	CLOUD256	96.73717693	0	100	0.967371769	95.7
CLOUD113	CLOUD071	0.202713617	11.44575694	0	0.116252685	88.1
CLOUD120	CLOUD232	35.48998063	50.0790699	100	0.677959983	95
CLOUD229	CLOUD234	0.294050343	26.35059193	0	0.265671583	98.5
CLOUD053	CLOUD180	99.99187369	94.77996018	100	0.999995758	1.9
CLOUD053	CLOUD188	99.99187369	1.596485175	100	0.999920034	1.9
CLOUD104	CLOUD122	98.44403556	58.96658998	98.6631736	0.993615347	1.7
CLOUD104	CLOUD120	98.44403556	35.48998063	100	0.98996247	1.8
CLOUD104	CLOUD129	98.44403556	100	100	1	1.7
CLOUD112	CLOUD102	96.94297546	11.69030422	100	0.973003509	62.6
CLOUD184	CLOUD264	0	36.36300704	36.47617677	0.36363007	90.3
CLOUD114	CLOUD120	84.27757776	35.48998063	92.84407114	0.898574624	3.5
CLOUD129	CLOUD166	100	39.13122131	99.70854096	1	96.1
CLOUD129	CLOUD164	100	36.73976992	100	1	95.3
CLOUD129	CLOUD165	100	100	100	1	53.9
CLOUD129	CLOUD169	100	52.14382245	96.70397849	1	96
CLOUD049	CLOUD117	0.017271008	99.94879672	100	0.999488056	2.5
CLOUD031	CLOUD184	36.39400064	0	6.328984916	0.363940006	84.2
CLOUD102	CLOUD059	11.69030422	1.662962311	33.64739618	0.131588612	68.9
CLOUD031	CLOUD188	36.39400064	1.596485175	39.03847863	0.37409461	98.6
CLOUD190	CLOUD259	17.11103228	96.22080761	99.95837037	0.968674664	97.9
CLOUD179	CLOUD059	98.65510327	1.662962311	100	0.986774684	98.9
CLOUD179	CLOUD057	98.65510327	100	100	1	4.9
CLOUD188	CLOUD122	1.596485175	58.96658998	43.3042584	0.596216823	97
CLOUD188	CLOUD129	1.596485175	100	89.93589435	1	96.1
CLOUD143	CLOUD188	89.25430294	1.596485175	100	0.894258564	4.7
CLOUD143	CLOUD180	89.25430294	94.77996018	100	0.994390703	4.7
CLOUD143	CLOUD184	89.25430294	0	0	0.892543029	12.2
CLOUD113	CLOUD207	0.202713617	0	83.97324017	0.002027136	91.2
CLOUD213	CLOUD250	45.94459407	2.964857381	53.1206923	0.475472598	99.3
CLOUD213	CLOUD259	45.94459407	96.22080761	98.60480183	0.979571422	97.8
CLOUD103	CLOUD184	85.39038766	0	100	0.853903877	66.5
CLOUD207	CLOUD173	0	26.96680805	0	0.26966808	97.3
CLOUD164	CLOUD049	36.73976992	0.017271008	51.56320101	0.367506956	97.3
CLOUD120	CLOUD193	35.48998063	96.73717693	100	0.978951522	94.8
CLOUD120	CLOUD196	35.48998063	71.74865513	58.13145599	0.81775052	59.6
CLOUD025	CLOUD207	2.150875492	0	0	0.021508755	99.1
CLOUD025	CLOUD203	2.150875492	24.35133625	50.14218923	0.259784448	98.6
CLOUD025	CLOUD209	2.150875492	99.87921859	100	0.998818164	2.4
CLOUD169	CLOUD184	52.14382245	0	100	0.521438225	91.4
CLOUD169	CLOUD180	52.14382245	94.77996018	98.22847234	0.975018885	99
CLOUD169	CLOUD188	52.14382245	1.596485175	92.55880941	0.529078392	98.9
CLOUD128	CLOUD180	10.62896364	94.77996018	96.63819855	0.953347963	93.6
CLOUD256	CLOUD102	0	11.69030422	14.89008041	0.116903042	65.3
CLOUD112	CLOUD264	96.94297546	36.36300704	100	0.980546015	99.3
CLOUD264	CLOUD025	36.36300704	2.150875492	35.02770417	0.377317595	99.1
CLOUD059	CLOUD122	1.662962311	58.96658998	53.12915456	0.596489601	97
CLOUD190	CLOUD193	17.11103228	96.73717693	100	0.972954796	97.3
CLOUD190	CLOUD199	17.11103228	100	100	1	96.9
CLOUD114	CLOUD115	84.27757776	99.78243983	100	0.999657943	3.4
CLOUD117	CLOUD234	99.94879672	26.35059193	97.42686311	0.999622891	2.9
CLOUD103	CLOUD222	85.39038766	0	100	0.853903877	74.7
CLOUD188	CLOUD165	1.596485175	100	100	1	58.6
CLOUD083	CLOUD179	26.61512503	98.65510327	100	0.990130492	98.9
CLOUD083	CLOUD173	26.61512503	26.96680805	100	0.464046834	97.3
CLOUD083	CLOUD171	26.61512503	0.32239215	1.803658006	0.268517121	97.7
CLOUD164	CLOUD234	36.73976992	26.35059193	70.37194374	0.53409215	97.7
CLOUD164	CLOUD232	36.73976992	50.0790699	70.95948642	0.684199048	95
CLOUD104	CLOUD213	98.44403556	45.94459407	100	0.991589171	1.8
CLOUD232	CLOUD190	50.0790699	17.11103228	100	0.586210564	95
CLOUD256	CLOUD129	0	100	100	1	95.8
CLOUD213	CLOUD190	45.94459407	17.11103228	87.90434061	0.55194032	99.3
CLOUD213	CLOUD196	45.94459407	71.74865513	71.83517417	0.847286209	59.6
CLOUD115	CLOUD207	99.78243983	0	100	0.997824398	95.2
CLOUD115	CLOUD209	99.78243983	99.87921859	100	0.999997372	2.4
CLOUD171	CLOUD213	0.32239215	45.94459407	69.77121967	0.461188645	97.7
CLOUD173	CLOUD196	26.96680805	71.74865513	73.61268403	0.793671411	59.6
CLOUD049	CLOUD256	0.017271008	0	24.14270257	0.00017271	99.8
CLOUD049	CLOUD250	0.017271008	2.964857381	11.85618313	0.029816163	98.9
CLOUD128	CLOUD264	10.62896364	36.36300704	42.0170066	0.431269599	92.5
CLOUD188	CLOUD215	1.596485175	17.3356167	72.25764166	0.186553413	98.3
CLOUD188	CLOUD213	1.596485175	45.94459407	64.00914171	0.468075806	98.9
CLOUD049	CLOUD128	0.017271008	10.62896364	9.785337947	0.106443989	90.9
CLOUD122	CLOUD103	58.96658998	85.39038766	100	0.940051779	90
CLOUD122	CLOUD102	58.96658998	11.69030422	76.02305923	0.637635204	68.2
CLOUD234	CLOUD264	26.35059193	36.36300704	52.12535799	0.531317314	98.5
CLOUD180	CLOUD122	94.77996018	58.96658998	100	0.978580397	97
CLOUD207	CLOUD129	0	100	82.78353902	1	96.1
CLOUD207	CLOUD128	0	10.62896364	0	0.106289636	93.3
CLOUD129	CLOUD209	100	99.87921859	100	1	2.4
CLOUD129	CLOUD203	100	24.35133625	100	1	95.7
CLOUD024	CLOUD122	98.72289447	58.96658998	100	0.994759601	1
CLOUD024	CLOUD129	98.72289447	100	100	1	1
CLOUD057	CLOUD229	100	0.294050343	100	1	4.9
CLOUD057	CLOUD222	100	0	100	1	4.9
CLOUD180	CLOUD243	94.77996018	84.97484141	100	0.992156807	98.3
CLOUD088	CLOUD250	0	2.964857381	0	0.029648574	98
CLOUD083	CLOUD071	26.61512503	11.44575694	0	0.350145795	99
CLOUD117	CLOUD102	99.94879672	11.69030422	64.45628481	0.999547825	31.3
CLOUD249	CLOUD083	0	26.61512503	0	0.26615125	98.7
CLOUD169	CLOUD104	52.14382245	98.44403556	100	0.992553749	2.2
CLOUD169	CLOUD102	52.14382245	11.69030422	32.29162016	0.577383552	68.5
CLOUD196	CLOUD059	71.74865513	1.662962311	57.53494533	0.722184644	59.6
CLOUD190	CLOUD113	17.11103228	0.202713617	60.13515499	0.172790595	91.9
CLOUD190	CLOUD114	17.11103228	84.27757776	100	0.869678465	3.5
CLOUD180	CLOUD088	94.77996018	0	99.55612508	0.947799602	98
CLOUD180	CLOUD089	94.77996018	80.21460332	100	0.989671944	22.5
CLOUD207	CLOUD088	0	0	0	0	98
CLOUD129	CLOUD102	100	11.69030422	100	1	66.1
CLOUD114	CLOUD193	84.27757776	96.73717693	100	0.994870052	3.3
CLOUD184	CLOUD196	0	71.74865513	47.25429705	0.717486551	59.6
CLOUD184	CLOUD199	0	100	100	1	89.9
CLOUD102	CLOUD164	11.69030422	36.73976992	64.57339754	0.441350833	68.6
CLOUD102	CLOUD166	11.69030422	39.13122131	22.58550842	0.462469667	69
CLOUD089	CLOUD199	80.21460332	100	100	1	22.3
CLOUD053	CLOUD232	99.99187369	50.0790699	89.81435379	0.999959433	1.9
CLOUD222	CLOUD249	0	0	0	0	92.7
CLOUD196	CLOUD232	71.74865513	50.0790699	87.21743919	0.858966659	59.6
CLOUD025	CLOUD128	2.150875492	10.62896364	3.795325122	0.125512234	93.5
CLOUD025	CLOUD122	2.150875492	58.96658998	70.35880416	0.598491675	97
CLOUD232	CLOUD115	50.0790699	99.78243983	99.00782555	0.998913919	93.9
CLOUD071	CLOUD264	11.44575694	36.36300704	100	0.436467426	99.4
CLOUD129	CLOUD193	100	96.73717693	100	1	92.3
CLOUD213	CLOUD117	45.94459407	99.94879672	99.35313531	0.999723219	2.9
CLOUD203	CLOUD188	24.35133625	1.596485175	0	0.25559056	98.6
CLOUD031	CLOUD234	36.39400064	26.35059193	16.7546229	0.53154558	97.9
CLOUD264	CLOUD143	36.36300704	89.25430294	86.05744687	0.931617615	56.9
CLOUD053	CLOUD179	99.99187369	98.65510327	100	0.999998907	1.9
CLOUD088	CLOUD049	0	0.017271008	1.822527637	0.00017271	98
CLOUD129	CLOUD190	100	17.11103228	100	1	96.1
CLOUD129	CLOUD199	100	100	100	1	95.7
CLOUD031	CLOUD173	36.39400064	26.96680805	74.76163504	0.535465084	97.2
CLOUD031	CLOUD179	36.39400064	98.65510327	100	0.99144565	98.4
CLOUD059	CLOUD213	1.662962311	45.94459407	69.98638715	0.468435151	99.5
CLOUD243	CLOUD222	84.97484141	0	100	0.849748414	91.1
CLOUD179	CLOUD089	98.65510327	80.21460332	100	0.997339068	22.4
CLOUD115	CLOUD129	99.78243983	100	100	1	91.2
CLOUD115	CLOUD128	99.78243983	10.62896364	91.47472483	0.998055642	84.5
CLOUD115	CLOUD122	99.78243983	58.96658998	68.41124812	0.999107276	95.2
CLOUD256	CLOUD213	0	45.94459407	42.3138949	0.459445941	99.8
CLOUD059	CLOUD053	1.662962311	99.99187369	100	0.999920088	1.9
CLOUD207	CLOUD243	0	84.97484141	31.75010697	0.849748414	98.3
CLOUD113	CLOUD103	0.202713617	85.39038766	100	0.854200033	66.1
CLOUD113	CLOUD102	0.202713617	11.69030422	0	0.1186932	57.9
CLOUD199	CLOUD259	100	96.22080761	98.51661675	1	96.4
CLOUD234	CLOUD104	26.35059193	98.44403556	100	0.988540414	1.8
CLOUD166	CLOUD209	39.13122131	99.87921859	100	0.999264818	2.4
CLOUD166	CLOUD207	39.13122131	0	0	0.391312213	98.1
CLOUD243	CLOUD057	84.97484141	100	100	1	4.9
CLOUD143	CLOUD229	89.25430294	0.294050343	0	0.892859007	4.7
CLOUD193	CLOUD169	96.73717693	52.14382245	100	0.984385376	96.6
CLOUD193	CLOUD165	96.73717693	100	92.69391394	1	40.6
CLOUD193	CLOUD164	96.73717693	36.73976992	100	0.979359306	94
CLOUD112	CLOUD184	96.94297546	0	100	0.969429755	87.1
CLOUD112	CLOUD188	96.94297546	1.596485175	98.6712745	0.969917804	98.9
CLOUD024	CLOUD243	98.72289447	84.97484141	100	0.998081129	1
CLOUD089	CLOUD112	80.21460332	96.94297546	92.44210523	0.993951556	20.8
CLOUD143	CLOUD249	89.25430294	0	0	0.892543029	56
CLOUD196	CLOUD102	71.74865513	11.69030422	23.05424809	0.750513233	59.5
CLOUD117	CLOUD114	99.94879672	84.27757776	100	0.999919496	2.7
CLOUD117	CLOUD115	99.94879672	99.78243983	100	0.999998886	2.5
CLOUD089	CLOUD256	80.21460332	0	55.94625212	0.802146033	21.8
CLOUD089	CLOUD259	80.21460332	96.22080761	100	0.992522718	22
CLOUD199	CLOUD196	100	71.74865513	86.37046069	1	59.6
CLOUD232	CLOUD250	50.0790699	2.964857381	0	0.515591543	94.9
CLOUD229	CLOUD103	0.294050343	85.39038766	100	0.854333473	91.1
CLOUD129	CLOUD117	100	99.94879672	100	1	2.8
CLOUD129	CLOUD114	100	84.27757776	93.0236623	1	3.5
CLOUD129	CLOUD113	100	0.202713617	97.96014836	1	86.9
CLOUD250	CLOUD053	2.964857381	99.99187369	100	0.999921146	1.9
CLOUD250	CLOUD059	2.964857381	1.662962311	0	0.045785152	99.4
CLOUD164	CLOUD173	36.73976992	26.96680805	68.73560041	0.537990347	97.2
CLOUD164	CLOUD171	36.73976992	0.32239215	68.03393262	0.369437159	97.7
CLOUD215	CLOUD103	17.3356167	85.39038766	35.86973219	0.879230541	90.6
CLOUD215	CLOUD104	17.3356167	98.44403556	95.01065089	0.987137716	1.8
CLOUD025	CLOUD049	2.150875492	0.017271008	0	0.02167775	99.1
CLOUD083	CLOUD128	26.61512503	10.62896364	12.03658342	0.344151767	92.9
CLOUD120	CLOUD209	35.48998063	99.87921859	100	0.999220839	2.4
CLOUD234	CLOUD173	26.35059193	26.96680805	53.96274946	0.462114864	97.3
CLOUD188	CLOUD179	1.596485175	98.65510327	96.45904949	0.986765743	98.9
CLOUD088	CLOUD129	0	100	100	1	95.7
CLOUD088	CLOUD120	0	35.48998063	0	0.354899806	98
CLOUD115	CLOUD120	99.78243983	35.48998063	100	0.998596519	93.1
CLOUD113	CLOUD184	0.202713617	0	93.05201548	0.002027136	73.1
CLOUD113	CLOUD180	0.202713617	94.77996018	100	0.947905419	91.9
CLOUD083	CLOUD264	26.61512503	36.36300704	33.67178391	0.533000723	99
CLOUD180	CLOUD188	94.77996018	1.596485175	100	0.948632973	98.9
CLOUD143	CLOUD112	89.25430294	96.94297546	98.82447542	0.996715014	3
CLOUD025	CLOUD234	2.150875492	26.35059193	0	0.27934699	98.5
CLOUD115	CLOUD049	99.78243983	0.017271008	100	0.997824774	92.5
CLOUD059	CLOUD057	1.662962311	100	100	1	4.9
CLOUD173	CLOUD059	26.96680805	1.662962311	53.94774966	0.281813225	97.3
CLOUD117	CLOUD190	99.94879672	17.11103228	99.75130214	0.999575581	2.9
CLOUD117	CLOUD196	99.94879672	71.74865513	100	0.999855344	59.2
CLOUD184	CLOUD259	0	96.22080761	100	0.962208076	85.1
CLOUD184	CLOUD256	0	0	0	0	89.1
CLOUD083	CLOUD180	26.61512503	94.77996018	96.75829101	0.961692803	99
CLOUD199	CLOUD115	100	99.78243983	97.36538632	1	93.6
CLOUD199	CLOUD117	100	99.94879672	98.23865181	1	17.3
CLOUD104	CLOUD171	98.44403556	0.32239215	100	0.984490519	8
CLOUD104	CLOUD173	98.44403556	26.96680805	100	0.988636295	4.4
CLOUD104	CLOUD179	98.44403556	98.65510327	100	0.999790739	1.8
CLOUD128	CLOUD059	10.62896364	1.662962311	10.94782119	0.121151703	93.5
CLOUD049	CLOUD166	0.017271008	39.13122131	77.32974935	0.39141734	98.1
CLOUD049	CLOUD165	0.017271008	100	100	1	46.8
CLOUD203	CLOUD229	24.35133625	0.294050343	90.14043543	0.245737814	98.6
CLOUD193	CLOUD049	96.73717693	0.017271008	98.69504408	0.967377405	94.7
CLOUD024	CLOUD059	98.72289447	1.662962311	94.64736353	0.987441323	1
CLOUD171	CLOUD173	0.32239215	26.96680805	57.99570812	0.272022613	97.3
CLOUD171	CLOUD179	0.32239215	98.65510327	100	0.986594391	97.7
CLOUD209	CLOUD059	99.87921859	1.662962311	100	0.998812271	2.4
CLOUD179	CLOUD166	98.65510327	39.13122131	96.43347841	0.991813778	98.1
CLOUD173	CLOUD243	26.96680805	84.97484141	100	0.890266471	97.3
CLOUD049	CLOUD203	0.017271008	24.35133625	87.34541678	0.243644015	98.4
CLOUD188	CLOUD243	1.596485175	84.97484141	100	0.852147158	98.3
CLOUD234	CLOUD215	26.35059193	17.3356167	0	0.39118171	98.3
CLOUD180	CLOUD179	94.77996018	98.65510327	94.7047686	0.999297959	98.9
CLOUD209	CLOUD213	99.87921859	45.94459407	100	0.999347111	2.4
CLOUD243	CLOUD128	84.97484141	10.62896364	100	0.865718601	92
CLOUD129	CLOUD259	100	96.22080761	100	1	94.6
CLOUD264	CLOUD193	36.36300704	96.73717693	100	0.979236375	96.3
CLOUD112	CLOUD234	96.94297546	26.35059193	100	0.977485195	98.5
CLOUD190	CLOUD143	17.11103228	89.25430294	90.13651984	0.910930026	4.7
CLOUD115	CLOUD025	99.78243983	2.150875492	95.19938512	0.997871193	95.4
CLOUD120	CLOUD103	35.48998063	85.39038766	100	0.905753363	86.5
CLOUD166	CLOUD104	39.13122131	98.44403556	100	0.990529034	1.8
CLOUD114	CLOUD143	84.27757776	89.25430294	100	0.983105161	2.7
CLOUD117	CLOUD264	99.94879672	36.36300704	90.99985737	0.999674158	56.9
CLOUD193	CLOUD071	96.73717693	11.44575694	100	0.971106317	95.5
CLOUD112	CLOUD171	96.94297546	0.32239215	100	0.969528311	97.7
CLOUD112	CLOUD179	96.94297546	98.65510327	100	0.999588862	98.9
CLOUD031	CLOUD049	36.39400064	0.017271008	54.87421934	0.36404986	97.4
CLOUD083	CLOUD102	26.61512503	11.69030422	64.07793385	0.351940402	67.2
CLOUD250	CLOUD129	2.964857381	100	100	1	95.2
CLOUD250	CLOUD128	2.964857381	10.62896364	0	0.132786874	90.3
CLOUD229	CLOUD196	0.294050343	71.74865513	83.21143134	0.718317283	59.6
CLOUD104	CLOUD243	98.44403556	84.97484141	100	0.997662139	1.8
CLOUD196	CLOUD203	71.74865513	24.35133625	99.63655244	0.786282351	59.6
CLOUD222	CLOUD215	0	17.3356167	10.31271786	0.173356167	92.5
CLOUD196	CLOUD207	71.74865513	0	34.46197134	0.717486551	59.6
CLOUD188	CLOUD083	1.596485175	26.61512503	97.78361441	0.277867037	98.9
CLOUD071	CLOUD180	11.44575694	94.77996018	100	0.953774332	99.4
CLOUD071	CLOUD188	11.44575694	1.596485175	19.42415804	0.128595123	98.9
CLOUD071	CLOUD232	11.44575694	50.0790699	0	0.557928982	95
CLOUD071	CLOUD234	11.44575694	26.35059193	28.40801156	0.347803242	98.5
CLOUD179	CLOUD203	98.65510327	24.35133625	100	0.989826036	98.6
CLOUD171	CLOUD243	0.32239215	84.97484141	0	0.850232813	97.7
CLOUD171	CLOUD249	0.32239215	0	6.928199543	0.003223921	97.7
CLOUD173	CLOUD143	26.96680805	89.25430294	100	0.921520744	4.7
CLOUD059	CLOUD222	1.662962311	0	0	0.016629623	92.5
CLOUD128	CLOUD213	10.62896364	45.94459407	48.63465182	0.516901235	93.4
CLOUD128	CLOUD215	10.62896364	17.3356167	0	0.261219839	93.4
CLOUD164	CLOUD184	36.73976992	0	65.03267386	0.367397699	89.6
CLOUD164	CLOUD180	36.73976992	94.77996018	100	0.966977908	97.9
CLOUD164	CLOUD188	36.73976992	1.596485175	57.81220124	0.377497101	97.9
CLOUD169	CLOUD053	52.14382245	99.99187369	100	0.999961111	2.2
CLOUD165	CLOUD169	100	52.14382245	100	1	57.5
CLOUD165	CLOUD166	100	39.13122131	100	1	58.3
CLOUD171	CLOUD031	0.32239215	36.39400064	36.82416909	0.365990614	97.7
CLOUD180	CLOUD232	94.77996018	50.0790699	100	0.973941076	95
CLOUD180	CLOUD234	94.77996018	26.35059193	96.12743998	0.961554716	98.5
CLOUD088	CLOUD196	0	71.74865513	66.00106239	0.717486551	59.6
CLOUD088	CLOUD190	0	17.11103228	56.92926158	0.171110323	98
CLOUD088	CLOUD193	0	96.73717693	100	0.967371769	95
CLOUD088	CLOUD229	0	0.294050343	16.24465636	0.002940503	98
CLOUD122	CLOUD232	58.96658998	50.0790699	40.01866585	0.795157401	95
CLOUD103	CLOUD165	85.39038766	100	89.18822303	1	35.5
CLOUD103	CLOUD169	85.39038766	52.14382245	100	0.93008398	89.6
CLOUD059	CLOUD143	1.662962311	89.25430294	100	0.894329998	4.7
CLOUD249	CLOUD264	0	36.36300704	0	0.36363007	98.7
CLOUD232	CLOUD049	50.0790699	0.017271008	1.585863163	0.500876917	95
CLOUD199	CLOUD203	100	24.35133625	100	1	96.8
CLOUD180	CLOUD031	94.77996018	36.39400064	100	0.966797415	98.6
CLOUD166	CLOUD180	39.13122131	94.77996018	100	0.968226255	98.1
CLOUD229	CLOUD115	0.294050343	99.78243983	100	0.997830796	95.6
CLOUD229	CLOUD113	0.294050343	0.202713617	90.72614597	0.004961679	91.9
CLOUD089	CLOUD165	80.21460332	100	93.80980454	1	19.2
CLOUD025	CLOUD173	2.150875492	26.96680805	33.00167547	0.285376611	97.3
CLOUD025	CLOUD179	2.150875492	98.65510327	100	0.986840303	98.9
CLOUD232	CLOUD169	50.0790699	52.14382245	100	0.761097511	95
CLOUD232	CLOUD166	50.0790699	39.13122131	0	0.696137395	95
CLOUD071	CLOUD102	11.44575694	11.69030422	29.19665844	0.217980174	64.8
CLOUD229	CLOUD250	0.294050343	2.964857381	0	0.032501896	99.3
CLOUD229	CLOUD256	0.294050343	0	0	0.002940503	99.3
CLOUD053	CLOUD129	99.99187369	100	100	1	1.9
CLOUD166	CLOUD024	39.13122131	98.72289447	100	0.992226415	1
CLOUD169	CLOUD207	52.14382245	0	0	0.521438225	99
CLOUD169	CLOUD203	52.14382245	24.35133625	96.0715638	0.637974412	98.4
CLOUD179	CLOUD234	98.65510327	26.35059193	79.52473811	0.990094915	98.5
CLOUD031	CLOUD122	36.39400064	58.96658998	84.86723723	0.739002895	97
CLOUD031	CLOUD128	36.39400064	10.62896364	37.96362938	0.431546592	88.6
CLOUD031	CLOUD129	36.39400064	100	100	1	94.4
CLOUD089	CLOUD117	80.21460332	99.94879672	91.34939659	0.999898692	13.9
CLOUD089	CLOUD113	80.21460332	0.202713617	49.26194815	0.80254711	21.5
CLOUD190	CLOUD234	17.11103228	26.35059193	0	0.389527659	98.5
CLOUD143	CLOUD256	89.25430294	0	100	0.892543029	19.5
CLOUD122	CLOUD229	58.96658998	0.294050343	55.24776906	0.590872489	97
CLOUD120	CLOUD234	35.48998063	26.35059193	0	0.524887526	98.4
CLOUD165	CLOUD102	100	11.69030422	100	1	42
CLOUD115	CLOUD171	99.78243983	0.32239215	100	0.997831412	95.4
CLOUD115	CLOUD179	99.78243983	98.65510327	76.52235188	0.99997074	95.3
CLOUD120	CLOUD188	35.48998063	1.596485175	0	0.365198735	98.9
CLOUD243	CLOUD184	84.97484141	0	100	0.849748414	89.8
CLOUD259	CLOUD164	96.22080761	36.73976992	100	0.976092742	95.8
CLOUD088	CLOUD115	0	99.78243983	80.68622715	0.997824398	92.9
CLOUD088	CLOUD112	0	96.94297546	100	0.969429755	98
CLOUD173	CLOUD165	26.96680805	100	100	1	58.1
CLOUD213	CLOUD234	45.94459407	26.35059193	82.78989615	0.601885135	98.5
CLOUD059	CLOUD171	1.662962311	0.32239215	0.653578257	0.019799932	97.7
CLOUD083	CLOUD213	26.61512503	45.94459407	79.94265366	0.603315079	99
CLOUD122	CLOUD053	58.96658998	99.99187369	100	0.999966655	1.9
CLOUD222	CLOUD102	0	11.69030422	44.32644199	0.116903042	62.6
CLOUD165	CLOUD203	100	24.35133625	100	1	55.9
CLOUD128	CLOUD165	10.62896364	100	98.35048501	1	52.3
CLOUD128	CLOUD164	10.62896364	36.73976992	61.43445032	0.434636768	91.7
CLOUD088	CLOUD165	0	100	100	1	57.2
CLOUD184	CLOUD166	0	39.13122131	0	0.391312213	92.2
CLOUD256	CLOUD169	0	52.14382245	94.05077974	0.521438225	99
CLOUD024	CLOUD213	98.72289447	45.94459407	96.52744439	0.993096554	1
CLOUD256	CLOUD165	0	100	100	1	51.6
CLOUD059	CLOUD184	1.662962311	0	15.28231678	0.016629623	92.1
CLOUD059	CLOUD188	1.662962311	1.596485175	0	0.032328985	98.9
CLOUD173	CLOUD088	26.96680805	0	26.78231829	0.26966808	97.3
CLOUD117	CLOUD166	99.94879672	39.13122131	100	0.999688332	2.8
CLOUD117	CLOUD164	99.94879672	36.73976992	83.26807731	0.999676087	43.4
CLOUD113	CLOUD057	0.202713617	100	100	1	14.7
CLOUD089	CLOUD203	80.21460332	24.35133625	78.36052034	0.850326118	22.3
CLOUD059	CLOUD089	1.662962311	80.21460332	77.7157618	0.80543627	22.4
CLOUD199	CLOUD122	100	58.96658998	100	1	96.9
CLOUD173	CLOUD112	26.96680805	96.94297546	100	0.977673574	97.3
CLOUD173	CLOUD115	26.96680805	99.78243983	100	0.998411089	95.1
CLOUD104	CLOUD143	98.44403556	89.25430294	100	0.998328008	1.9
CLOUD115	CLOUD264	99.78243983	36.36300704	58.18939653	0.998615512	94.3
CLOUD203	CLOUD215	24.35133625	17.3356167	20.78320235	0.374654986	98.2
CLOUD024	CLOUD025	98.72289447	2.150875492	100	0.987503634	1
CLOUD250	CLOUD083	2.964857381	26.61512503	19.93560383	0.287908819	99
CLOUD250	CLOUD089	2.964857381	80.21460332	66.38760533	0.808012121	21.9
CLOUD215	CLOUD171	17.3356167	0.32239215	0	0.176021202	97.7
CLOUD207	CLOUD213	0	45.94459407	36.85178374	0.459445941	99.5
CLOUD089	CLOUD049	80.21460332	0.017271008	65.72972602	0.802180205	21
CLOUD088	CLOUD203	0	24.35133625	0	0.243513362	98
CLOUD173	CLOUD188	26.96680805	1.596485175	37.79610775	0.281327721	97.3
CLOUD169	CLOUD196	52.14382245	71.74865513	87.00016661	0.864799862	59.6
CLOUD190	CLOUD031	17.11103228	36.39400064	40.03716705	0.472776437	98.6
CLOUD129	CLOUD264	100	36.36300704	100	1	95.9
CLOUD083	CLOUD088	26.61512503	0	0	0.26615125	98
CLOUD171	CLOUD264	0.32239215	36.36300704	16.64670659	0.365681677	97.7
CLOUD184	CLOUD203	0	24.35133625	43.30515408	0.243513362	89.5
CLOUD232	CLOUD256	50.0790699	0	9.045585627	0.500790699	95
CLOUD112	CLOUD049	96.94297546	0.017271008	100	0.969435034	99.3
CLOUD053	CLOUD143	99.99187369	89.25430294	91.01556852	0.999991268	1.9
CLOUD049	CLOUD171	0.017271008	0.32239215	18.69529764	0.003396075	97.7
CLOUD102	CLOUD229	11.69030422	0.294050343	16.16525014	0.119499792	69.2
CLOUD196	CLOUD049	71.74865513	0.017271008	73.99401035	0.717535344	59.6
CLOUD222	CLOUD184	0	0	0	0	79.4
CLOUD169	CLOUD164	52.14382245	36.73976992	67.32888002	0.69726072	97.6
CLOUD059	CLOUD104	1.662962311	98.44403556	100	0.984699107	1.8
CLOUD112	CLOUD203	96.94297546	24.35133625	100	0.976874018	98.4
CLOUD112	CLOUD209	96.94297546	99.87921859	98.49566623	0.999963077	2.4
CLOUD190	CLOUD179	17.11103228	98.65510327	96.3825256	0.98885229	98.9
CLOUD190	CLOUD171	17.11103228	0.32239215	68.57804807	0.173782598	97.7
CLOUD190	CLOUD173	17.11103228	26.96680805	67.46878214	0.394635411	97.3
CLOUD222	CLOUD180	0	94.77996018	100	0.947799602	92.7
CLOUD114	CLOUD173	84.27757776	26.96680805	100	0.885174132	4.4
CLOUD117	CLOUD256	99.94879672	0	100	0.999487967	19.5
CLOUD117	CLOUD259	99.94879672	96.22080761	92.90004693	0.999980649	16.4
CLOUD103	CLOUD209	85.39038766	99.87921859	92.3883297	0.999823543	2.4
CLOUD103	CLOUD207	85.39038766	0	0	0.853903877	90
CLOUD103	CLOUD203	85.39038766	24.35133625	0	0.889480235	87.1
CLOUD164	CLOUD215	36.73976992	17.3356167	58.8146135	0.477063209	97.6
CLOUD128	CLOUD184	10.62896364	0	0	0.106289636	80.7
CLOUD104	CLOUD232	98.44403556	50.0790699	99.0339507	0.992232481	1.8
CLOUD171	CLOUD188	0.32239215	1.596485175	32.45204299	0.019137304	97.7
CLOUD234	CLOUD057	26.35059193	100	100	1	4.9
CLOUD234	CLOUD053	26.35059193	99.99187369	100	0.99994015	1.9
CLOUD025	CLOUD184	2.150875492	0	0	0.021508755	92.2
CLOUD025	CLOUD180	2.150875492	94.77996018	100	0.948922367	99.1
CLOUD025	CLOUD188	2.150875492	1.596485175	5.685390187	0.037130223	98.9
CLOUD071	CLOUD203	11.44575694	24.35133625	15.01732572	0.330098984	98.4
CLOUD071	CLOUD207	11.44575694	0	6.315390319	0.114457569	99.4
CLOUD213	CLOUD173	45.94459407	26.96680805	82.06523998	0.605216116	97.3
CLOUD184	CLOUD049	0	0.017271008	35.42100385	0.00017271	87
CLOUD031	CLOUD259	36.39400064	96.22080761	96.15841772	0.975962069	94.3
CLOUD031	CLOUD250	36.39400064	2.964857381	39.18897638	0.382798278	95.8
CLOUD222	CLOUD188	0	1.596485175	5.183854023	0.015964852	92.7
CLOUD264	CLOUD213	36.36300704	45.94459407	80.0992529	0.656007651	99.5
CLOUD171	CLOUD232	0.32239215	50.0790699	89.91101763	0.502400111	95
CLOUD122	CLOUD128	58.96658998	10.62896364	73.89373138	0.633280162	93.3
CLOUD234	CLOUD249	26.35059193	0	100	0.263505919	98.5
CLOUD164	CLOUD179	36.73976992	98.65510327	94.59371965	0.991492152	97.9
CLOUD209	CLOUD243	99.87921859	84.97484141	91.05429166	0.999818524	2.4
CLOUD165	CLOUD117	100	99.94879672	100	1	2.6
CLOUD165	CLOUD112	100	96.94297546	100	1	46
CLOUD243	CLOUD179	84.97484141	98.65510327	100	0.997979271	98.3
CLOUD143	CLOUD166	89.25430294	39.13122131	94.71507151	0.934592254	4.7
CLOUD143	CLOUD164	89.25430294	36.73976992	41.47819063	0.932022473	43.4
CLOUD143	CLOUD165	89.25430294	100	100	1	3.6
CLOUD143	CLOUD169	89.25430294	52.14382245	100	0.948575201	4.7
CLOUD115	CLOUD184	99.78243983	0	100	0.997824398	78.1
CLOUD115	CLOUD180	99.78243983	94.77996018	92.81334968	0.999886433	95.6
CLOUD115	CLOUD188	99.78243983	1.596485175	98.70925282	0.997859131	95.6
CLOUD049	CLOUD071	0.017271008	11.44575694	27.20051181	0.114610512	99.4
CLOUD199	CLOUD031	100	36.39400064	100	1	96.4
CLOUD031	CLOUD112	36.39400064	96.94297546	100	0.98055549	97.5
CLOUD024	CLOUD104	98.72289447	98.44403556	100	0.999801287	1
CLOUD112	CLOUD207	96.94297546	0	100	0.969429755	99.3
CLOUD199	CLOUD232	100	50.0790699	100	1	95
CLOUD209	CLOUD169	99.87921859	52.14382245	100	0.999421986	2.4
CLOUD209	CLOUD165	99.87921859	100	93.64853992	1	2.4
CLOUD243	CLOUD031	84.97484141	36.39400064	100	0.904430977	96.5
CLOUD256	CLOUD199	0	100	100	1	96.8
CLOUD193	CLOUD184	96.73717693	0	100	0.967371769	76.9
CLOUD193	CLOUD180	96.73717693	94.77996018	100	0.998296793	97.3
CLOUD122	CLOUD179	58.96658998	98.65510327	94.86202919	0.99448143	97
CLOUD112	CLOUD120	96.94297546	35.48998063	100	0.980279129	98.7
CLOUD112	CLOUD122	96.94297546	58.96658998	100	0.987455986	97
CLOUD112	CLOUD128	96.94297546	10.62896364	100	0.972679055	91
CLOUD112	CLOUD129	96.94297546	100	100	1	95.7
CLOUD196	CLOUD259	71.74865513	96.22080761	90.36690472	0.989323273	59.6
CLOUD196	CLOUD256	71.74865513	0	62.24661013	0.717486551	59.6
CLOUD196	CLOUD250	71.74865513	2.964857381	60.83987473	0.725862672	59.6
CLOUD025	CLOUD104	2.150875492	98.44403556	100	0.984775024	1.8
CLOUD025	CLOUD102	2.150875492	11.69030422	26.01795271	0.135897358	69
CLOUD232	CLOUD188	50.0790699	1.596485175	0	0.508760501	95
CLOUD264	CLOUD164	36.36300704	36.73976992	18.80290808	0.597430918	97.6
CLOUD114	CLOUD234	84.27757776	26.35059193	100	0.884205291	3.5
CLOUD114	CLOUD232	84.27757776	50.0790699	0	0.921512206	3.5
CLOUD229	CLOUD171	0.294050343	0.32239215	0	0.006154945	97.7
CLOUD049	CLOUD180	0.017271008	94.77996018	100	0.947808617	99.6
CLOUD049	CLOUD188	0.017271008	1.596485175	18.62126147	0.016134805	98.9
CLOUD031	CLOUD115	36.39400064	99.78243983	90.41838	0.998616187	89
CLOUD031	CLOUD117	36.39400064	99.94879672	100	0.999674316	52.2
CLOUD250	CLOUD180	2.964857381	94.77996018	100	0.949347269	99.6
CLOUD215	CLOUD256	17.3356167	0	0	0.173356167	98.3
CLOUD122	CLOUD215	58.96658998	17.3356167	76.42955915	0.660799847	97
CLOUD196	CLOUD143	71.74865513	89.25430294	97.88499456	0.969641961	59.2
CLOUD165	CLOUD199	100	100	96.27959667	1	55.8
CLOUD165	CLOUD196	100	71.74865513	99.19753622	1	59.2
CLOUD115	CLOUD104	99.78243983	98.44403556	100	0.999966148	1.6
CLOUD024	CLOUD180	98.72289447	94.77996018	100	0.999333346	1
CLOUD024	CLOUD188	98.72289447	1.596485175	100	0.987432833	1
CLOUD190	CLOUD089	17.11103228	80.21460332	69.84967467	0.836000889	22.5
CLOUD190	CLOUD083	17.11103228	26.61512503	58.91389111	0.391720347	99
CLOUD207	CLOUD264	0	36.36300704	0	0.36363007	99.5
CLOUD143	CLOUD102	89.25430294	11.69030422	100	0.905105076	31.3
CLOUD207	CLOUD102	0	11.69030422	21.03418054	0.116903042	68.4
CLOUD103	CLOUD112	85.39038766	96.94297546	86.63636781	0.995533806	82.2
CLOUD103	CLOUD117	85.39038766	99.94879672	100	0.999925194	2.5
CLOUD103	CLOUD115	85.39038766	99.78243983	100	0.999682153	71.5
CLOUD113	CLOUD122	0.202713617	58.96658998	76.64842001	0.590497703	91.2
CLOUD057	CLOUD165	100	100	97.82291819	1	4.3
CLOUD088	CLOUD128	0	10.62896364	0	0.106289636	91.3
CLOUD249	CLOUD213	0	45.94459407	47.16520039	0.459445941	98.7
CLOUD143	CLOUD129	89.25430294	100	100	1	4.5
CLOUD143	CLOUD122	89.25430294	58.96658998	100	0.955906741	4.4
CLOUD166	CLOUD222	39.13122131	0	51.82922924	0.391312213	92.6
CLOUD166	CLOUD229	39.13122131	0.294050343	81.9118966	0.393102062	98.1
CLOUD129	CLOUD222	100	0	100	1	89.4
CLOUD165	CLOUD259	100	96.22080761	100	1	50.8
CLOUD165	CLOUD250	100	2.964857381	100	1	51.7
CLOUD129	CLOUD229	100	0.294050343	100	1	96.1
CLOUD143	CLOUD207	89.25430294	0	100	0.892543029	37.6
CLOUD250	CLOUD243	2.964857381	84.97484141	0	0.854203159	97.4
CLOUD196	CLOUD128	71.74865513	10.62896364	54.50413599	0.747514803	59.6
CLOUD196	CLOUD129	71.74865513	100	95.67752975	1	59.6
CLOUD071	CLOUD179	11.44575694	98.65510327	91.04666969	0.988090369	98.9
CLOUD071	CLOUD171	11.44575694	0.32239215	22.55142323	0.117312489	97.7
CLOUD199	CLOUD171	100	0.32239215	100	1	96.9
CLOUD234	CLOUD083	26.35059193	26.61512503	48.81573067	0.45952474	98.5
CLOUD234	CLOUD088	26.35059193	0	0	0.263505919	98
CLOUD053	CLOUD193	99.99187369	96.73717693	100	0.999997349	1.9
CLOUD104	CLOUD112	98.44403556	96.94297546	100	0.999524338	1.2
CLOUD166	CLOUD057	39.13122131	100	99.94819389	1	4.9
CLOUD057	CLOUD209	100	99.87921859	100	1	2.4
CLOUD129	CLOUD173	100	26.96680805	87.94293565	1	96
CLOUD049	CLOUD120	0.017271008	35.48998063	32.63103562	0.355011222	98.7
CLOUD203	CLOUD243	24.35133625	84.97484141	94.01545899	0.886336683	97.6
CLOUD203	CLOUD249	24.35133625	0	0	0.243513362	98.6
CLOUD049	CLOUD103	0.017271008	85.39038766	98.65354331	0.853929109	82.3
CLOUD179	CLOUD264	98.65510327	36.36300704	100	0.991441482	98.9
CLOUD031	CLOUD196	36.39400064	71.74865513	51.94568399	0.820304498	59.6
CLOUD031	CLOUD193	36.39400064	96.73717693	100	0.979246488	90
CLOUD057	CLOUD089	100	80.21460332	100	1	13.9
CLOUD190	CLOUD249	17.11103228	0	0	0.171110323	98.7
CLOUD171	CLOUD114	0.32239215	84.27757776	100	0.843282656	8
CLOUD215	CLOUD129	17.3356167	100	95.75955207	1	96.1
CLOUD193	CLOUD229	96.73717693	0.294050343	100	0.967467713	97.3
CLOUD188	CLOUD114	1.596485175	84.27757776	100	0.845285839	3.5
CLOUD180	CLOUD196	94.77996018	71.74865513	100	0.985252685	59.6
CLOUD207	CLOUD193	0	96.73717693	87.85520073	0.967371769	97
CLOUD207	CLOUD199	0	100	73.70166869	1	96.9
CLOUD143	CLOUD199	89.25430294	100	100	1	17.3
CLOUD113	CLOUD213	0.202713617	45.94459407	24.16244557	0.460541717	91.6
CLOUD256	CLOUD031	0	36.39400064	29.32675972	0.363940006	97.8
CLOUD103	CLOUD193	85.39038766	96.73717693	100	0.995233142	68.7
CLOUD103	CLOUD196	85.39038766	71.74865513	60.52100512	0.95872588	59.5
CLOUD083	CLOUD243	26.61512503	84.97484141	100	0.889738062	98.2
CLOUD120	CLOUD184	35.48998063	0	93.85810326	0.354899806	89.2
CLOUD120	CLOUD180	35.48998063	94.77996018	100	0.966325513	99
CLOUD025	CLOUD213	2.150875492	45.94459407	61.15052495	0.471072585	99.1
CLOUD169	CLOUD190	52.14382245	17.11103228	56.66617012	0.603325084	99
CLOUD169	CLOUD199	52.14382245	100	100	1	96.9
CLOUD112	CLOUD259	96.94297546	96.22080761	100	0.998844692	97.2
CLOUD112	CLOUD256	96.94297546	0	96.25134017	0.969429755	99.3
CLOUD207	CLOUD165	0	100	99.62065414	1	57.4
CLOUD117	CLOUD203	99.94879672	24.35133625	96.61877171	0.999612654	4
CLOUD129	CLOUD083	100	26.61512503	100	1	96
CLOUD129	CLOUD089	100	80.21460332	100	1	22.1
CLOUD193	CLOUD089	96.73717693	80.21460332	100	0.993544375	20.6
CLOUD193	CLOUD222	96.73717693	0	97.75690554	0.967371769	83.2
CLOUD083	CLOUD169	26.61512503	52.14382245	82.13103557	0.648808039	99
CLOUD083	CLOUD165	26.61512503	100	100	1	54.8
CLOUD083	CLOUD164	26.61512503	36.73976992	68.88857808	0.535765593	97.8
CLOUD104	CLOUD193	98.44403556	96.73717693	100	0.999492316	1.5
CLOUD179	CLOUD193	98.65510327	96.73717693	100	0.999561184	97.1
CLOUD179	CLOUD196	98.65510327	71.74865513	96.48844884	0.996200486	59.6
CLOUD179	CLOUD199	98.65510327	100	100	1	96.9
CLOUD115	CLOUD213	99.78243983	45.94459407	100	0.99882397	95.3
CLOUD184	CLOUD071	0	11.44575694	5.590928914	0.114457569	88.6
CLOUD259	CLOUD169	96.22080761	52.14382245	82.38754651	0.98191423	97.6
CLOUD259	CLOUD166	96.22080761	39.13122131	99.93411569	0.976996517	97.9
CLOUD171	CLOUD193	0.32239215	96.73717693	92.96648638	0.96747696	97.2
CLOUD171	CLOUD196	0.32239215	71.74865513	70.23843279	0.718397353	59.6
CLOUD173	CLOUD222	26.96680805	0	0	0.26966808	92.4
CLOUD049	CLOUD229	0.017271008	0.294050343	2.354453713	0.003112706	99.3
CLOUD049	CLOUD222	0.017271008	0	43.15971275	0.00017271	89.8
CLOUD166	CLOUD213	39.13122131	45.94459407	100	0.670971346	98.1
CLOUD188	CLOUD196	1.596485175	71.74865513	62.43515571	0.721996837	59.6
CLOUD188	CLOUD193	1.596485175	96.73717693	100	0.967892674	97.3
CLOUD188	CLOUD190	1.596485175	17.11103228	48.47084708	0.184343424	98.9
CLOUD180	CLOUD112	94.77996018	96.94297546	100	0.998404221	99.3
CLOUD129	CLOUD234	100	26.35059193	98.03675241	1	96.1
CLOUD129	CLOUD179	100	98.65510327	100	1	96.1
CLOUD057	CLOUD213	100	45.94459407	100	1	4.9
CLOUD180	CLOUD259	94.77996018	96.22080761	96.74126604	0.998027247	97.9
CLOUD088	CLOUD243	0	84.97484141	100	0.849748414	97.9
CLOUD088	CLOUD249	0	0	0	0	98
CLOUD143	CLOUD250	89.25430294	2.964857381	100	0.895728975	4.3
CLOUD143	CLOUD259	89.25430294	96.22080761	92.61708216	0.995938994	16.4
CLOUD083	CLOUD049	26.61512503	0.017271008	4.762130178	0.266277993	99
CLOUD169	CLOUD117	52.14382245	99.94879672	97.08725351	0.999754961	2.9
CLOUD169	CLOUD115	52.14382245	99.78243983	100	0.99895884	94.8
CLOUD169	CLOUD114	52.14382245	84.27757776	100	0.924758497	3.5
CLOUD203	CLOUD259	24.35133625	96.22080761	100	0.971410915	96.7
CLOUD166	CLOUD128	39.13122131	10.62896364	0	0.456009417	93.6
CLOUD103	CLOUD259	85.39038766	96.22080761	96.06327202	0.994478746	80.7
CLOUD103	CLOUD256	85.39038766	0	78.16838468	0.853903877	85.8
CLOUD184	CLOUD180	0	94.77996018	100	0.947799602	92.4
CLOUD259	CLOUD057	96.22080761	100	100	1	16.4
CLOUD112	CLOUD114	96.94297546	84.27757776	100	0.995193617	3.2
CLOUD112	CLOUD117	96.94297546	99.94879672	100	0.999984347	2.4
CLOUD102	CLOUD193	11.69030422	96.73717693	100	0.971186109	57.9
CLOUD089	CLOUD188	80.21460332	1.596485175	48.85109559	0.805304742	22.5
CLOUD089	CLOUD184	80.21460332	0	80.72058675	0.802146033	21.4
CLOUD188	CLOUD234	1.596485175	26.35059193	0	0.275263938	98.5
CLOUD196	CLOUD190	71.74865513	17.11103228	94.15605769	0.765827519	59.6
CLOUD250	CLOUD234	2.964857381	26.35059193	100	0.285341918	98.3
CLOUD232	CLOUD103	50.0790699	85.39038766	98.51184649	0.927067456	89.4
CLOUD071	CLOUD259	11.44575694	96.22080761	100	0.966533648	97.4
CLOUD071	CLOUD256	11.44575694	0	38.35911775	0.114457569	99.4
CLOUD213	CLOUD122	45.94459407	58.96658998	44.20644955	0.778192236	97
CLOUD031	CLOUD229	36.39400064	0.294050343	51.79049796	0.365810343	98.6
CLOUD031	CLOUD222	36.39400064	0	61.16237433	0.363940006	87.5
CLOUD088	CLOUD071	0	11.44575694	14.92588267	0.114457569	98
CLOUD114	CLOUD243	84.27757776	84.97484141	97.71289915	0.976376811	3.5
CLOUD031	CLOUD143	36.39400064	89.25430294	100	0.93165092	52.2
CLOUD059	CLOUD207	1.662962311	0	0	0.016629623	99.5
CLOUD059	CLOUD203	1.662962311	24.35133625	0	0.25609345	98.6
CLOUD122	CLOUD171	58.96658998	0.32239215	81.61397563	0.590988785	97
CLOUD122	CLOUD173	58.96658998	26.96680805	55.09367306	0.700319909	97
CLOUD184	CLOUD250	0	2.964857381	17.4909179	0.029648574	86.7
CLOUD243	CLOUD234	84.97484141	26.35059193	89.7694721	0.889340596	98.1
CLOUD193	CLOUD203	96.73717693	24.35133625	97.48490467	0.975317179	94.9
CLOUD249	CLOUD122	0	58.96658998	78.17587803	0.5896659	97
CLOUD256	CLOUD264	0	36.36300704	100	0.36363007	99.5
CLOUD103	CLOUD143	85.39038766	89.25430294	97.3674159	0.984300953	3.5
CLOUD256	CLOUD190	0	17.11103228	1.836259372	0.171110323	99.3
CLOUD222	CLOUD164	0	36.73976992	44.5187105	0.367397699	90.9
CLOUD165	CLOUD264	100	36.36300704	97.90283803	1	56.9
CLOUD143	CLOUD171	89.25430294	0.32239215	100	0.892889462	8
CLOUD112	CLOUD190	96.94297546	17.11103228	100	0.974660639	99.3
CLOUD112	CLOUD193	96.94297546	96.73717693	96.20216837	0.999002547	94.8
CLOUD112	CLOUD199	96.94297546	100	100	1	96.8
CLOUD089	CLOUD103	80.21460332	85.39038766	99.24848807	0.971094302	20.2
CLOUD089	CLOUD102	80.21460332	11.69030422	46.96856845	0.825275764	31.3
CLOUD102	CLOUD115	11.69030422	99.78243983	100	0.998078733	59.8
CLOUD196	CLOUD113	71.74865513	0.202713617	73.17322956	0.718059245	59.6
CLOUD196	CLOUD112	71.74865513	96.94297546	100	0.991363495	59.6
CLOUD117	CLOUD104	99.94879672	98.44403556	92.20542617	0.999992033	2.4
CLOUD071	CLOUD122	11.44575694	58.96658998	96.9831406	0.636631744	97
CLOUD071	CLOUD128	11.44575694	10.62896364	20.49441671	0.208581552	91.7
CLOUD071	CLOUD129	11.44575694	100	79.77568345	1	95.8
CLOUD256	CLOUD059	0	1.662962311	5.599497728	0.016629623	99.5
CLOUD203	CLOUD171	24.35133625	0.32239215	85.58061606	0.245952216	97.7
CLOUD199	CLOUD180	100	94.77996018	97.91438703	1	96.9
CLOUD199	CLOUD188	100	1.596485175	97.12234775	1	96.9
CLOUD129	CLOUD122	100	58.96658998	100	1	96.1
CLOUD179	CLOUD259	98.65510327	96.22080761	100	0.999491738	97.9
CLOUD179	CLOUD256	98.65510327	0	98.31964505	0.986551033	98.9
CLOUD190	CLOUD215	17.11103228	17.3356167	0	0.31480346	98.3
CLOUD164	CLOUD165	36.73976992	100	100	1	58.1
CLOUD215	CLOUD112	17.3356167	96.94297546	100	0.974729295	98.3
CLOUD215	CLOUD117	17.3356167	99.94879672	99.70589714	0.999576731	2.9
CLOUD122	CLOUD243	58.96658998	84.97484141	100	0.938346651	97
CLOUD025	CLOUD059	2.150875492	1.662962311	0	0.037780696	99.1
CLOUD025	CLOUD053	2.150875492	99.99187369	100	0.999920485	1.9
CLOUD025	CLOUD057	2.150875492	100	100	1	4.9
CLOUD188	CLOUD166	1.596485175	39.13122131	36.43026114	0.401029823	98.1
CLOUD190	CLOUD059	17.11103228	1.662962311	10.97028641	0.184894446	99.3
CLOUD190	CLOUD053	17.11103228	99.99187369	100	0.999932642	1.9
CLOUD113	CLOUD249	0.202713617	0	0	0.002027136	91.9
CLOUD112	CLOUD025	96.94297546	2.150875492	31.60415817	0.970087282	99.1
CLOUD164	CLOUD088	36.73976992	0	74.99314148	0.367397699	97.3
CLOUD049	CLOUD169	0.017271008	52.14382245	100	0.521520877	99
CLOUD025	CLOUD249	2.150875492	0	3.033939489	0.021508755	98.7
CLOUD025	CLOUD243	2.150875492	84.97484141	100	0.852980139	98.3
CLOUD128	CLOUD143	10.62896364	89.25430294	100	0.903964592	32.9
CLOUD115	CLOUD053	99.78243983	99.99187369	100	0.999999823	1.9
CLOUD169	CLOUD264	52.14382245	36.36300704	100	0.695457677	99
CLOUD249	CLOUD207	0	0	0	0	98.7
CLOUD213	CLOUD053	45.94459407	99.99187369	100	0.999956073	1.9
CLOUD059	CLOUD169	1.662962311	52.14382245	49.51968504	0.529396526	99
CLOUD059	CLOUD166	1.662962311	39.13122131	68.93284872	0.401434462	98.1
CLOUD059	CLOUD164	1.662962311	36.73976992	47.32169457	0.377917637	97.9
CLOUD117	CLOUD188	99.94879672	1.596485175	100	0.999496142	2.9
CLOUD117	CLOUD180	99.94879672	94.77996018	100	0.999973272	2.9
CLOUD117	CLOUD184	99.94879672	0	100	0.999487967	12.2
CLOUD184	CLOUD229	0	0.294050343	7.088252314	0.002940503	92.4
CLOUD193	CLOUD215	96.73717693	17.3356167	100	0.973028074	96.8
CLOUD193	CLOUD213	96.73717693	45.94459407	97.44128619	0.982362677	97
CLOUD113	CLOUD031	0.202713617	36.39400064	41.54708214	0.365229387	83.8
CLOUD089	CLOUD222	80.21460332	0	62.55692014	0.802146033	22
CLOUD199	CLOUD102	100	11.69030422	84.83061993	1	67.4
CLOUD166	CLOUD083	39.13122131	26.61512503	0	0.553315229	98.1
CLOUD166	CLOUD089	39.13122131	80.21460332	72.05630157	0.879568707	22.4
CLOUD259	CLOUD264	96.22080761	36.36300704	100	0.975950356	97.6
CLOUD115	CLOUD243	99.78243983	84.97484141	98.29628091	0.999673112	93.4
CLOUD169	CLOUD171	52.14382245	0.32239215	26.77137088	0.52298107	97.7
CLOUD169	CLOUD173	52.14382245	26.96680805	84.00061164	0.65049106	97.3
CLOUD166	CLOUD256	39.13122131	0	22.0976495	0.391312213	98.1
CLOUD057	CLOUD053	100	99.99187369	100	1	1.9
CLOUD173	CLOUD256	26.96680805	0	92.81241492	0.26966808	97.3
CLOUD173	CLOUD259	26.96680805	96.22080761	100	0.972399352	97.2
CLOUD049	CLOUD213	0.017271008	45.94459407	71.10627888	0.4595393	99.8
CLOUD049	CLOUD215	0.017271008	17.3356167	15.95039758	0.173498937	98.3
CLOUD173	CLOUD249	26.96680805	0	0	0.26966808	97.3
CLOUD234	CLOUD166	26.35059193	39.13122131	36.62280634	0.551705048	98.1
CLOUD234	CLOUD169	26.35059193	52.14382245	66.64578011	0.647542085	98.5
CLOUD203	CLOUD031	24.35133625	36.39400064	24.3285981	0.518829114	96.8
CLOUD102	CLOUD049	11.69030422	0.017271008	9.366844787	0.117055562	62.9
CLOUD188	CLOUD256	1.596485175	0	8.862002768	0.015964852	98.9
CLOUD209	CLOUD229	99.87921859	0.294050343	100	0.998795737	2.4
CLOUD215	CLOUD114	17.3356167	84.27757776	100	0.870031566	3.5
CLOUD243	CLOUD113	84.97484141	0.202713617	100	0.850052995	89.4
CLOUD143	CLOUD213	89.25430294	45.94459407	96.77133836	0.941913698	4.7
CLOUD049	CLOUD207	0.017271008	0	4.59894628	0.00017271	99.5
CLOUD129	CLOUD243	100	84.97484141	100	1	95.6
CLOUD128	CLOUD103	10.62896364	85.39038766	98.88544605	0.86943238	76.5
CLOUD059	CLOUD113	1.662962311	0.202713617	0	0.018623049	91.6
CLOUD102	CLOUD203	11.69030422	24.35133625	76.1689823	0.331948952	67.4
CLOUD196	CLOUD025	71.74865513	2.150875492	80.35916037	0.723563064	59.6
CLOUD164	CLOUD190	36.73976992	17.11103228	0.046924124	0.475642483	97.9
CLOUD083	CLOUD031	26.61512503	36.39400064	82.66619973	0.533228169	98.3
CLOUD112	CLOUD229	96.94297546	0.294050343	95.51230783	0.969519646	99.3
CLOUD103	CLOUD264	85.39038766	36.36300704	100	0.90702882	87.8
CLOUD031	CLOUD071	36.39400064	11.44575694	57.28532372	0.436741887	97.7
CLOUD122	CLOUD166	58.96658998	39.13122131	89.20579651	0.750234645	97
CLOUD122	CLOUD164	58.96658998	36.73976992	93.82550189	0.740421704	97
CLOUD180	CLOUD264	94.77996018	36.36300704	100	0.966781236	99.5
CLOUD250	CLOUD112	2.964857381	96.94297546	100	0.970336119	99
CLOUD250	CLOUD117	2.964857381	99.94879672	100	0.999503148	2.7
CLOUD250	CLOUD115	2.964857381	99.78243983	100	0.997888902	91.3
CLOUD232	CLOUD025	50.0790699	2.150875492	100	0.511528069	95
CLOUD229	CLOUD188	0.294050343	1.596485175	43.05391935	0.01885841	98.9
CLOUD215	CLOUD025	17.3356167	2.150875492	0.922902172	0.191136247	98.3
CLOUD222	CLOUD203	0	24.35133625	29.70577074	0.243513362	90.9
CLOUD071	CLOUD190	11.44575694	17.11103228	100	0.265983021	99.3
CLOUD071	CLOUD196	11.44575694	71.74865513	58.50438655	0.749822354	59.6
CLOUD071	CLOUD222	11.44575694	0	30.15493341	0.114457569	90.6
CLOUD264	CLOUD188	36.36300704	1.596485175	51.64259417	0.373789622	98.9
CLOUD171	CLOUD250	0.32239215	2.964857381	0	0.032776911	97.7
CLOUD128	CLOUD222	10.62896364	0	33.313415	0.106289636	84.3
CLOUD104	CLOUD049	98.44403556	0.017271008	100	0.984443043	2.5
CLOUD165	CLOUD171	100	0.32239215	96.94519544	1	57.8
CLOUD243	CLOUD199	84.97484141	100	100	1	96.8
CLOUD243	CLOUD190	84.97484141	17.11103228	0	0.875458011	98.3
CLOUD243	CLOUD196	84.97484141	71.74865513	100	0.957551906	59.6
CLOUD049	CLOUD057	0.017271008	100	100	1	4.2
CLOUD199	CLOUD059	100	1.662962311	100	1	96.9
CLOUD180	CLOUD209	94.77996018	99.87921859	100	0.999936952	2.4
CLOUD180	CLOUD203	94.77996018	24.35133625	100	0.960511096	98.6
CLOUD207	CLOUD203	0	24.35133625	10.25991564	0.243513362	98.6
CLOUD088	CLOUD213	0	45.94459407	73.17322956	0.459445941	98
CLOUD173	CLOUD199	26.96680805	100	100	1	96.9
CLOUD173	CLOUD193	26.96680805	96.73717693	100	0.976170562	96.6
CLOUD120	CLOUD024	35.48998063	98.72289447	100	0.99176139	1
CLOUD103	CLOUD179	85.39038766	98.65510327	96.35541031	0.998035158	90.6
CLOUD113	CLOUD143	0.202713617	89.25430294	0	0.892760859	14.7
CLOUD057	CLOUD103	100	85.39038766	100	1	4.3
CLOUD112	CLOUD232	96.94297546	50.0790699	100	0.984739049	95
CLOUD199	CLOUD215	100	17.3356167	95.56910405	1	96.9
CLOUD199	CLOUD213	100	45.94459407	100	1	96.9
CLOUD234	CLOUD143	26.35059193	89.25430294	100	0.920858577	4.7
CLOUD229	CLOUD232	0.294050343	50.0790699	74.13601872	0.502258626	95
CLOUD166	CLOUD171	39.13122131	0.32239215	78.21461347	0.393274575	97.7
CLOUD166	CLOUD173	39.13122131	26.96680805	22.19663164	0.55545588	97.3
CLOUD104	CLOUD203	98.44403556	24.35133625	97.28395007	0.988229337	4
CLOUD256	CLOUD234	0	26.35059193	0	0.263505919	98.5
CLOUD102	CLOUD120	11.69030422	35.48998063	16.39038276	0.430313981	67
CLOUD180	CLOUD229	94.77996018	0.294050343	94.77481961	0.947953097	99.3
CLOUD025	CLOUD164	2.150875492	36.73976992	78.44865764	0.381004187	97.9
CLOUD025	CLOUD166	2.150875492	39.13122131	66.5023404	0.404404329	98.1
CLOUD025	CLOUD169	2.150875492	52.14382245	78.2620414	0.531731492	99
CLOUD120	CLOUD053	35.48998063	99.99187369	94.02093809	0.999947577	1.9
CLOUD071	CLOUD115	11.44575694	99.78243983	100	0.998073412	93.4
CLOUD071	CLOUD117	11.44575694	99.94879672	100	0.999546573	50.9
CLOUD114	CLOUD059	84.27757776	1.662962311	100	0.845390357	3.5
CLOUD203	CLOUD143	24.35133625	89.25430294	86.22680803	0.918710238	4.7
CLOUD179	CLOUD165	98.65510327	100	94.43699995	1	58.2
CLOUD232	CLOUD213	50.0790699	45.94459407	42.49578415	0.730150386	95
CLOUD232	CLOUD215	50.0790699	17.3356167	0	0.58733171	95
CLOUD213	CLOUD215	45.94459407	17.3356167	51.77383716	0.55315432	98.3
CLOUD114	CLOUD213	84.27757776	45.94459407	100	0.915011808	3.5
CLOUD179	CLOUD207	98.65510327	0	100	0.986551033	98.9
CLOUD179	CLOUD209	98.65510327	99.87921859	99.95638901	0.999983756	2.4
CLOUD112	CLOUD222	96.94297546	0	98.91826888	0.969429755	89.8
CLOUD259	CLOUD232	96.22080761	50.0790699	100	0.98113392	94.9
CLOUD059	CLOUD259	1.662962311	96.22080761	96.89599403	0.962836542	97.9
CLOUD190	CLOUD222	17.11103228	0	0	0.171110323	92.7
CLOUD190	CLOUD229	17.11103228	0.294050343	87.11606415	0.173547676	99.3
CLOUD025	CLOUD088	2.150875492	0	24.67689822	0.021508755	98
CLOUD025	CLOUD089	2.150875492	80.21460332	69.13899079	0.806401626	22.4
CLOUD025	CLOUD083	2.150875492	26.61512503	54.70481068	0.281935423	99
CLOUD243	CLOUD264	84.97484141	36.36300704	100	0.904384409	98.2
CLOUD115	CLOUD165	99.78243983	100	100	1	44.6
CLOUD115	CLOUD164	99.78243983	36.73976992	99.81983146	0.998623709	92.8
CLOUD232	CLOUD264	50.0790699	36.36300704	0	0.682318212	95
CLOUD256	CLOUD259	0	96.22080761	100	0.962208076	97.4
CLOUD088	CLOUD166	0	39.13122131	54.96654994	0.391312213	98
CLOUD213	CLOUD222	45.94459407	0	70.72744513	0.459445941	92.5
CLOUD213	CLOUD229	45.94459407	0.294050343	59.63475831	0.461035442	99.3
CLOUD057	CLOUD188	100	1.596485175	100	1	4.9
CLOUD057	CLOUD180	100	94.77996018	100	1	4.9
CLOUD057	CLOUD184	100	0	100	1	12.2
CLOUD083	CLOUD229	26.61512503	0.294050343	100	0.268309135	99
CLOUD083	CLOUD222	26.61512503	0	100	0.26615125	91.9
CLOUD232	CLOUD031	50.0790699	36.39400064	39.16553213	0.682472935	94.9
CLOUD166	CLOUD243	39.13122131	84.97484141	100	0.908543695	98.1
CLOUD222	CLOUD115	0	99.78243983	100	0.997824398	83.3
CLOUD057	CLOUD120	100	35.48998063	100	1	4.8
CLOUD165	CLOUD234	100	26.35059193	100	1	58.3
CLOUD165	CLOUD232	100	50.0790699	97.53219561	1	57.8
CLOUD115	CLOUD089	99.78243983	80.21460332	100	0.999569549	21.2
CLOUD193	CLOUD128	96.73717693	10.62896364	100	0.970839812	84.6
CLOUD059	CLOUD193	1.662962311	96.73717693	100	0.967914365	97.1
CLOUD259	CLOUD113	96.22080761	0.202713617	100	0.962284686	84.7
CLOUD184	CLOUD215	0	17.3356167	62.12536695	0.173356167	92
CLOUD193	CLOUD243	96.73717693	84.97484141	100	0.995097557	94.8
CLOUD229	CLOUD222	0.294050343	0	41.8682887	0.002940503	92.7
CLOUD049	CLOUD129	0.017271008	100	100	1	95.7
CLOUD259	CLOUD102	96.22080761	11.69030422	31.22753459	0.966626067	64.1
CLOUD229	CLOUD024	0.294050343	98.72289447	98.83837567	0.987266498	1
CLOUD232	CLOUD059	50.0790699	1.662962311	4.098721904	0.509092361	95
CLOUD113	CLOUD234	0.202713617	26.35059193	7.34845181	0.264998893	91.5
CLOUD112	CLOUD071	96.94297546	11.44575694	98.45228897	0.972928751	99.3
CLOUD102	CLOUD234	11.69030422	26.35059193	13.00043369	0.349604318	69
CLOUD222	CLOUD196	0	71.74865513	89.29773341	0.717486551	59.6
CLOUD049	CLOUD179	0.017271008	98.65510327	100	0.986553355	98.9
CLOUD071	CLOUD025	11.44575694	2.150875492	0	0.133504485	99.1
CLOUD169	CLOUD179	52.14382245	98.65510327	100	0.993563838	98.9
CLOUD128	CLOUD190	10.62896364	17.11103228	78.47135517	0.259212705	93.6
CLOUD128	CLOUD199	10.62896364	100	100	1	92.1
CLOUD256	CLOUD113	0	0.202713617	100	0.002027136	88.6
CLOUD059	CLOUD117	1.662962311	99.94879672	99.25173462	0.999496482	2.9
CLOUD059	CLOUD115	1.662962311	99.78243983	100	0.997860578	95.4
CLOUD190	CLOUD184	17.11103228	0	23.37182885	0.171110323	92.4
CLOUD114	CLOUD103	84.27757776	85.39038766	100	0.977030151	3.3
CLOUD114	CLOUD104	84.27757776	98.44403556	72.90718324	0.997553647	2.7
CLOUD117	CLOUD222	99.94879672	0	100	0.999487967	4.8
CLOUD117	CLOUD229	99.94879672	0.294050343	94.04004491	0.999489473	2.9
CLOUD103	CLOUD234	85.39038766	26.35059193	100	0.89240107	90.5
CLOUD164	CLOUD229	36.73976992	0.294050343	4.275377089	0.369257868	97.9
CLOUD188	CLOUD209	1.596485175	99.87921859	100	0.998811468	2.4
CLOUD053	CLOUD243	99.99187369	84.97484141	100	0.99998779	1.9
CLOUD234	CLOUD024	26.35059193	98.72289447	100	0.990594193	1
CLOUD213	CLOUD184	45.94459407	0	49.22736289	0.459445941	92
CLOUD213	CLOUD180	45.94459407	94.77996018	100	0.971782863	99.6
CLOUD031	CLOUD249	36.39400064	0	72.35775093	0.363940006	98.6
CLOUD264	CLOUD203	36.36300704	24.35133625	0	0.518594652	98.5
CLOUD171	CLOUD207	0.32239215	0	24.00011084	0.003223921	97.7
CLOUD173	CLOUD203	26.96680805	24.35133625	84.13694744	0.447513662	97.3
CLOUD049	CLOUD243	0.017271008	84.97484141	41.01177497	0.849774364	98
CLOUD128	CLOUD259	10.62896364	96.22080761	100	0.966224966	89.2
CLOUD128	CLOUD256	10.62896364	0	35.93416087	0.106289636	91.9
CLOUD122	CLOUD114	58.96658998	84.27757776	100	0.93548554	3.5
CLOUD234	CLOUD259	26.35059193	96.22080761	100	0.972166472	97.6
CLOUD243	CLOUD164	84.97484141	36.73976992	100	0.904950501	96.8
CLOUD143	CLOUD179	89.25430294	98.65510327	100	0.998554815	4.7
CLOUD129	CLOUD213	100	45.94459407	83.89597503	1	96.1
CLOUD024	CLOUD115	98.72289447	99.78243983	100	0.999972215	1
CLOUD024	CLOUD112	98.72289447	96.94297546	100	0.999609586	1
CLOUD057	CLOUD232	100	50.0790699	97.42637064	1	4.9
CLOUD088	CLOUD264	0	36.36300704	17.90325599	0.36363007	98
CLOUD120	CLOUD166	35.48998063	39.13122131	99.1856888	0.607335391	98.1
CLOUD190	CLOUD104	17.11103228	98.44403556	100	0.987102771	1.8
CLOUD190	CLOUD102	17.11103228	11.69030422	33.27778017	0.268010048	69.2
CLOUD190	CLOUD103	17.11103228	85.39038766	100	0.878902431	91.1
CLOUD209	CLOUD193	99.87921859	96.73717693	100	0.999960591	2.4
CLOUD114	CLOUD180	84.27757776	94.77996018	93.10917523	0.991792833	3.5
CLOUD129	CLOUD025	100	2.150875492	100	1	96.1
CLOUD031	CLOUD088	36.39400064	0	38.55913004	0.363940006	97.4
CLOUD250	CLOUD169	2.964857381	52.14382245	33.48435918	0.535626899	98.8
CLOUD102	CLOUD179	11.69030422	98.65510327	84.96666818	0.988123258	68.9
CLOUD102	CLOUD173	11.69030422	26.96680805	65.19203489	0.355046104	68.9
CLOUD102	CLOUD171	11.69030422	0.32239215	15.60220381	0.119750077	68.8
CLOUD196	CLOUD249	71.74865513	0	71.41765829	0.717486551	59.6
CLOUD222	CLOUD259	0	96.22080761	93.7952577	0.962208076	88.1
CLOUD222	CLOUD256	0	0	22.67780801	0	90.8
CLOUD222	CLOUD250	0	2.964857381	21.02398984	0.029648574	89.2
CLOUD232	CLOUD129	50.0790699	100	100	1	94.9
CLOUD232	CLOUD128	50.0790699	10.62896364	97.66733018	0.553851474	92.7
CLOUD213	CLOUD102	45.94459407	11.69030422	60.51604218	0.522638355	69
CLOUD264	CLOUD173	36.36300704	26.96680805	64.07793385	0.535238728	97.3
CLOUD053	CLOUD165	99.99187369	100	100	1	2.3
CLOUD053	CLOUD166	99.99187369	39.13122131	100	0.999950536	1.9
CLOUD114	CLOUD229	84.27757776	0.294050343	7.40851085	0.843238096	3.5
CLOUD114	CLOUD222	84.27757776	0	100	0.842775778	4.8
CLOUD143	CLOUD083	89.25430294	26.61512503	21.09287515	0.921142837	29.4
CLOUD129	CLOUD180	100	94.77996018	100	1	96.1
CLOUD143	CLOUD088	89.25430294	0	0	0.892543029	57.2
CLOUD129	CLOUD184	100	0	100	1	87.3
CLOUD031	CLOUD164	36.39400064	36.73976992	79.39965131	0.597626985	95.7
CLOUD031	CLOUD165	36.39400064	100	100	1	54.2
CLOUD031	CLOUD166	36.39400064	39.13122131	56.16505148	0.61283805	98.1
CLOUD103	CLOUD083	85.39038766	26.61512503	20.45571299	0.892787543	88.8
CLOUD103	CLOUD088	85.39038766	0	100	0.853903877	83.7
CLOUD259	CLOUD207	96.22080761	0	100	0.962208076	97.8
CLOUD215	CLOUD249	17.3356167	0	87.23659134	0.173356167	98.3
CLOUD122	CLOUD193	58.96658998	96.73717693	100	0.986611524	96.9
CLOUD122	CLOUD190	58.96658998	17.11103228	100	0.6598783	97
CLOUD122	CLOUD196	58.96658998	71.74865513	84.74744961	0.884075098	59.6
CLOUD243	CLOUD256	84.97484141	0	92.3188801	0.849748414	98.1
CLOUD243	CLOUD259	84.97484141	96.22080761	100	0.994321704	96.5
CLOUD169	CLOUD089	52.14382245	80.21460332	100	0.905314654	22.4
CLOUD169	CLOUD088	52.14382245	0	0	0.521438225	98
CLOUD199	CLOUD088	100	0	100	1	96.8
CLOUD199	CLOUD083	100	26.61512503	100	1	96.9
CLOUD024	CLOUD190	98.72289447	17.11103228	100	0.989414204	1
CLOUD031	CLOUD207	36.39400064	0	42.89505559	0.363940006	98.4
CLOUD103	CLOUD129	85.39038766	100	96.94319165	1	84.1
CLOUD113	CLOUD112	0.202713617	96.94297546	100	0.969491725	86.6
CLOUD057	CLOUD173	100	26.96680805	100	1	4.9
CLOUD199	CLOUD249	100	0	76.44585129	1	96.9
CLOUD234	CLOUD115	26.35059193	99.78243983	98.99540385	0.998397682	95.2
CLOUD222	CLOUD143	0	89.25430294	20.8678587	0.892543029	4.8
CLOUD165	CLOUD243	100	84.97484141	100	1	56.7
CLOUD143	CLOUD232	89.25430294	50.0790699	16.56920078	0.946356481	4.7
CLOUD128	CLOUD129	10.62896364	100	100	1	90.3
CLOUD184	CLOUD122	0	58.96658998	0	0.5896659	91.7
CLOUD024	CLOUD250	98.72289447	2.964857381	100	0.987607588	1
CLOUD250	CLOUD256	2.964857381	0	0	0.029648574	99.1
CLOUD089	CLOUD128	80.21460332	10.62896364	68.27433663	0.823175859	32.9
CLOUD089	CLOUD122	80.21460332	58.96658998	100	0.918813771	22.2
CLOUD089	CLOUD120	80.21460332	35.48998063	50.29935083	0.872364368	22.2
CLOUD120	CLOUD199	35.48998063	100	100	1	96.8
CLOUD117	CLOUD122	99.94879672	58.96658998	99.46699505	0.999789895	2.7
CLOUD117	CLOUD120	99.94879672	35.48998063	93.85376682	0.999669688	2.8
CLOUD117	CLOUD128	99.94879672	10.62896364	100	0.999542391	32.9
CLOUD071	CLOUD143	11.44575694	89.25430294	0	0.904842293	50.9
CLOUD229	CLOUD215	0.294050343	17.3356167	63.5844681	0.175786916	98.3
CLOUD089	CLOUD243	80.21460332	84.97484141	74.80166027	0.970272128	22.4
CLOUD203	CLOUD115	24.35133625	99.78243983	95.98700084	0.998354186	93.3
CLOUD199	CLOUD164	100	36.73976992	100	1	96.6
CLOUD199	CLOUD166	100	39.13122131	94.47155019	1	96.9
CLOUD104	CLOUD103	98.44403556	85.39038766	100	0.997726796	1.7
CLOUD232	CLOUD249	50.0790699	0	0	0.500790699	95
CLOUD232	CLOUD243	50.0790699	84.97484141	80.75436244	0.924993011	95
CLOUD071	CLOUD059	11.44575694	1.662962311	16.33743039	0.129183806	99.4
CLOUD169	CLOUD243	52.14382245	84.97484141	94.58631919	0.928095334	98.1
CLOUD203	CLOUD256	24.35133625	0	0	0.243513362	98.4
CLOUD184	CLOUD083	0	26.61512503	88.16721672	0.26615125	90.9
CLOUD229	CLOUD059	0.294050343	1.662962311	0	0.019521227	99.3
CLOUD229	CLOUD053	0.294050343	99.99187369	99.41301775	0.999918976	1.9
CLOUD171	CLOUD103	0.32239215	85.39038766	95.514304	0.854374879	90.6
CLOUD089	CLOUD083	80.21460332	26.61512503	77.144964	0.854805114	29.4
CLOUD122	CLOUD264	58.96658998	36.36300704	77.90058745	0.738875718	97
CLOUD190	CLOUD207	17.11103228	0	0	0.171110323	99.3
CLOUD128	CLOUD188	10.62896364	1.596485175	7.011019908	0.12055759	93.6
CLOUD188	CLOUD103	1.596485175	85.39038766	0	0.85623628	91.1
CLOUD207	CLOUD184	0	0	5.599497728	0	91.7
CLOUD207	CLOUD188	0	1.596485175	10.38593821	0.015964852	98.9
CLOUD113	CLOUD193	0.202713617	96.73717693	100	0.967437911	76.4
CLOUD083	CLOUD259	26.61512503	96.22080761	100	0.972266444	97.7
CLOUD059	CLOUD129	1.662962311	100	100	1	96.1
CLOUD115	CLOUD166	99.78243983	39.13122131	100	0.998675738	95.5
CLOUD234	CLOUD199	26.35059193	100	100	1	96.9
CLOUD234	CLOUD196	26.35059193	71.74865513	67.73580498	0.791930517	59.6
CLOUD234	CLOUD193	26.35059193	96.73717693	100	0.975969501	96.8
CLOUD025	CLOUD229	2.150875492	0.294050343	12.6566082	0.024386012	99.1
CLOUD025	CLOUD222	2.150875492	0	15.85855457	0.021508755	92.6
CLOUD213	CLOUD089	45.94459407	80.21460332	43.70528234	0.893049235	22.4
CLOUD259	CLOUD088	96.22080761	0	91.24421454	0.962208076	97.1
CLOUD112	CLOUD243	96.94297546	84.97484141	100	0.995406772	98
CLOUD184	CLOUD249	0	0	12.02690111	0	92.3
CLOUD120	CLOUD229	35.48998063	0.294050343	0	0.356796726	99
CLOUD193	CLOUD232	96.73717693	50.0790699	94.76214231	0.983711684	94.5
CLOUD083	CLOUD193	26.61512503	96.73717693	100	0.976055814	96.7
CLOUD164	CLOUD256	36.73976992	0	71.37145246	0.367397699	97.5
CLOUD164	CLOUD250	36.73976992	2.964857381	51.77282906	0.386153455	96.6
CLOUD104	CLOUD188	98.44403556	1.596485175	100	0.984688763	1.8
CLOUD104	CLOUD180	98.44403556	94.77996018	100	0.99918778	1.8
CLOUD104	CLOUD184	98.44403556	0	99.6797747	0.984440356	12.2
CLOUD165	CLOUD059	100	1.662962311	100	1	58.1
CLOUD049	CLOUD173	0.017271008	26.96680805	9.558677986	0.269794216	97.3
CLOUD179	CLOUD184	98.65510327	0	100	0.986551033	92.1
CLOUD259	CLOUD171	96.22080761	0.32239215	68.87376818	0.962329914	97.7
CLOUD188	CLOUD259	1.596485175	96.22080761	100	0.962811419	97.9
CLOUD188	CLOUD250	1.596485175	2.964857381	0.664203784	0.04514009	98.9
CLOUD171	CLOUD180	0.32239215	94.77996018	100	0.947967892	97.7
CLOUD171	CLOUD184	0.32239215	0	0	0.003223921	92.1
CLOUD209	CLOUD049	99.87921859	0.017271008	100	0.998792395	2.5
CLOUD173	CLOUD232	26.96680805	50.0790699	100	0.635411513	95
CLOUD049	CLOUD234	0.017271008	26.35059193	79.57894409	0.263633119	98.5
CLOUD103	CLOUD053	85.39038766	99.99187369	100	0.999988128	1.9
CLOUD103	CLOUD059	85.39038766	1.662962311	100	0.8563334	90.6
CLOUD188	CLOUD184	1.596485175	0	0	0.015964852	92.4
CLOUD234	CLOUD203	26.35059193	24.35133625	19.91131248	0.442852069	98.3
CLOUD234	CLOUD207	26.35059193	0	9.009430502	0.263505919	98.5
CLOUD180	CLOUD103	94.77996018	85.39038766	100	0.992373724	91.1
CLOUD256	CLOUD088	0	0	14.17189523	0	98
CLOUD256	CLOUD083	0	26.61512503	96.82885271	0.26615125	99
CLOUD057	CLOUD203	100	24.35133625	100	1	4.9
CLOUD171	CLOUD025	0.32239215	2.150875492	10.54520978	0.024663334	97.7
CLOUD234	CLOUD089	26.35059193	80.21460332	96.00627968	0.854281725	22.4
CLOUD102	CLOUD264	11.69030422	36.36300704	56.76832308	0.438023651	67.1
CLOUD243	CLOUD117	84.97484141	99.94879672	100	0.999923066	2.8
CLOUD083	CLOUD059	26.61512503	1.662962311	55.36294602	0.278354878	99
CLOUD169	CLOUD122	52.14382245	58.96658998	100	0.803629784	97
CLOUD169	CLOUD120	52.14382245	35.48998063	53.43042649	0.691279706	98.7
CLOUD169	CLOUD128	52.14382245	10.62896364	7.188976378	0.572304382	93.1
CLOUD049	CLOUD059	0.017271008	1.662962311	4.85123503	0.016799461	99.5
CLOUD264	CLOUD049	36.36300704	0.017271008	50.29242377	0.363739978	99.5
CLOUD103	CLOUD243	85.39038766	84.97484141	100	0.978048826	87.6
CLOUD259	CLOUD049	96.22080761	0.017271008	97.35847408	0.962214603	97.1
CLOUD112	CLOUD169	96.94297546	52.14382245	100	0.985370249	99
CLOUD112	CLOUD164	96.94297546	36.73976992	100	0.980661192	97.3
CLOUD112	CLOUD166	96.94297546	39.13122131	100	0.981392265	98.1
CLOUD031	CLOUD059	36.39400064	1.662962311	63.52511139	0.374517444	98.5
CLOUD083	CLOUD115	26.61512503	99.78243983	94.29040528	0.998403437	94.8
CLOUD083	CLOUD117	26.61512503	99.94879672	100	0.999624245	29.4
CLOUD083	CLOUD112	26.61512503	96.94297546	100	0.977566064	99
CLOUD102	CLOUD180	11.69030422	94.77996018	100	0.953901987	69.2
CLOUD102	CLOUD184	11.69030422	0	49.63563933	0.116903042	58
CLOUD102	CLOUD188	11.69030422	1.596485175	0	0.131001554	69.2
CLOUD222	CLOUD264	0	36.36300704	41.77245281	0.36363007	91.5
CLOUD071	CLOUD243	11.44575694	84.97484141	100	0.866945845	98.1
CLOUD031	CLOUD215	36.39400064	17.3356167	38.38267253	0.474204929	97.9
CLOUD031	CLOUD213	36.39400064	45.94459407	83.47013741	0.656175188	98.3
CLOUD207	CLOUD232	0	50.0790699	33.50334667	0.500790699	95
CLOUD117	CLOUD088	99.94879672	0	100	0.999487967	57.2
CLOUD059	CLOUD234	1.662962311	26.35059193	0	0.275753538	98.5
CLOUD128	CLOUD203	10.62896364	24.35133625	6.086119051	0.323920052	91.9
CLOUD164	CLOUD196	36.73976992	71.74865513	94.70356343	0.821281342	59.6
CLOUD122	CLOUD165	58.96658998	100	100	1	56.8
CLOUD103	CLOUD166	85.39038766	39.13122131	100	0.911073074	90.8
CLOUD103	CLOUD164	85.39038766	36.73976992	89.0332463	0.907579256	87.7
CLOUD199	CLOUD071	100	11.44575694	94.73092303	1	96.8
CLOUD088	CLOUD188	0	1.596485175	34.61762746	0.015964852	98
CLOUD088	CLOUD184	0	0	0	0	87.8
CLOUD207	CLOUD222	0	0	0	0	92.3
CLOUD196	CLOUD083	71.74865513	26.61512503	100	0.792677859	59.6
CLOUD114	CLOUD179	84.27757776	98.65510327	100	0.997885497	3.5
CLOUD113	CLOUD166	0.202713617	39.13122131	100	0.392546106	91.7
CLOUD113	CLOUD165	0.202713617	100	100	1	43.1
CLOUD113	CLOUD164	0.202713617	36.73976992	50.84159969	0.36868007	89.3
CLOUD264	CLOUD031	36.36300704	36.39400064	93.22624991	0.595230547	98
CLOUD057	CLOUD129	100	100	100	1	4.8
CLOUD057	CLOUD122	100	58.96658998	70.47064896	1	4.8
CLOUD249	CLOUD259	0	96.22080761	88.84733728	0.962208076	97.9
CLOUD234	CLOUD128	26.35059193	10.62896364	0	0.341787607	93.4
CLOUD234	CLOUD122	26.35059193	58.96658998	53.54030602	0.697791364	97
CLOUD222	CLOUD171	0	0.32239215	20.44330393	0.003223921	92.6
CLOUD166	CLOUD193	39.13122131	96.73717693	100	0.980139594	97.2
CLOUD166	CLOUD190	39.13122131	17.11103228	0	0.495464977	98.1
CLOUD129	CLOUD171	100	0.32239215	100	1	96.1
CLOUD143	CLOUD243	89.25430294	84.97484141	93.27420669	0.98385442	4.7
CLOUD122	CLOUD049	58.96658998	0.017271008	73.74102349	0.589736769	97
CLOUD193	CLOUD143	96.73717693	89.25430294	99.80611638	0.996493869	3.5
CLOUD229	CLOUD128	0.294050343	10.62896364	0	0.108917595	93.6
CLOUD215	CLOUD083	17.3356167	26.61512503	100	0.393368457	98.3
CLOUD089	CLOUD171	80.21460332	0.32239215	45.74295847	0.802783899	22.3
CLOUD089	CLOUD173	80.21460332	26.96680805	63.20088928	0.855500933	22.4
CLOUD102	CLOUD103	11.69030422	85.39038766	97.41740972	0.870982958	53.3
CLOUD025	CLOUD143	2.150875492	89.25430294	96.10035451	0.894854295	4.7
CLOUD120	CLOUD071	35.48998063	11.44575694	18.73784914	0.428736407	98.8
CLOUD232	CLOUD179	50.0790699	98.65510327	100	0.99328615	95
CLOUD229	CLOUD243	0.294050343	84.97484141	100	0.850190229	98.3
CLOUD203	CLOUD166	24.35133625	39.13122131	38.55588463	0.539535823	98.1
CLOUD025	CLOUD256	2.150875492	0	0	0.021508755	99.1
CLOUD169	CLOUD213	52.14382245	45.94459407	100	0.74131149	99
CLOUD031	CLOUD169	36.39400064	52.14382245	95.44620247	0.695606	98
CLOUD179	CLOUD229	98.65510327	0.294050343	100	0.986590579	98.9
CLOUD179	CLOUD222	98.65510327	0	100	0.986551033	92.5
CLOUD250	CLOUD071	2.964857381	11.44575694	21.42954763	0.14071264	99.1
CLOUD190	CLOUD203	17.11103228	24.35133625	16.11053397	0.372956035	98.6
CLOUD229	CLOUD089	0.294050343	80.21460332	64.8846714	0.802727823	22.5
CLOUD190	CLOUD209	17.11103228	99.87921859	100	0.998998855	2.4
CLOUD122	CLOUD256	58.96658998	0	67.96688275	0.5896659	97
CLOUD122	CLOUD250	58.96658998	2.964857381	57.87734875	0.601831721	97
CLOUD171	CLOUD057	0.32239215	100	96.92300465	1	8
CLOUD120	CLOUD222	35.48998063	0	0	0.354899806	90.7
CLOUD169	CLOUD057	52.14382245	100	100	1	4.9
CLOUD059	CLOUD264	1.662962311	36.36300704	0	0.374212662	99.5
CLOUD115	CLOUD143	99.78243983	89.25430294	100	0.999766216	3.9
CLOUD179	CLOUD024	98.65510327	98.72289447	100	0.999828242	1
CLOUD103	CLOUD071	85.39038766	11.44575694	0	0.870625684	84.9
CLOUD088	CLOUD102	0	11.69030422	43.91666641	0.116903042	64.3
CLOUD173	CLOUD179	26.96680805	98.65510327	100	0.99017779	97.3
CLOUD114	CLOUD049	84.27757776	0.017271008	100	0.842802932	3.3
CLOUD083	CLOUD203	26.61512503	24.35133625	50.38587776	0.444853227	98.5
CLOUD083	CLOUD207	26.61512503	0	0	0.26615125	99
CLOUD166	CLOUD264	39.13122131	36.36300704	86.06852911	0.612649396	98.1
CLOUD025	CLOUD259	2.150875492	96.22080761	100	0.963020933	97.9
CLOUD165	CLOUD213	100	45.94459407	100	1	58.4
CLOUD128	CLOUD179	10.62896364	98.65510327	100	0.987980519	93.5
CLOUD128	CLOUD173	10.62896364	26.96680805	52.55083612	0.347294795	93.3
CLOUD128	CLOUD171	10.62896364	0.32239215	9.466260718	0.109170888	93.5
CLOUD184	CLOUD173	0	26.96680805	52.51485851	0.26966808	91.8
CLOUD282	CLOUD229	100	7.489127453	100	1	1.2
CLOUD282	CLOUD222	100	0.003213023	100	1	4.8
CLOUD282	CLOUD213	100	82.34678084	100	1	1.2
CLOUD282	CLOUD243	100	99.28313877	100	1	1.2
CLOUD282	CLOUD234	100	8.714281694	100	1	1.2
CLOUD282	CLOUD232	100	36.05092435	100	1	1.2
CLOUD282	CLOUD129	100	0.84023752	100	1	1.2
CLOUD282	CLOUD103	100	98.80689729	100	1	1.7
CLOUD282	CLOUD169	100	92.79249895	100	1	2.2
CLOUD282	CLOUD104	100	100	100	1	1.1
CLOUD282	CLOUD114	100	96.29955615	100	1	2.7
CLOUD282	CLOUD112	100	96.46749507	100	1	1.1
CLOUD282	CLOUD115	100	86.04855318	100	1	1.2
CLOUD282	CLOUD122	100	5.076590092	100	1	1.2
CLOUD282	CLOUD143	100	99.39809361	100	1	1.9
CLOUD282	CLOUD165	100	87.6275808	100	1	2.3
CLOUD282	CLOUD166	100	100	100	1	1.2
CLOUD282	CLOUD171	100	0	100	1	8
CLOUD282	CLOUD025	100	11.02931692	100	1	1.2
CLOUD282	CLOUD180	100	0	100	1	1.2
CLOUD271	CLOUD264	100	5.364310521	100	1	56.9
CLOUD282	CLOUD049	100	6.949049359	100	1	2.5
CLOUD282	CLOUD117	100	100	100	1	2.4
CLOUD282	CLOUD057	100	95.83707105	100	1	1.9
CLOUD282	CLOUD053	100	28.85265093	100	1	1.8
CLOUD282	CLOUD059	100	5.652553764	100	1	1.2
CLOUD271	CLOUD243	100	99.28313877	100	1	9.1
CLOUD271	CLOUD249	100	1.133029784	100	1	56
CLOUD282	CLOUD203	100	71.82582596	100	1	4
CLOUD282	CLOUD190	100	2.438397562	100	1	1.2
CLOUD282	CLOUD193	100	97.8426641	100	1	1.2
CLOUD271	CLOUD256	100	0	100	1	19.5
CLOUD271	CLOUD250	100	96.70078756	100	1	8.1
CLOUD271	CLOUD259	100	2.700642109	96.96575057	1	16.4
CLOUD282	CLOUD250	100	96.70078756	100	1	1.2
CLOUD282	CLOUD215	100	7.630983954	100	1	1.2
CLOUD282	CLOUD179	100	81.36359041	100	1	1.2
CLOUD282	CLOUD188	100	7.672823145	100	1	1.2
CLOUD190	CLOUD250	1.463038537	97.80260318	100	0.978347519	99.3
CLOUD249	CLOUD193	4.060179716	95.99007392	100	0.961528841	97.3
CLOUD232	CLOUD102	49.94292819	81.14345666	73.79348104	0.905609666	68.6
CLOUD213	CLOUD120	84.10286106	14.71987221	98.76915148	0.864428996	98.9
CLOUD215	CLOUD209	4.578590372	98.67038398	100	0.987312617	2.4
CLOUD114	CLOUD271	97.53303743	100	97.57468345	1	3.3
CLOUD271	CLOUD071	100	5.466956662	88.44363033	1	50.9
CLOUD113	CLOUD049	3.962771739	2.779619744	26.53534497	0.066322415	86.5
CLOUD232	CLOUD117	49.94292819	100	100	1	2.9
CLOUD243	CLOUD215	99.56988326	4.578590372	100	0.995895765	98
CLOUD249	CLOUD071	4.060179716	5.466956662	0	0.093051681	98.7
CLOUD207	CLOUD180	20.06360587	14.52251298	45.76478343	0.316723791	99.5
CLOUD271	CLOUD282	100	97.0268529	100	1	3.3
CLOUD179	CLOUD120	92.23679888	14.71987221	93.1724645	0.933795322	98.9
CLOUD113	CLOUD215	3.962771739	4.578590372	10.96951691	0.08359923	91.6
CLOUD271	CLOUD031	100	8.891211187	100	1	52.2
CLOUD120	CLOUD113	14.71987221	3.962771739	0	0.18099329	88.8
CLOUD179	CLOUD250	92.23679888	97.80260318	100	0.998294117	98.9
CLOUD282	CLOUD173	97.0268529	64.21880102	100	0.989361723	4.4
CLOUD215	CLOUD173	4.578590372	64.21880102	70.65210126	0.658570755	97.3
CLOUD215	CLOUD196	4.578590372	16.55522326	46.41391111	0.203758178	59.6
CLOUD120	CLOUD271	14.71987221	100	96.41004576	1	8.8
CLOUD114	CLOUD250	97.53303743	97.80260318	98.18378007	0.99945791	3.4
CLOUD271	CLOUD059	100	3.391532259	96.15329086	1	9.2
CLOUD113	CLOUD203	3.962771739	43.09549558	0	0.453504912	89.1
CLOUD112	CLOUD249	97.88049704	4.060179716	100	0.979665527	98.7
CLOUD215	CLOUD207	4.578590372	20.06360587	52.08490557	0.237235659	98.3
CLOUD113	CLOUD025	3.962771739	7.365441333	0	0.110363374	91.7
CLOUD271	CLOUD193	100	95.99007392	92.99510956	1	5.9
CLOUD271	CLOUD196	100	16.55522326	100	1	59.2
CLOUD271	CLOUD199	100	91.52162346	100	1	17.3
CLOUD088	CLOUD232	0	49.94292819	73.6562176	0.499429282	95
CLOUD115	CLOUD271	88.70577015	100	100	1	7
CLOUD249	CLOUD128	4.060179716	10.59818161	38.7074456	0.142280561	93.6
CLOUD199	CLOUD113	91.52162346	3.962771739	100	0.918576022	89.4
CLOUD113	CLOUD232	3.962771739	49.94292819	68.06618501	0.519265757	90.7
CLOUD207	CLOUD256	20.06360587	1.604001903	68.08532987	0.213457872	99.5
CLOUD207	CLOUD250	20.06360587	97.80260318	100	0.982434802	99.4
CLOUD088	CLOUD113	0	3.962771739	0	0.039627717	87.3
CLOUD173	CLOUD250	64.21880102	97.80260318	100	0.992137451	97.3
CLOUD249	CLOUD250	4.060179716	97.80260318	100	0.978918214	98.7
CLOUD271	CLOUD173	100	64.21880102	100	1	9.3
CLOUD259	CLOUD215	1.620385265	4.578590372	9.470141308	0.061247848	97.6
CLOUD234	CLOUD232	31.54147231	49.94292819	96.4525362	0.657316656	95
CLOUD120	CLOUD059	14.71987221	3.391532259	6.177248551	0.176121753	98.9
CLOUD113	CLOUD179	3.962771739	92.23679888	99.14163848	0.925444368	91.6
CLOUD271	CLOUD089	100	81.28447686	94.88952977	1	13.9
CLOUD113	CLOUD171	3.962771739	0.919752826	0	0.048460769	91.6
CLOUD249	CLOUD179	4.060179716	92.23679888	93.23554606	0.925519988	98.7
CLOUD215	CLOUD250	4.578590372	97.80260318	93.11642278	0.97903213	98.2
CLOUD249	CLOUD103	4.060179716	92.68754929	73.25531032	0.929844479	91
CLOUD249	CLOUD243	4.060179716	99.56988326	100	0.995873468	98.3
CLOUD129	CLOUD271	0.84023752	100	98.71775625	1	8.6
CLOUD215	CLOUD169	4.578590372	69.59437421	0	0.709865233	98.3
CLOUD271	CLOUD164	100	2.139128899	100	1	43.4
CLOUD120	CLOUD249	14.71987221	4.060179716	3.060454723	0.181823987	98.7
CLOUD215	CLOUD089	4.578590372	81.28447686	95.38321603	0.82141384	22.4
CLOUD249	CLOUD117	4.060179716	100	97.17540559	1	56
CLOUD129	CLOUD249	0.84023752	4.060179716	100	0.048663021	96.1
CLOUD199	CLOUD250	91.52162346	97.80260318	100	0.998136964	96.7
CLOUD188	CLOUD249	24.21205694	4.060179716	33.83551603	0.272891836	98.7
CLOUD115	CLOUD215	88.70577015	4.578590372	97.16392052	0.892228867	95.2
CLOUD271	CLOUD232	100	49.94292819	100	1	9.2
CLOUD271	CLOUD234	100	31.54147231	100	1	9.3
CLOUD113	CLOUD117	3.962771739	100	96.96028888	1	14.7
CLOUD165	CLOUD271	90.570021	100	100	1	5.6
CLOUD115	CLOUD249	88.70577015	4.060179716	80.76284492	0.891643362	95.5
CLOUD229	CLOUD249	8.020503048	4.060179716	24.62958618	0.117550359	98.7
CLOUD243	CLOUD120	99.56988326	14.71987221	100	0.996331959	97.7
CLOUD249	CLOUD169	4.060179716	69.59437421	0	0.708288973	98.7
CLOUD249	CLOUD164	4.060179716	2.139128899	0	0.061124561	97.9
CLOUD249	CLOUD166	4.060179716	71.62549038	39.87565646	0.727775465	98.1
CLOUD215	CLOUD271	4.578590372	100	100	1	9.3
CLOUD115	CLOUD113	88.70577015	3.962771739	96.2862128	0.891533347	77.6
CLOUD264	CLOUD120	3.218586313	14.71987221	2.318472311	0.174646867	98.8
CLOUD188	CLOUD271	24.21205694	100	100	1	9.3
CLOUD271	CLOUD207	100	20.06360587	91.85852201	1	37.6
CLOUD271	CLOUD203	100	43.09549558	100	1	9
CLOUD271	CLOUD143	100	99.39809361	100	1	3.3
CLOUD264	CLOUD250	3.218586313	97.80260318	100	0.978733283	99.2
CLOUD256	CLOUD249	1.604001903	4.060179716	0	0.055990563	98.7
CLOUD120	CLOUD282	14.71987221	97.0268529	100	0.974644964	1.2
CLOUD165	CLOUD249	90.570021	4.060179716	93.56712297	0.909528951	58.5
CLOUD229	CLOUD271	8.020503048	100	93.35580532	1	9.3
CLOUD103	CLOUD271	92.68754929	100	99.30068037	1	5.8
CLOUD128	CLOUD271	10.59818161	100	93.39934395	1	32.9
CLOUD250	CLOUD025	97.80260318	7.365441333	100	0.979644511	99.1
CLOUD143	CLOUD120	99.39809361	14.71987221	0	0.994866935	4.6
CLOUD102	CLOUD271	81.14345666	100	100	1	31.3
CLOUD271	CLOUD213	100	84.10286106	100	1	9.3
CLOUD259	CLOUD250	1.620385265	97.80260318	100	0.978382095	96
CLOUD120	CLOUD128	14.71987221	10.59818161	27.44577499	0.23758015	91.7
CLOUD232	CLOUD222	49.94292819	0.116658739	85.49836675	0.500013241	91.8
CLOUD207	CLOUD117	20.06360587	100	88.83339858	1	37.6
CLOUD215	CLOUD057	4.578590372	97.50224263	100	0.976166047	4.9
CLOUD173	CLOUD113	64.21880102	3.962771739	77.40540632	0.656367283	91.4
CLOUD117	CLOUD271	100	100	100	1	3.3
CLOUD129	CLOUD120	0.84023752	14.71987221	98.36310151	0.154364278	95.6
CLOUD049	CLOUD249	2.779619744	4.060179716	30.55403367	0.067269419	98.7
CLOUD025	CLOUD271	7.365441333	100	99.31438175	1	9.3
CLOUD215	CLOUD088	4.578590372	0	13.82855974	0.045785904	98
CLOUD271	CLOUD057	100	97.50224263	96.63450603	1	3.3
CLOUD250	CLOUD113	97.80260318	3.962771739	100	0.97889681	86.2
CLOUD173	CLOUD120	64.21880102	14.71987221	78.44408583	0.694857478	97.3
CLOUD169	CLOUD271	69.59437421	100	100	1	9.2
CLOUD209	CLOUD250	98.67038398	97.80260318	100	0.999707831	2.4
CLOUD271	CLOUD184	100	4.225974709	99.367709	1	12.2
CLOUD049	CLOUD271	2.779619744	100	98.92530364	1	5.8
CLOUD271	CLOUD113	100	3.962771739	99.61701582	1	14.7
CLOUD271	CLOUD112	100	97.88049704	95.27492266	1	5.4
CLOUD120	CLOUD031	14.71987221	8.891211187	88.33785074	0.223023085	96.8
CLOUD222	CLOUD113	0.116658739	3.962771739	0	0.040748076	79.1
CLOUD250	CLOUD120	97.80260318	14.71987221	97.24107211	0.981260572	97.9
CLOUD120	CLOUD215	14.71987221	4.578590372	21.54519172	0.186244999	98.2
CLOUD229	CLOUD207	8.020503048	20.06360587	65.79623628	0.264749068	99.3
CLOUD169	CLOUD113	69.59437421	3.962771739	17.51382218	0.707992798	90.9
CLOUD122	CLOUD271	2.627026191	100	100	1	8.5
CLOUD128	CLOUD113	10.59818161	3.962771739	28.20870296	0.141409716	80.4
CLOUD102	CLOUD249	81.14345666	4.060179716	89.83976601	0.819090662	69.1
CLOUD179	CLOUD271	92.23679888	100	100	1	9.2
CLOUD122	CLOUD120	2.627026191	14.71987221	24.51010694	0.169602035	97
CLOUD190	CLOUD120	1.463038537	14.71987221	0	0.159675533	99
CLOUD166	CLOUD271	71.62549038	100	96.71138035	1	9.2
CLOUD083	CLOUD113	94.01490556	3.962771739	32.39498486	0.942520812	90.5
CLOUD193	CLOUD250	95.99007392	97.80260318	100	0.99911886	92.9
CLOUD190	CLOUD271	1.463038537	100	100	1	9.3
CLOUD180	CLOUD271	14.52251298	100	100	1	9.3
CLOUD120	CLOUD207	14.71987221	20.06360587	94.45086815	0.318301409	98.9
CLOUD104	CLOUD271	99.48214997	100	100	1	3.3
CLOUD103	CLOUD250	92.68754929	97.80260318	99.361087	0.998393164	82.8
CLOUD113	CLOUD188	3.962771739	24.21205694	16.91992565	0.272153601	91.9
CLOUD024	CLOUD215	98.96514269	4.578590372	100	0.990125246	1
CLOUD120	CLOUD165	14.71987221	90.570021	100	0.919581019	55.2
CLOUD083	CLOUD271	94.01490556	100	100	1	29.4
CLOUD165	CLOUD215	90.570021	4.578590372	91.2156431	0.910017811	58.4
CLOUD249	CLOUD180	4.060179716	14.52251298	37.47902041	0.179930526	98.7
CLOUD088	CLOUD271	0	100	100	1	57.2
CLOUD249	CLOUD059	4.060179716	3.391532259	0	0.073140097	98.7
CLOUD171	CLOUD271	0.919752826	100	100	1	9
CLOUD222	CLOUD271	0.116658739	100	100	1	8.8
CLOUD120	CLOUD171	14.71987221	0.919752826	0	0.155042386	97.7
