160	37	0.95	71.74865513	279	81.1	39.13122131	49.92073172
160	275	16.8	99.94879672	276	73.5	0.32239215	100
160	275	16.8	99.94879672	292	89.4	26.96680805	100
160	275	16.8	99.94879672	46	650	98.65510327	100
160	294	76.6	0	286	132.6	26.35059193	4.644690754
160	294	76.6	0	288	177	50.0790699	35.40375522
160	63	0.4	80.21460332	288	177	50.0790699	76.07493476
160	281	78	100	248	0.1	2.150875492	100
160	259	28.3	89.25430294	21	10.3	100	100
160	8	15.4	99.78243983	295	1.4	0	88.77601923
160	8	15.4	99.78243983	289	10	96.22080761	100
160	289	10	96.22080761	269	19.8	58.96658998	100
160	273	178	17.3356167	279	81.1	39.13122131	0
160	19	7.5	99.87921859	288	177	50.0790699	89.81875324
160	19	7.5	99.87921859	286	132.6	26.35059193	100
160	278	333.1	84.97484141	61	9.9	11.69030422	96.97388795
160	106	9.8	96.94297546	33	0.2	99.99187369	100
160	106	9.8	96.94297546	283	0.013	1.662962311	90.05069258
160	268	86.7	94.77996018	284	118.7	17.11103228	100
160	61	9.9	11.69030422	273	178	17.3356167	14.68829651
160	263	0.46	98.44403556	14	334.9	2.964857381	100
160	106	9.8	96.94297546	264	214.1	45.94459407	82.56464943
160	284	118.7	17.11103228	281	78	100	100
160	291	66.9	24.35133625	264	214.1	45.94459407	69.63283161
160	48	14	84.27757776	279	81.1	39.13122131	41.64408576
160	48	14	84.27757776	281	78	100	100
160	261	13.2	85.39038766	264	214.1	45.94459407	100
160	282	5.3	26.61512503	293	48.8	35.48998063	0
160	282	5.3	26.61512503	269	19.8	58.96658998	60.93082005
160	14	334.9	2.964857381	61	9.9	11.69030422	21.13824684
160	273	178	17.3356167	283	0.013	1.662962311	52.596552
160	92	70.6	36.73976992	271	319.5	0	55.37844652
160	92	70.6	36.73976992	291	66.9	24.35133625	84.18875988
160	273	178	17.3356167	33	0.2	99.99187369	100
160	263	0.46	98.44403556	265	0.4	0	100
160	263	0.46	98.44403556	290	41.8	0.294050343	100
160	265	0.4	0	286	132.6	26.35059193	100
160	248	0.1	2.150875492	274	63.9	100	100
160	248	0.1	2.150875492	284	118.7	17.11103228	37.60801138
160	248	0.1	2.150875492	285	308.3	96.73717693	98.42539747
160	264	214.1	45.94459407	278	333.1	84.97484141	100
160	90	0.7	11.44575694	264	214.1	45.94459407	77.50955626
160	90	0.7	11.44575694	273	178	17.3356167	68.57804807
160	261	13.2	85.39038766	274	63.9	100	100
160	264	214.1	45.94459407	92	70.6	36.73976992	74.33858268
160	260	20.7	36.36300704	274	63.9	100	100
160	260	20.7	36.36300704	37	0.95	71.74865513	84.09704843
160	260	20.7	36.36300704	284	118.7	17.11103228	100
160	260	20.7	36.36300704	290	41.8	0.294050343	57.75928705
160	261	13.2	85.39038766	248	0.1	2.150875492	100
160	90	0.7	11.44575694	290	41.8	0.294050343	16.22162668
160	263	0.46	98.44403556	21	10.3	100	95.92563474
160	281	78	100	263	0.46	98.44403556	100
160	8	15.4	99.78243983	284	118.7	17.11103228	100
160	8	15.4	99.78243983	285	308.3	96.73717693	100
160	8	15.4	99.78243983	37	0.95	71.74865513	100
160	21	10.3	100	14	334.9	2.964857381	100
160	268	86.7	94.77996018	273	178	17.3356167	99.05634201
160	283	0.013	1.662962311	272	0.0023	0	10.05597895
160	292	89.4	26.96680805	268	86.7	94.77996018	100
160	276	73.5	0.32239215	295	1.4	0	0
160	288	177	50.0790699	291	66.9	24.35133625	0.503969952
160	21	10.3	100	106	9.8	96.94297546	100
160	21	10.3	100	8	15.4	99.78243983	100
160	21	10.3	100	48	14	84.27757776	100
160	21	10.3	100	275	16.8	99.94879672	100
160	269	19.8	58.96658998	272	0.0023	0	63.8387678
160	274	63.9	100	290	41.8	0.294050343	100
160	270	1.3	0.017271008	259	28.3	89.25430294	100
160	274	63.9	100	265	0.4	0	100
160	286	132.6	26.35059193	276	73.5	0.32239215	53.81484286
160	268	86.7	94.77996018	283	0.013	1.662962311	99.6841965
160	279	81.1	39.13122131	92	70.6	36.73976992	40.57936087
160	279	81.1	39.13122131	66	62.5	52.14382245	100
160	285	308.3	96.73717693	274	63.9	100	100
160	285	308.3	96.73717693	37	0.95	71.74865513	100
160	290	41.8	0.294050343	292	89.4	26.96680805	0
160	63	0.4	80.21460332	259	28.3	89.25430294	100
160	248	0.1	2.150875492	41	2.5	36.39400064	32.22055115
160	248	0.1	2.150875492	48	14	84.27757776	91.97742717
160	248	0.1	2.150875492	275	16.8	99.94879672	100
160	14	334.9	2.964857381	291	66.9	24.35133625	41.88725996
160	260	20.7	36.36300704	277	14.2	0.202713617	0.820377279
160	33	0.2	99.99187369	263	0.46	98.44403556	100
160	48	14	84.27757776	291	66.9	24.35133625	100
160	66	62.5	52.14382245	265	0.4	0	59.86866959
160	66	62.5	52.14382245	290	41.8	0.294050343	3.23612518
160	270	1.3	0.017271008	284	118.7	17.11103228	42.42175755
160	270	1.3	0.017271008	274	63.9	100	100
160	41	2.5	36.39400064	61	9.9	11.69030422	34.28779202
160	41	2.5	36.39400064	261	13.2	85.39038766	100
160	46	650	98.65510327	264	214.1	45.94459407	92.66637285
160	46	650	98.65510327	273	178	17.3356167	100
160	289	10	96.22080761	285	308.3	96.73717693	98.72898729
160	289	10	96.22080761	290	41.8	0.294050343	97.85021102
160	283	0.013	1.662962311	278	333.1	84.97484141	97.00887803
160	92	70.6	36.73976992	293	48.8	35.48998063	31.24708618
160	269	19.8	58.96658998	19	7.5	99.87921859	100
160	269	19.8	58.96658998	291	66.9	24.35133625	34.89728367
160	269	19.8	58.96658998	271	319.5	0	48.04360608
160	273	178	17.3356167	260	20.7	36.36300704	20.32161565
160	265	0.4	0	272	0.0023	0	0
160	293	48.8	35.48998063	295	1.4	0	0
160	293	48.8	35.48998063	289	10	96.22080761	100
160	281	78	100	268	86.7	94.77996018	100
160	281	78	100	294	76.6	0	100
160	8	15.4	99.78243983	106	9.8	96.94297546	100
160	293	48.8	35.48998063	291	66.9	24.35133625	14.6427397
160	272	0.0023	0	46	650	98.65510327	100
160	272	0.0023	0	276	73.5	0.32239215	0
160	292	89.4	26.96680805	261	13.2	85.39038766	0
160	21	10.3	100	284	118.7	17.11103228	100
160	21	10.3	100	285	308.3	96.73717693	98.22847234
160	282	5.3	26.61512503	288	177	50.0790699	98.19662595
160	279	81.1	39.13122131	14	334.9	2.964857381	0
160	265	0.4	0	269	19.8	58.96658998	56.89968035
160	281	78	100	290	41.8	0.294050343	96.19486071
160	281	78	100	265	0.4	0	100
160	259	28.3	89.25430294	273	178	17.3356167	36.21251474
160	267	3.4	10.62896364	61	9.9	11.69030422	30.37518713
160	285	308.3	96.73717693	275	16.8	99.94879672	100
160	11	1.6	98.72289447	288	177	50.0790699	100
160	295	1.4	0	268	86.7	94.77996018	100
160	292	89.4	26.96680805	90	0.7	11.44575694	41.75577824
160	293	48.8	35.48998063	248	0.1	2.150875492	95.4497693
160	275	16.8	99.94879672	259	28.3	89.25430294	100
160	90	0.7	11.44575694	66	62.5	52.14382245	91.11097288
160	90	0.7	11.44575694	92	70.6	36.73976992	10.79497492
160	90	0.7	11.44575694	281	78	100	33.02247438
160	90	0.7	11.44575694	279	81.1	39.13122131	0
160	285	308.3	96.73717693	295	1.4	0	100
160	277	14.2	0.202713617	90	0.7	11.44575694	0
160	293	48.8	35.48998063	288	177	50.0790699	100
160	290	41.8	0.294050343	286	132.6	26.35059193	0
160	33	0.2	99.99187369	268	86.7	94.77996018	100
160	33	0.2	99.99187369	262	115.2	1.596485175	100
160	263	0.46	98.44403556	269	19.8	58.96658998	98.6631736
160	263	0.46	98.44403556	293	48.8	35.48998063	100
160	263	0.46	98.44403556	280	23.8	100	100
160	106	9.8	96.94297546	61	9.9	11.69030422	100
160	294	76.6	0	260	20.7	36.36300704	36.47617677
160	48	14	84.27757776	293	48.8	35.48998063	92.84407114
160	280	23.8	100	279	81.1	39.13122131	99.70854096
160	280	23.8	100	92	70.6	36.73976992	100
160	280	23.8	100	281	78	100	100
160	280	23.8	100	66	62.5	52.14382245	96.70397849
160	270	1.3	0.017271008	275	16.8	99.94879672	100
160	41	2.5	36.39400064	294	76.6	0	6.328984916
160	61	9.9	11.69030422	283	0.013	1.662962311	33.64739618
160	41	2.5	36.39400064	262	115.2	1.596485175	39.03847863
160	284	118.7	17.11103228	289	10	96.22080761	99.95837037
160	46	650	98.65510327	283	0.013	1.662962311	100
160	46	650	98.65510327	21	10.3	100	100
160	262	115.2	1.596485175	269	19.8	58.96658998	43.3042584
160	262	115.2	1.596485175	280	23.8	100	89.93589435
160	259	28.3	89.25430294	262	115.2	1.596485175	100
160	259	28.3	89.25430294	268	86.7	94.77996018	100
160	259	28.3	89.25430294	294	76.6	0	0
160	277	14.2	0.202713617	271	319.5	0	83.97324017
160	264	214.1	45.94459407	14	334.9	2.964857381	53.1206923
160	264	214.1	45.94459407	289	10	96.22080761	98.60480183
160	261	13.2	85.39038766	294	76.6	0	100
160	271	319.5	0	292	89.4	26.96680805	0
160	92	70.6	36.73976992	270	1.3	0.017271008	51.56320101
160	293	48.8	35.48998063	285	308.3	96.73717693	100
160	293	48.8	35.48998063	37	0.95	71.74865513	58.13145599
160	248	0.1	2.150875492	271	319.5	0	0
160	248	0.1	2.150875492	291	66.9	24.35133625	50.14218923
160	248	0.1	2.150875492	19	7.5	99.87921859	100
160	66	62.5	52.14382245	294	76.6	0	100
160	66	62.5	52.14382245	268	86.7	94.77996018	98.22847234
160	66	62.5	52.14382245	262	115.2	1.596485175	92.55880941
160	267	3.4	10.62896364	268	86.7	94.77996018	96.63819855
160	295	1.4	0	61	9.9	11.69030422	14.89008041
160	106	9.8	96.94297546	260	20.7	36.36300704	100
160	260	20.7	36.36300704	248	0.1	2.150875492	35.02770417
160	283	0.013	1.662962311	269	19.8	58.96658998	53.12915456
160	284	118.7	17.11103228	285	308.3	96.73717693	100
160	284	118.7	17.11103228	274	63.9	100	100
160	48	14	84.27757776	8	15.4	99.78243983	100
160	275	16.8	99.94879672	286	132.6	26.35059193	97.42686311
160	261	13.2	85.39038766	265	0.4	0	100
160	262	115.2	1.596485175	281	78	100	100
160	282	5.3	26.61512503	46	650	98.65510327	100
160	282	5.3	26.61512503	292	89.4	26.96680805	100
160	282	5.3	26.61512503	276	73.5	0.32239215	1.803658006
160	92	70.6	36.73976992	286	132.6	26.35059193	70.37194374
160	92	70.6	36.73976992	288	177	50.0790699	70.95948642
160	263	0.46	98.44403556	264	214.1	45.94459407	100
160	288	177	50.0790699	284	118.7	17.11103228	100
160	295	1.4	0	280	23.8	100	100
160	264	214.1	45.94459407	284	118.7	17.11103228	87.90434061
160	264	214.1	45.94459407	37	0.95	71.74865513	71.83517417
160	8	15.4	99.78243983	271	319.5	0	100
160	8	15.4	99.78243983	19	7.5	99.87921859	100
160	276	73.5	0.32239215	264	214.1	45.94459407	69.77121967
160	292	89.4	26.96680805	37	0.95	71.74865513	73.61268403
160	270	1.3	0.017271008	295	1.4	0	24.14270257
160	270	1.3	0.017271008	14	334.9	2.964857381	11.85618313
160	267	3.4	10.62896364	260	20.7	36.36300704	42.0170066
160	262	115.2	1.596485175	273	178	17.3356167	72.25764166
160	262	115.2	1.596485175	264	214.1	45.94459407	64.00914171
160	270	1.3	0.017271008	267	3.4	10.62896364	9.785337947
160	269	19.8	58.96658998	261	13.2	85.39038766	100
160	269	19.8	58.96658998	61	9.9	11.69030422	76.02305923
160	286	132.6	26.35059193	260	20.7	36.36300704	52.12535799
160	268	86.7	94.77996018	269	19.8	58.96658998	100
160	271	319.5	0	280	23.8	100	82.78353902
160	271	319.5	0	267	3.4	10.62896364	0
160	280	23.8	100	19	7.5	99.87921859	100
160	280	23.8	100	291	66.9	24.35133625	100
160	11	1.6	98.72289447	269	19.8	58.96658998	100
160	11	1.6	98.72289447	280	23.8	100	100
160	21	10.3	100	290	41.8	0.294050343	100
160	21	10.3	100	265	0.4	0	100
160	268	86.7	94.77996018	278	333.1	84.97484141	100
160	272	0.0023	0	14	334.9	2.964857381	0
160	282	5.3	26.61512503	90	0.7	11.44575694	0
160	275	16.8	99.94879672	61	9.9	11.69030422	64.45628481
160	296	701.2	0	282	5.3	26.61512503	0
160	66	62.5	52.14382245	263	0.46	98.44403556	100
160	66	62.5	52.14382245	61	9.9	11.69030422	32.29162016
160	37	0.95	71.74865513	283	0.013	1.662962311	57.53494533
160	284	118.7	17.11103228	277	14.2	0.202713617	60.13515499
160	284	118.7	17.11103228	48	14	84.27757776	100
160	268	86.7	94.77996018	272	0.0023	0	99.55612508
160	268	86.7	94.77996018	63	0.4	80.21460332	100
160	271	319.5	0	272	0.0023	0	0
160	280	23.8	100	61	9.9	11.69030422	100
160	48	14	84.27757776	285	308.3	96.73717693	100
160	294	76.6	0	37	0.95	71.74865513	47.25429705
160	294	76.6	0	274	63.9	100	100
160	61	9.9	11.69030422	92	70.6	36.73976992	64.57339754
160	61	9.9	11.69030422	279	81.1	39.13122131	22.58550842
160	63	0.4	80.21460332	274	63.9	100	100
160	33	0.2	99.99187369	288	177	50.0790699	89.81435379
160	265	0.4	0	296	701.2	0	0
160	37	0.95	71.74865513	288	177	50.0790699	87.21743919
160	248	0.1	2.150875492	267	3.4	10.62896364	3.795325122
160	248	0.1	2.150875492	269	19.8	58.96658998	70.35880416
160	288	177	50.0790699	8	15.4	99.78243983	99.00782555
160	90	0.7	11.44575694	260	20.7	36.36300704	100
160	280	23.8	100	285	308.3	96.73717693	100
160	264	214.1	45.94459407	275	16.8	99.94879672	99.35313531
160	291	66.9	24.35133625	262	115.2	1.596485175	0
160	41	2.5	36.39400064	286	132.6	26.35059193	16.7546229
160	260	20.7	36.36300704	259	28.3	89.25430294	86.05744687
160	33	0.2	99.99187369	46	650	98.65510327	100
160	272	0.0023	0	270	1.3	0.017271008	1.822527637
160	280	23.8	100	284	118.7	17.11103228	100
160	280	23.8	100	274	63.9	100	100
160	41	2.5	36.39400064	292	89.4	26.96680805	74.76163504
160	41	2.5	36.39400064	46	650	98.65510327	100
160	283	0.013	1.662962311	264	214.1	45.94459407	69.98638715
160	278	333.1	84.97484141	265	0.4	0	100
160	46	650	98.65510327	63	0.4	80.21460332	100
160	8	15.4	99.78243983	280	23.8	100	100
160	8	15.4	99.78243983	267	3.4	10.62896364	91.47472483
160	8	15.4	99.78243983	269	19.8	58.96658998	68.41124812
160	295	1.4	0	264	214.1	45.94459407	42.3138949
160	283	0.013	1.662962311	33	0.2	99.99187369	100
160	271	319.5	0	278	333.1	84.97484141	31.75010697
160	277	14.2	0.202713617	261	13.2	85.39038766	100
160	277	14.2	0.202713617	61	9.9	11.69030422	0
160	274	63.9	100	289	10	96.22080761	98.51661675
160	286	132.6	26.35059193	263	0.46	98.44403556	100
160	279	81.1	39.13122131	19	7.5	99.87921859	100
160	279	81.1	39.13122131	271	319.5	0	0
160	278	333.1	84.97484141	21	10.3	100	100
160	259	28.3	89.25430294	290	41.8	0.294050343	0
160	285	308.3	96.73717693	66	62.5	52.14382245	100
160	285	308.3	96.73717693	281	78	100	92.69391394
160	285	308.3	96.73717693	92	70.6	36.73976992	100
160	106	9.8	96.94297546	294	76.6	0	100
160	106	9.8	96.94297546	262	115.2	1.596485175	98.6712745
160	11	1.6	98.72289447	278	333.1	84.97484141	100
160	63	0.4	80.21460332	106	9.8	96.94297546	92.44210523
160	259	28.3	89.25430294	296	701.2	0	0
160	37	0.95	71.74865513	61	9.9	11.69030422	23.05424809
160	275	16.8	99.94879672	48	14	84.27757776	100
160	275	16.8	99.94879672	8	15.4	99.78243983	100
160	63	0.4	80.21460332	295	1.4	0	55.94625212
160	63	0.4	80.21460332	289	10	96.22080761	100
160	274	63.9	100	37	0.95	71.74865513	86.37046069
160	288	177	50.0790699	14	334.9	2.964857381	0
160	290	41.8	0.294050343	261	13.2	85.39038766	100
160	280	23.8	100	275	16.8	99.94879672	100
160	280	23.8	100	48	14	84.27757776	93.0236623
160	280	23.8	100	277	14.2	0.202713617	97.96014836
160	14	334.9	2.964857381	33	0.2	99.99187369	100
160	14	334.9	2.964857381	283	0.013	1.662962311	0
160	92	70.6	36.73976992	292	89.4	26.96680805	68.73560041
160	92	70.6	36.73976992	276	73.5	0.32239215	68.03393262
160	273	178	17.3356167	261	13.2	85.39038766	35.86973219
160	273	178	17.3356167	263	0.46	98.44403556	95.01065089
160	248	0.1	2.150875492	270	1.3	0.017271008	0
160	282	5.3	26.61512503	267	3.4	10.62896364	12.03658342
160	293	48.8	35.48998063	19	7.5	99.87921859	100
160	286	132.6	26.35059193	292	89.4	26.96680805	53.96274946
160	262	115.2	1.596485175	46	650	98.65510327	96.45904949
160	272	0.0023	0	280	23.8	100	100
160	272	0.0023	0	293	48.8	35.48998063	0
160	8	15.4	99.78243983	293	48.8	35.48998063	100
160	277	14.2	0.202713617	294	76.6	0	93.05201548
160	277	14.2	0.202713617	268	86.7	94.77996018	100
160	282	5.3	26.61512503	260	20.7	36.36300704	33.67178391
160	268	86.7	94.77996018	262	115.2	1.596485175	100
160	259	28.3	89.25430294	106	9.8	96.94297546	98.82447542
160	248	0.1	2.150875492	286	132.6	26.35059193	0
160	8	15.4	99.78243983	270	1.3	0.017271008	100
160	283	0.013	1.662962311	21	10.3	100	100
160	292	89.4	26.96680805	283	0.013	1.662962311	53.94774966
160	275	16.8	99.94879672	284	118.7	17.11103228	99.75130214
160	275	16.8	99.94879672	37	0.95	71.74865513	100
160	294	76.6	0	289	10	96.22080761	100
160	294	76.6	0	295	1.4	0	0
160	282	5.3	26.61512503	268	86.7	94.77996018	96.75829101
160	274	63.9	100	8	15.4	99.78243983	97.36538632
160	274	63.9	100	275	16.8	99.94879672	98.23865181
160	263	0.46	98.44403556	276	73.5	0.32239215	100
160	263	0.46	98.44403556	292	89.4	26.96680805	100
160	263	0.46	98.44403556	46	650	98.65510327	100
160	267	3.4	10.62896364	283	0.013	1.662962311	10.94782119
160	270	1.3	0.017271008	279	81.1	39.13122131	77.32974935
160	270	1.3	0.017271008	281	78	100	100
160	291	66.9	24.35133625	290	41.8	0.294050343	90.14043543
160	285	308.3	96.73717693	270	1.3	0.017271008	98.69504408
160	11	1.6	98.72289447	283	0.013	1.662962311	94.64736353
160	276	73.5	0.32239215	292	89.4	26.96680805	57.99570812
160	276	73.5	0.32239215	46	650	98.65510327	100
160	19	7.5	99.87921859	283	0.013	1.662962311	100
160	46	650	98.65510327	279	81.1	39.13122131	96.43347841
160	292	89.4	26.96680805	278	333.1	84.97484141	100
160	270	1.3	0.017271008	291	66.9	24.35133625	87.34541678
160	262	115.2	1.596485175	278	333.1	84.97484141	100
160	286	132.6	26.35059193	273	178	17.3356167	0
160	268	86.7	94.77996018	46	650	98.65510327	94.7047686
160	19	7.5	99.87921859	264	214.1	45.94459407	100
160	278	333.1	84.97484141	267	3.4	10.62896364	100
160	280	23.8	100	289	10	96.22080761	100
160	260	20.7	36.36300704	285	308.3	96.73717693	100
160	106	9.8	96.94297546	286	132.6	26.35059193	100
160	284	118.7	17.11103228	259	28.3	89.25430294	90.13651984
160	8	15.4	99.78243983	248	0.1	2.150875492	95.19938512
160	293	48.8	35.48998063	261	13.2	85.39038766	100
160	279	81.1	39.13122131	263	0.46	98.44403556	100
160	48	14	84.27757776	259	28.3	89.25430294	100
160	275	16.8	99.94879672	260	20.7	36.36300704	90.99985737
160	285	308.3	96.73717693	90	0.7	11.44575694	100
160	106	9.8	96.94297546	276	73.5	0.32239215	100
160	106	9.8	96.94297546	46	650	98.65510327	100
160	41	2.5	36.39400064	270	1.3	0.017271008	54.87421934
160	282	5.3	26.61512503	61	9.9	11.69030422	64.07793385
160	14	334.9	2.964857381	280	23.8	100	100
160	14	334.9	2.964857381	267	3.4	10.62896364	0
160	290	41.8	0.294050343	37	0.95	71.74865513	83.21143134
160	263	0.46	98.44403556	278	333.1	84.97484141	100
160	37	0.95	71.74865513	291	66.9	24.35133625	99.63655244
160	265	0.4	0	273	178	17.3356167	10.31271786
160	37	0.95	71.74865513	271	319.5	0	34.46197134
160	262	115.2	1.596485175	282	5.3	26.61512503	97.78361441
160	90	0.7	11.44575694	268	86.7	94.77996018	100
160	90	0.7	11.44575694	262	115.2	1.596485175	19.42415804
160	90	0.7	11.44575694	288	177	50.0790699	0
160	90	0.7	11.44575694	286	132.6	26.35059193	28.40801156
160	46	650	98.65510327	291	66.9	24.35133625	100
160	276	73.5	0.32239215	278	333.1	84.97484141	0
160	276	73.5	0.32239215	296	701.2	0	6.928199543
160	292	89.4	26.96680805	259	28.3	89.25430294	100
160	283	0.013	1.662962311	265	0.4	0	0
160	267	3.4	10.62896364	264	214.1	45.94459407	48.63465182
160	267	3.4	10.62896364	273	178	17.3356167	0
160	92	70.6	36.73976992	294	76.6	0	65.03267386
160	92	70.6	36.73976992	268	86.7	94.77996018	100
160	92	70.6	36.73976992	262	115.2	1.596485175	57.81220124
160	66	62.5	52.14382245	33	0.2	99.99187369	100
160	281	78	100	66	62.5	52.14382245	100
160	281	78	100	279	81.1	39.13122131	100
160	276	73.5	0.32239215	41	2.5	36.39400064	36.82416909
160	268	86.7	94.77996018	288	177	50.0790699	100
160	268	86.7	94.77996018	286	132.6	26.35059193	96.12743998
160	272	0.0023	0	37	0.95	71.74865513	66.00106239
160	272	0.0023	0	284	118.7	17.11103228	56.92926158
160	272	0.0023	0	285	308.3	96.73717693	100
160	272	0.0023	0	290	41.8	0.294050343	16.24465636
160	269	19.8	58.96658998	288	177	50.0790699	40.01866585
160	261	13.2	85.39038766	281	78	100	89.18822303
160	261	13.2	85.39038766	66	62.5	52.14382245	100
160	283	0.013	1.662962311	259	28.3	89.25430294	100
160	296	701.2	0	260	20.7	36.36300704	0
160	288	177	50.0790699	270	1.3	0.017271008	1.585863163
160	274	63.9	100	291	66.9	24.35133625	100
160	268	86.7	94.77996018	41	2.5	36.39400064	100
160	279	81.1	39.13122131	268	86.7	94.77996018	100
160	290	41.8	0.294050343	8	15.4	99.78243983	100
160	290	41.8	0.294050343	277	14.2	0.202713617	90.72614597
160	63	0.4	80.21460332	281	78	100	93.80980454
160	248	0.1	2.150875492	292	89.4	26.96680805	33.00167547
160	248	0.1	2.150875492	46	650	98.65510327	100
160	288	177	50.0790699	66	62.5	52.14382245	100
160	288	177	50.0790699	279	81.1	39.13122131	0
160	90	0.7	11.44575694	61	9.9	11.69030422	29.19665844
160	290	41.8	0.294050343	14	334.9	2.964857381	0
160	290	41.8	0.294050343	295	1.4	0	0
160	33	0.2	99.99187369	280	23.8	100	100
160	279	81.1	39.13122131	11	1.6	98.72289447	100
160	66	62.5	52.14382245	271	319.5	0	0
160	66	62.5	52.14382245	291	66.9	24.35133625	96.0715638
160	46	650	98.65510327	286	132.6	26.35059193	79.52473811
160	41	2.5	36.39400064	269	19.8	58.96658998	84.86723723
160	41	2.5	36.39400064	267	3.4	10.62896364	37.96362938
160	41	2.5	36.39400064	280	23.8	100	100
160	63	0.4	80.21460332	275	16.8	99.94879672	91.34939659
160	63	0.4	80.21460332	277	14.2	0.202713617	49.26194815
160	284	118.7	17.11103228	286	132.6	26.35059193	0
160	259	28.3	89.25430294	295	1.4	0	100
160	269	19.8	58.96658998	290	41.8	0.294050343	55.24776906
160	293	48.8	35.48998063	286	132.6	26.35059193	0
160	281	78	100	61	9.9	11.69030422	100
160	8	15.4	99.78243983	276	73.5	0.32239215	100
160	8	15.4	99.78243983	46	650	98.65510327	76.52235188
160	293	48.8	35.48998063	262	115.2	1.596485175	0
160	278	333.1	84.97484141	294	76.6	0	100
160	289	10	96.22080761	92	70.6	36.73976992	100
160	272	0.0023	0	8	15.4	99.78243983	80.68622715
160	272	0.0023	0	106	9.8	96.94297546	100
160	292	89.4	26.96680805	281	78	100	100
160	264	214.1	45.94459407	286	132.6	26.35059193	82.78989615
160	283	0.013	1.662962311	276	73.5	0.32239215	0.653578257
160	282	5.3	26.61512503	264	214.1	45.94459407	79.94265366
160	269	19.8	58.96658998	33	0.2	99.99187369	100
160	265	0.4	0	61	9.9	11.69030422	44.32644199
160	281	78	100	291	66.9	24.35133625	100
160	267	3.4	10.62896364	281	78	100	98.35048501
160	267	3.4	10.62896364	92	70.6	36.73976992	61.43445032
160	272	0.0023	0	281	78	100	100
160	294	76.6	0	279	81.1	39.13122131	0
160	295	1.4	0	66	62.5	52.14382245	94.05077974
160	11	1.6	98.72289447	264	214.1	45.94459407	96.52744439
160	295	1.4	0	281	78	100	100
160	283	0.013	1.662962311	294	76.6	0	15.28231678
160	283	0.013	1.662962311	262	115.2	1.596485175	0
160	292	89.4	26.96680805	272	0.0023	0	26.78231829
160	275	16.8	99.94879672	279	81.1	39.13122131	100
160	275	16.8	99.94879672	92	70.6	36.73976992	83.26807731
160	277	14.2	0.202713617	21	10.3	100	100
160	63	0.4	80.21460332	291	66.9	24.35133625	78.36052034
160	283	0.013	1.662962311	63	0.4	80.21460332	77.7157618
160	274	63.9	100	269	19.8	58.96658998	100
160	292	89.4	26.96680805	106	9.8	96.94297546	100
160	292	89.4	26.96680805	8	15.4	99.78243983	100
160	263	0.46	98.44403556	259	28.3	89.25430294	100
160	8	15.4	99.78243983	260	20.7	36.36300704	58.18939653
160	291	66.9	24.35133625	273	178	17.3356167	20.78320235
160	11	1.6	98.72289447	248	0.1	2.150875492	100
160	14	334.9	2.964857381	282	5.3	26.61512503	19.93560383
160	14	334.9	2.964857381	63	0.4	80.21460332	66.38760533
160	273	178	17.3356167	276	73.5	0.32239215	0
160	271	319.5	0	264	214.1	45.94459407	36.85178374
160	63	0.4	80.21460332	270	1.3	0.017271008	65.72972602
160	272	0.0023	0	291	66.9	24.35133625	0
160	292	89.4	26.96680805	262	115.2	1.596485175	37.79610775
160	66	62.5	52.14382245	37	0.95	71.74865513	87.00016661
160	284	118.7	17.11103228	41	2.5	36.39400064	40.03716705
160	280	23.8	100	260	20.7	36.36300704	100
160	282	5.3	26.61512503	272	0.0023	0	0
160	276	73.5	0.32239215	260	20.7	36.36300704	16.64670659
160	294	76.6	0	291	66.9	24.35133625	43.30515408
160	288	177	50.0790699	295	1.4	0	9.045585627
160	106	9.8	96.94297546	270	1.3	0.017271008	100
160	33	0.2	99.99187369	259	28.3	89.25430294	91.01556852
160	270	1.3	0.017271008	276	73.5	0.32239215	18.69529764
160	61	9.9	11.69030422	290	41.8	0.294050343	16.16525014
160	37	0.95	71.74865513	270	1.3	0.017271008	73.99401035
160	265	0.4	0	294	76.6	0	0
160	66	62.5	52.14382245	92	70.6	36.73976992	67.32888002
160	283	0.013	1.662962311	263	0.46	98.44403556	100
160	106	9.8	96.94297546	291	66.9	24.35133625	100
160	106	9.8	96.94297546	19	7.5	99.87921859	98.49566623
160	284	118.7	17.11103228	46	650	98.65510327	96.3825256
160	284	118.7	17.11103228	276	73.5	0.32239215	68.57804807
160	284	118.7	17.11103228	292	89.4	26.96680805	67.46878214
160	265	0.4	0	268	86.7	94.77996018	100
160	48	14	84.27757776	292	89.4	26.96680805	100
160	275	16.8	99.94879672	295	1.4	0	100
160	275	16.8	99.94879672	289	10	96.22080761	92.90004693
160	261	13.2	85.39038766	19	7.5	99.87921859	92.3883297
160	261	13.2	85.39038766	271	319.5	0	0
160	261	13.2	85.39038766	291	66.9	24.35133625	0
160	92	70.6	36.73976992	273	178	17.3356167	58.8146135
160	267	3.4	10.62896364	294	76.6	0	0
160	263	0.46	98.44403556	288	177	50.0790699	99.0339507
160	276	73.5	0.32239215	262	115.2	1.596485175	32.45204299
160	286	132.6	26.35059193	21	10.3	100	100
160	286	132.6	26.35059193	33	0.2	99.99187369	100
160	248	0.1	2.150875492	294	76.6	0	0
160	248	0.1	2.150875492	268	86.7	94.77996018	100
160	248	0.1	2.150875492	262	115.2	1.596485175	5.685390187
160	90	0.7	11.44575694	291	66.9	24.35133625	15.01732572
160	90	0.7	11.44575694	271	319.5	0	6.315390319
160	264	214.1	45.94459407	292	89.4	26.96680805	82.06523998
160	294	76.6	0	270	1.3	0.017271008	35.42100385
160	41	2.5	36.39400064	289	10	96.22080761	96.15841772
160	41	2.5	36.39400064	14	334.9	2.964857381	39.18897638
160	265	0.4	0	262	115.2	1.596485175	5.183854023
160	260	20.7	36.36300704	264	214.1	45.94459407	80.0992529
160	276	73.5	0.32239215	288	177	50.0790699	89.91101763
160	269	19.8	58.96658998	267	3.4	10.62896364	73.89373138
160	286	132.6	26.35059193	296	701.2	0	100
160	92	70.6	36.73976992	46	650	98.65510327	94.59371965
160	19	7.5	99.87921859	278	333.1	84.97484141	91.05429166
160	281	78	100	275	16.8	99.94879672	100
160	281	78	100	106	9.8	96.94297546	100
160	278	333.1	84.97484141	46	650	98.65510327	100
160	259	28.3	89.25430294	279	81.1	39.13122131	94.71507151
160	259	28.3	89.25430294	92	70.6	36.73976992	41.47819063
160	259	28.3	89.25430294	281	78	100	100
160	259	28.3	89.25430294	66	62.5	52.14382245	100
160	8	15.4	99.78243983	294	76.6	0	100
160	8	15.4	99.78243983	268	86.7	94.77996018	92.81334968
160	8	15.4	99.78243983	262	115.2	1.596485175	98.70925282
160	270	1.3	0.017271008	90	0.7	11.44575694	27.20051181
160	274	63.9	100	41	2.5	36.39400064	100
160	41	2.5	36.39400064	106	9.8	96.94297546	100
160	11	1.6	98.72289447	263	0.46	98.44403556	100
160	106	9.8	96.94297546	271	319.5	0	100
160	274	63.9	100	288	177	50.0790699	100
160	19	7.5	99.87921859	66	62.5	52.14382245	100
160	19	7.5	99.87921859	281	78	100	93.64853992
160	278	333.1	84.97484141	41	2.5	36.39400064	100
160	295	1.4	0	274	63.9	100	100
160	285	308.3	96.73717693	294	76.6	0	100
160	285	308.3	96.73717693	268	86.7	94.77996018	100
160	269	19.8	58.96658998	46	650	98.65510327	94.86202919
160	106	9.8	96.94297546	293	48.8	35.48998063	100
160	106	9.8	96.94297546	269	19.8	58.96658998	100
160	106	9.8	96.94297546	267	3.4	10.62896364	100
160	106	9.8	96.94297546	280	23.8	100	100
160	37	0.95	71.74865513	289	10	96.22080761	90.36690472
160	37	0.95	71.74865513	295	1.4	0	62.24661013
160	37	0.95	71.74865513	14	334.9	2.964857381	60.83987473
160	248	0.1	2.150875492	263	0.46	98.44403556	100
160	248	0.1	2.150875492	61	9.9	11.69030422	26.01795271
160	288	177	50.0790699	262	115.2	1.596485175	0
160	260	20.7	36.36300704	92	70.6	36.73976992	18.80290808
160	48	14	84.27757776	286	132.6	26.35059193	100
160	48	14	84.27757776	288	177	50.0790699	0
160	290	41.8	0.294050343	276	73.5	0.32239215	0
160	270	1.3	0.017271008	268	86.7	94.77996018	100
160	270	1.3	0.017271008	262	115.2	1.596485175	18.62126147
160	41	2.5	36.39400064	8	15.4	99.78243983	90.41838
160	41	2.5	36.39400064	275	16.8	99.94879672	100
160	14	334.9	2.964857381	268	86.7	94.77996018	100
160	273	178	17.3356167	295	1.4	0	0
160	269	19.8	58.96658998	273	178	17.3356167	76.42955915
160	37	0.95	71.74865513	259	28.3	89.25430294	97.88499456
160	281	78	100	274	63.9	100	96.27959667
160	281	78	100	37	0.95	71.74865513	99.19753622
160	8	15.4	99.78243983	263	0.46	98.44403556	100
160	11	1.6	98.72289447	268	86.7	94.77996018	100
160	11	1.6	98.72289447	262	115.2	1.596485175	100
160	284	118.7	17.11103228	63	0.4	80.21460332	69.84967467
160	284	118.7	17.11103228	282	5.3	26.61512503	58.91389111
160	271	319.5	0	260	20.7	36.36300704	0
160	259	28.3	89.25430294	61	9.9	11.69030422	100
160	271	319.5	0	61	9.9	11.69030422	21.03418054
160	261	13.2	85.39038766	106	9.8	96.94297546	86.63636781
160	261	13.2	85.39038766	275	16.8	99.94879672	100
160	261	13.2	85.39038766	8	15.4	99.78243983	100
160	277	14.2	0.202713617	269	19.8	58.96658998	76.64842001
160	21	10.3	100	281	78	100	97.82291819
160	272	0.0023	0	267	3.4	10.62896364	0
160	296	701.2	0	264	214.1	45.94459407	47.16520039
160	259	28.3	89.25430294	280	23.8	100	100
160	259	28.3	89.25430294	269	19.8	58.96658998	100
160	279	81.1	39.13122131	265	0.4	0	51.82922924
160	279	81.1	39.13122131	290	41.8	0.294050343	81.9118966
160	280	23.8	100	265	0.4	0	100
160	281	78	100	289	10	96.22080761	100
160	281	78	100	14	334.9	2.964857381	100
160	280	23.8	100	290	41.8	0.294050343	100
160	259	28.3	89.25430294	271	319.5	0	100
160	14	334.9	2.964857381	278	333.1	84.97484141	0
160	37	0.95	71.74865513	267	3.4	10.62896364	54.50413599
160	37	0.95	71.74865513	280	23.8	100	95.67752975
160	90	0.7	11.44575694	46	650	98.65510327	91.04666969
160	90	0.7	11.44575694	276	73.5	0.32239215	22.55142323
160	274	63.9	100	276	73.5	0.32239215	100
160	286	132.6	26.35059193	282	5.3	26.61512503	48.81573067
160	286	132.6	26.35059193	272	0.0023	0	0
160	33	0.2	99.99187369	285	308.3	96.73717693	100
160	263	0.46	98.44403556	106	9.8	96.94297546	100
160	279	81.1	39.13122131	21	10.3	100	99.94819389
160	21	10.3	100	19	7.5	99.87921859	100
160	280	23.8	100	292	89.4	26.96680805	87.94293565
160	270	1.3	0.017271008	293	48.8	35.48998063	32.63103562
160	291	66.9	24.35133625	278	333.1	84.97484141	94.01545899
160	291	66.9	24.35133625	296	701.2	0	0
160	270	1.3	0.017271008	261	13.2	85.39038766	98.65354331
160	46	650	98.65510327	260	20.7	36.36300704	100
160	41	2.5	36.39400064	37	0.95	71.74865513	51.94568399
160	41	2.5	36.39400064	285	308.3	96.73717693	100
160	21	10.3	100	63	0.4	80.21460332	100
160	284	118.7	17.11103228	296	701.2	0	0
160	276	73.5	0.32239215	48	14	84.27757776	100
160	273	178	17.3356167	280	23.8	100	95.75955207
160	285	308.3	96.73717693	290	41.8	0.294050343	100
160	262	115.2	1.596485175	48	14	84.27757776	100
160	268	86.7	94.77996018	37	0.95	71.74865513	100
160	271	319.5	0	285	308.3	96.73717693	87.85520073
160	271	319.5	0	274	63.9	100	73.70166869
160	259	28.3	89.25430294	274	63.9	100	100
160	277	14.2	0.202713617	264	214.1	45.94459407	24.16244557
160	295	1.4	0	41	2.5	36.39400064	29.32675972
160	261	13.2	85.39038766	285	308.3	96.73717693	100
160	261	13.2	85.39038766	37	0.95	71.74865513	60.52100512
160	282	5.3	26.61512503	278	333.1	84.97484141	100
160	293	48.8	35.48998063	294	76.6	0	93.85810326
160	293	48.8	35.48998063	268	86.7	94.77996018	100
160	248	0.1	2.150875492	264	214.1	45.94459407	61.15052495
160	66	62.5	52.14382245	284	118.7	17.11103228	56.66617012
160	66	62.5	52.14382245	274	63.9	100	100
160	106	9.8	96.94297546	289	10	96.22080761	100
160	106	9.8	96.94297546	295	1.4	0	96.25134017
160	271	319.5	0	281	78	100	99.62065414
160	275	16.8	99.94879672	291	66.9	24.35133625	96.61877171
160	280	23.8	100	282	5.3	26.61512503	100
160	280	23.8	100	63	0.4	80.21460332	100
160	285	308.3	96.73717693	63	0.4	80.21460332	100
160	285	308.3	96.73717693	265	0.4	0	97.75690554
160	282	5.3	26.61512503	66	62.5	52.14382245	82.13103557
160	282	5.3	26.61512503	281	78	100	100
160	282	5.3	26.61512503	92	70.6	36.73976992	68.88857808
160	263	0.46	98.44403556	285	308.3	96.73717693	100
160	46	650	98.65510327	285	308.3	96.73717693	100
160	46	650	98.65510327	37	0.95	71.74865513	96.48844884
160	46	650	98.65510327	274	63.9	100	100
160	8	15.4	99.78243983	264	214.1	45.94459407	100
160	294	76.6	0	90	0.7	11.44575694	5.590928914
160	289	10	96.22080761	66	62.5	52.14382245	82.38754651
160	289	10	96.22080761	279	81.1	39.13122131	99.93411569
160	276	73.5	0.32239215	285	308.3	96.73717693	92.96648638
160	276	73.5	0.32239215	37	0.95	71.74865513	70.23843279
160	292	89.4	26.96680805	265	0.4	0	0
160	270	1.3	0.017271008	290	41.8	0.294050343	2.354453713
160	270	1.3	0.017271008	265	0.4	0	43.15971275
160	279	81.1	39.13122131	264	214.1	45.94459407	100
160	262	115.2	1.596485175	37	0.95	71.74865513	62.43515571
160	262	115.2	1.596485175	285	308.3	96.73717693	100
160	262	115.2	1.596485175	284	118.7	17.11103228	48.47084708
160	268	86.7	94.77996018	106	9.8	96.94297546	100
160	280	23.8	100	286	132.6	26.35059193	98.03675241
160	280	23.8	100	46	650	98.65510327	100
160	21	10.3	100	264	214.1	45.94459407	100
160	268	86.7	94.77996018	289	10	96.22080761	96.74126604
160	272	0.0023	0	278	333.1	84.97484141	100
160	272	0.0023	0	296	701.2	0	0
160	259	28.3	89.25430294	14	334.9	2.964857381	100
160	259	28.3	89.25430294	289	10	96.22080761	92.61708216
160	282	5.3	26.61512503	270	1.3	0.017271008	4.762130178
160	66	62.5	52.14382245	275	16.8	99.94879672	97.08725351
160	66	62.5	52.14382245	8	15.4	99.78243983	100
160	66	62.5	52.14382245	48	14	84.27757776	100
160	291	66.9	24.35133625	289	10	96.22080761	100
160	279	81.1	39.13122131	267	3.4	10.62896364	0
160	261	13.2	85.39038766	289	10	96.22080761	96.06327202
160	261	13.2	85.39038766	295	1.4	0	78.16838468
160	294	76.6	0	268	86.7	94.77996018	100
160	289	10	96.22080761	21	10.3	100	100
160	106	9.8	96.94297546	48	14	84.27757776	100
160	106	9.8	96.94297546	275	16.8	99.94879672	100
160	61	9.9	11.69030422	285	308.3	96.73717693	100
160	63	0.4	80.21460332	262	115.2	1.596485175	48.85109559
160	63	0.4	80.21460332	294	76.6	0	80.72058675
160	262	115.2	1.596485175	286	132.6	26.35059193	0
160	37	0.95	71.74865513	284	118.7	17.11103228	94.15605769
160	14	334.9	2.964857381	286	132.6	26.35059193	100
160	288	177	50.0790699	261	13.2	85.39038766	98.51184649
160	90	0.7	11.44575694	289	10	96.22080761	100
160	90	0.7	11.44575694	295	1.4	0	38.35911775
160	264	214.1	45.94459407	269	19.8	58.96658998	44.20644955
160	41	2.5	36.39400064	290	41.8	0.294050343	51.79049796
160	41	2.5	36.39400064	265	0.4	0	61.16237433
160	272	0.0023	0	90	0.7	11.44575694	14.92588267
160	48	14	84.27757776	278	333.1	84.97484141	97.71289915
160	41	2.5	36.39400064	259	28.3	89.25430294	100
160	283	0.013	1.662962311	271	319.5	0	0
160	283	0.013	1.662962311	291	66.9	24.35133625	0
160	269	19.8	58.96658998	276	73.5	0.32239215	81.61397563
160	269	19.8	58.96658998	292	89.4	26.96680805	55.09367306
160	294	76.6	0	14	334.9	2.964857381	17.4909179
160	278	333.1	84.97484141	286	132.6	26.35059193	89.7694721
160	285	308.3	96.73717693	291	66.9	24.35133625	97.48490467
160	296	701.2	0	269	19.8	58.96658998	78.17587803
160	295	1.4	0	260	20.7	36.36300704	100
160	261	13.2	85.39038766	259	28.3	89.25430294	97.3674159
160	295	1.4	0	284	118.7	17.11103228	1.836259372
160	265	0.4	0	92	70.6	36.73976992	44.5187105
160	281	78	100	260	20.7	36.36300704	97.90283803
160	259	28.3	89.25430294	276	73.5	0.32239215	100
160	106	9.8	96.94297546	284	118.7	17.11103228	100
160	106	9.8	96.94297546	285	308.3	96.73717693	96.20216837
160	106	9.8	96.94297546	274	63.9	100	100
160	63	0.4	80.21460332	261	13.2	85.39038766	99.24848807
160	63	0.4	80.21460332	61	9.9	11.69030422	46.96856845
160	61	9.9	11.69030422	8	15.4	99.78243983	100
160	37	0.95	71.74865513	277	14.2	0.202713617	73.17322956
160	37	0.95	71.74865513	106	9.8	96.94297546	100
160	275	16.8	99.94879672	263	0.46	98.44403556	92.20542617
160	90	0.7	11.44575694	269	19.8	58.96658998	96.9831406
160	90	0.7	11.44575694	267	3.4	10.62896364	20.49441671
160	90	0.7	11.44575694	280	23.8	100	79.77568345
160	295	1.4	0	283	0.013	1.662962311	5.599497728
160	291	66.9	24.35133625	276	73.5	0.32239215	85.58061606
160	274	63.9	100	268	86.7	94.77996018	97.91438703
160	274	63.9	100	262	115.2	1.596485175	97.12234775
160	280	23.8	100	269	19.8	58.96658998	100
160	46	650	98.65510327	289	10	96.22080761	100
160	46	650	98.65510327	295	1.4	0	98.31964505
160	284	118.7	17.11103228	273	178	17.3356167	0
160	92	70.6	36.73976992	281	78	100	100
160	273	178	17.3356167	106	9.8	96.94297546	100
160	273	178	17.3356167	275	16.8	99.94879672	99.70589714
160	269	19.8	58.96658998	278	333.1	84.97484141	100
160	248	0.1	2.150875492	283	0.013	1.662962311	0
160	248	0.1	2.150875492	33	0.2	99.99187369	100
160	248	0.1	2.150875492	21	10.3	100	100
160	262	115.2	1.596485175	279	81.1	39.13122131	36.43026114
160	284	118.7	17.11103228	283	0.013	1.662962311	10.97028641
160	284	118.7	17.11103228	33	0.2	99.99187369	100
160	277	14.2	0.202713617	296	701.2	0	0
160	106	9.8	96.94297546	248	0.1	2.150875492	31.60415817
160	92	70.6	36.73976992	272	0.0023	0	74.99314148
160	270	1.3	0.017271008	66	62.5	52.14382245	100
160	248	0.1	2.150875492	296	701.2	0	3.033939489
160	248	0.1	2.150875492	278	333.1	84.97484141	100
160	267	3.4	10.62896364	259	28.3	89.25430294	100
160	8	15.4	99.78243983	33	0.2	99.99187369	100
160	66	62.5	52.14382245	260	20.7	36.36300704	100
160	296	701.2	0	271	319.5	0	0
160	264	214.1	45.94459407	33	0.2	99.99187369	100
160	283	0.013	1.662962311	66	62.5	52.14382245	49.51968504
160	283	0.013	1.662962311	279	81.1	39.13122131	68.93284872
160	283	0.013	1.662962311	92	70.6	36.73976992	47.32169457
160	275	16.8	99.94879672	262	115.2	1.596485175	100
160	275	16.8	99.94879672	268	86.7	94.77996018	100
160	275	16.8	99.94879672	294	76.6	0	100
160	294	76.6	0	290	41.8	0.294050343	7.088252314
160	285	308.3	96.73717693	273	178	17.3356167	100
160	285	308.3	96.73717693	264	214.1	45.94459407	97.44128619
160	277	14.2	0.202713617	41	2.5	36.39400064	41.54708214
160	63	0.4	80.21460332	265	0.4	0	62.55692014
160	274	63.9	100	61	9.9	11.69030422	84.83061993
160	279	81.1	39.13122131	282	5.3	26.61512503	0
160	279	81.1	39.13122131	63	0.4	80.21460332	72.05630157
160	289	10	96.22080761	260	20.7	36.36300704	100
160	8	15.4	99.78243983	278	333.1	84.97484141	98.29628091
160	66	62.5	52.14382245	276	73.5	0.32239215	26.77137088
160	66	62.5	52.14382245	292	89.4	26.96680805	84.00061164
160	279	81.1	39.13122131	295	1.4	0	22.0976495
160	21	10.3	100	33	0.2	99.99187369	100
160	292	89.4	26.96680805	295	1.4	0	92.81241492
160	292	89.4	26.96680805	289	10	96.22080761	100
160	270	1.3	0.017271008	264	214.1	45.94459407	71.10627888
160	270	1.3	0.017271008	273	178	17.3356167	15.95039758
160	292	89.4	26.96680805	296	701.2	0	0
160	286	132.6	26.35059193	279	81.1	39.13122131	36.62280634
160	286	132.6	26.35059193	66	62.5	52.14382245	66.64578011
160	291	66.9	24.35133625	41	2.5	36.39400064	24.3285981
160	61	9.9	11.69030422	270	1.3	0.017271008	9.366844787
160	262	115.2	1.596485175	295	1.4	0	8.862002768
160	19	7.5	99.87921859	290	41.8	0.294050343	100
160	273	178	17.3356167	48	14	84.27757776	100
160	278	333.1	84.97484141	277	14.2	0.202713617	100
160	259	28.3	89.25430294	264	214.1	45.94459407	96.77133836
160	270	1.3	0.017271008	271	319.5	0	4.59894628
160	280	23.8	100	278	333.1	84.97484141	100
160	267	3.4	10.62896364	261	13.2	85.39038766	98.88544605
160	283	0.013	1.662962311	277	14.2	0.202713617	0
160	61	9.9	11.69030422	291	66.9	24.35133625	76.1689823
160	37	0.95	71.74865513	248	0.1	2.150875492	80.35916037
160	92	70.6	36.73976992	284	118.7	17.11103228	0.046924124
160	282	5.3	26.61512503	41	2.5	36.39400064	82.66619973
160	106	9.8	96.94297546	290	41.8	0.294050343	95.51230783
160	261	13.2	85.39038766	260	20.7	36.36300704	100
160	41	2.5	36.39400064	90	0.7	11.44575694	57.28532372
160	269	19.8	58.96658998	279	81.1	39.13122131	89.20579651
160	269	19.8	58.96658998	92	70.6	36.73976992	93.82550189
160	268	86.7	94.77996018	260	20.7	36.36300704	100
160	14	334.9	2.964857381	106	9.8	96.94297546	100
160	14	334.9	2.964857381	275	16.8	99.94879672	100
160	14	334.9	2.964857381	8	15.4	99.78243983	100
160	288	177	50.0790699	248	0.1	2.150875492	100
160	290	41.8	0.294050343	262	115.2	1.596485175	43.05391935
160	273	178	17.3356167	248	0.1	2.150875492	0.922902172
160	265	0.4	0	291	66.9	24.35133625	29.70577074
160	90	0.7	11.44575694	284	118.7	17.11103228	100
160	90	0.7	11.44575694	37	0.95	71.74865513	58.50438655
160	90	0.7	11.44575694	265	0.4	0	30.15493341
160	260	20.7	36.36300704	262	115.2	1.596485175	51.64259417
160	276	73.5	0.32239215	14	334.9	2.964857381	0
160	267	3.4	10.62896364	265	0.4	0	33.313415
160	263	0.46	98.44403556	270	1.3	0.017271008	100
160	281	78	100	276	73.5	0.32239215	96.94519544
160	278	333.1	84.97484141	274	63.9	100	100
160	278	333.1	84.97484141	284	118.7	17.11103228	0
160	278	333.1	84.97484141	37	0.95	71.74865513	100
160	270	1.3	0.017271008	21	10.3	100	100
160	274	63.9	100	283	0.013	1.662962311	100
160	268	86.7	94.77996018	19	7.5	99.87921859	100
160	268	86.7	94.77996018	291	66.9	24.35133625	100
160	271	319.5	0	291	66.9	24.35133625	10.25991564
160	272	0.0023	0	264	214.1	45.94459407	73.17322956
160	292	89.4	26.96680805	274	63.9	100	100
160	292	89.4	26.96680805	285	308.3	96.73717693	100
160	293	48.8	35.48998063	11	1.6	98.72289447	100
160	261	13.2	85.39038766	46	650	98.65510327	96.35541031
160	277	14.2	0.202713617	259	28.3	89.25430294	0
160	21	10.3	100	261	13.2	85.39038766	100
160	106	9.8	96.94297546	288	177	50.0790699	100
160	274	63.9	100	273	178	17.3356167	95.56910405
160	274	63.9	100	264	214.1	45.94459407	100
160	286	132.6	26.35059193	259	28.3	89.25430294	100
160	290	41.8	0.294050343	288	177	50.0790699	74.13601872
160	279	81.1	39.13122131	276	73.5	0.32239215	78.21461347
160	279	81.1	39.13122131	292	89.4	26.96680805	22.19663164
160	263	0.46	98.44403556	291	66.9	24.35133625	97.28395007
160	295	1.4	0	286	132.6	26.35059193	0
160	61	9.9	11.69030422	293	48.8	35.48998063	16.39038276
160	268	86.7	94.77996018	290	41.8	0.294050343	94.77481961
160	248	0.1	2.150875492	92	70.6	36.73976992	78.44865764
160	248	0.1	2.150875492	279	81.1	39.13122131	66.5023404
160	248	0.1	2.150875492	66	62.5	52.14382245	78.2620414
160	293	48.8	35.48998063	33	0.2	99.99187369	94.02093809
160	90	0.7	11.44575694	8	15.4	99.78243983	100
160	90	0.7	11.44575694	275	16.8	99.94879672	100
160	48	14	84.27757776	283	0.013	1.662962311	100
160	291	66.9	24.35133625	259	28.3	89.25430294	86.22680803
160	46	650	98.65510327	281	78	100	94.43699995
160	288	177	50.0790699	264	214.1	45.94459407	42.49578415
160	288	177	50.0790699	273	178	17.3356167	0
160	264	214.1	45.94459407	273	178	17.3356167	51.77383716
160	48	14	84.27757776	264	214.1	45.94459407	100
160	46	650	98.65510327	271	319.5	0	100
160	46	650	98.65510327	19	7.5	99.87921859	99.95638901
160	106	9.8	96.94297546	265	0.4	0	98.91826888
160	289	10	96.22080761	288	177	50.0790699	100
160	283	0.013	1.662962311	289	10	96.22080761	96.89599403
160	284	118.7	17.11103228	265	0.4	0	0
160	284	118.7	17.11103228	290	41.8	0.294050343	87.11606415
160	248	0.1	2.150875492	272	0.0023	0	24.67689822
160	248	0.1	2.150875492	63	0.4	80.21460332	69.13899079
160	248	0.1	2.150875492	282	5.3	26.61512503	54.70481068
160	278	333.1	84.97484141	260	20.7	36.36300704	100
160	8	15.4	99.78243983	281	78	100	100
160	8	15.4	99.78243983	92	70.6	36.73976992	99.81983146
160	288	177	50.0790699	260	20.7	36.36300704	0
160	295	1.4	0	289	10	96.22080761	100
160	272	0.0023	0	279	81.1	39.13122131	54.96654994
160	264	214.1	45.94459407	265	0.4	0	70.72744513
160	264	214.1	45.94459407	290	41.8	0.294050343	59.63475831
160	21	10.3	100	262	115.2	1.596485175	100
160	21	10.3	100	268	86.7	94.77996018	100
160	21	10.3	100	294	76.6	0	100
160	282	5.3	26.61512503	290	41.8	0.294050343	100
160	282	5.3	26.61512503	265	0.4	0	100
160	288	177	50.0790699	41	2.5	36.39400064	39.16553213
160	279	81.1	39.13122131	278	333.1	84.97484141	100
160	265	0.4	0	8	15.4	99.78243983	100
160	21	10.3	100	293	48.8	35.48998063	100
160	281	78	100	286	132.6	26.35059193	100
160	281	78	100	288	177	50.0790699	97.53219561
160	8	15.4	99.78243983	63	0.4	80.21460332	100
160	285	308.3	96.73717693	267	3.4	10.62896364	100
160	283	0.013	1.662962311	285	308.3	96.73717693	100
160	289	10	96.22080761	277	14.2	0.202713617	100
160	294	76.6	0	273	178	17.3356167	62.12536695
160	285	308.3	96.73717693	278	333.1	84.97484141	100
160	290	41.8	0.294050343	265	0.4	0	41.8682887
160	270	1.3	0.017271008	280	23.8	100	100
160	289	10	96.22080761	61	9.9	11.69030422	31.22753459
160	290	41.8	0.294050343	11	1.6	98.72289447	98.83837567
160	288	177	50.0790699	283	0.013	1.662962311	4.098721904
160	277	14.2	0.202713617	286	132.6	26.35059193	7.34845181
160	106	9.8	96.94297546	90	0.7	11.44575694	98.45228897
160	61	9.9	11.69030422	286	132.6	26.35059193	13.00043369
160	265	0.4	0	37	0.95	71.74865513	89.29773341
160	270	1.3	0.017271008	46	650	98.65510327	100
160	90	0.7	11.44575694	248	0.1	2.150875492	0
160	66	62.5	52.14382245	46	650	98.65510327	100
160	267	3.4	10.62896364	284	118.7	17.11103228	78.47135517
160	267	3.4	10.62896364	274	63.9	100	100
160	295	1.4	0	277	14.2	0.202713617	100
160	283	0.013	1.662962311	275	16.8	99.94879672	99.25173462
160	283	0.013	1.662962311	8	15.4	99.78243983	100
160	284	118.7	17.11103228	294	76.6	0	23.37182885
160	48	14	84.27757776	261	13.2	85.39038766	100
160	48	14	84.27757776	263	0.46	98.44403556	72.90718324
160	275	16.8	99.94879672	265	0.4	0	100
160	275	16.8	99.94879672	290	41.8	0.294050343	94.04004491
160	261	13.2	85.39038766	286	132.6	26.35059193	100
160	92	70.6	36.73976992	290	41.8	0.294050343	4.275377089
160	262	115.2	1.596485175	19	7.5	99.87921859	100
160	33	0.2	99.99187369	278	333.1	84.97484141	100
160	286	132.6	26.35059193	11	1.6	98.72289447	100
160	264	214.1	45.94459407	294	76.6	0	49.22736289
160	264	214.1	45.94459407	268	86.7	94.77996018	100
160	41	2.5	36.39400064	296	701.2	0	72.35775093
160	260	20.7	36.36300704	291	66.9	24.35133625	0
160	276	73.5	0.32239215	271	319.5	0	24.00011084
160	292	89.4	26.96680805	291	66.9	24.35133625	84.13694744
160	270	1.3	0.017271008	278	333.1	84.97484141	41.01177497
160	267	3.4	10.62896364	289	10	96.22080761	100
160	267	3.4	10.62896364	295	1.4	0	35.93416087
160	269	19.8	58.96658998	48	14	84.27757776	100
160	286	132.6	26.35059193	289	10	96.22080761	100
160	278	333.1	84.97484141	92	70.6	36.73976992	100
160	259	28.3	89.25430294	46	650	98.65510327	100
160	280	23.8	100	264	214.1	45.94459407	83.89597503
160	11	1.6	98.72289447	8	15.4	99.78243983	100
160	11	1.6	98.72289447	106	9.8	96.94297546	100
160	21	10.3	100	288	177	50.0790699	97.42637064
160	272	0.0023	0	260	20.7	36.36300704	17.90325599
160	293	48.8	35.48998063	279	81.1	39.13122131	99.1856888
160	284	118.7	17.11103228	263	0.46	98.44403556	100
160	284	118.7	17.11103228	61	9.9	11.69030422	33.27778017
160	284	118.7	17.11103228	261	13.2	85.39038766	100
160	19	7.5	99.87921859	285	308.3	96.73717693	100
160	48	14	84.27757776	268	86.7	94.77996018	93.10917523
160	280	23.8	100	248	0.1	2.150875492	100
160	41	2.5	36.39400064	272	0.0023	0	38.55913004
160	14	334.9	2.964857381	66	62.5	52.14382245	33.48435918
160	61	9.9	11.69030422	46	650	98.65510327	84.96666818
160	61	9.9	11.69030422	292	89.4	26.96680805	65.19203489
160	61	9.9	11.69030422	276	73.5	0.32239215	15.60220381
160	37	0.95	71.74865513	296	701.2	0	71.41765829
160	265	0.4	0	289	10	96.22080761	93.7952577
160	265	0.4	0	295	1.4	0	22.67780801
160	265	0.4	0	14	334.9	2.964857381	21.02398984
160	288	177	50.0790699	280	23.8	100	100
160	288	177	50.0790699	267	3.4	10.62896364	97.66733018
160	264	214.1	45.94459407	61	9.9	11.69030422	60.51604218
160	260	20.7	36.36300704	292	89.4	26.96680805	64.07793385
160	33	0.2	99.99187369	281	78	100	100
160	33	0.2	99.99187369	279	81.1	39.13122131	100
160	48	14	84.27757776	290	41.8	0.294050343	7.40851085
160	48	14	84.27757776	265	0.4	0	100
160	259	28.3	89.25430294	282	5.3	26.61512503	21.09287515
160	280	23.8	100	268	86.7	94.77996018	100
160	259	28.3	89.25430294	272	0.0023	0	0
160	280	23.8	100	294	76.6	0	100
160	41	2.5	36.39400064	92	70.6	36.73976992	79.39965131
160	41	2.5	36.39400064	281	78	100	100
160	41	2.5	36.39400064	279	81.1	39.13122131	56.16505148
160	261	13.2	85.39038766	282	5.3	26.61512503	20.45571299
160	261	13.2	85.39038766	272	0.0023	0	100
160	289	10	96.22080761	271	319.5	0	100
160	273	178	17.3356167	296	701.2	0	87.23659134
160	269	19.8	58.96658998	285	308.3	96.73717693	100
160	269	19.8	58.96658998	284	118.7	17.11103228	100
160	269	19.8	58.96658998	37	0.95	71.74865513	84.74744961
160	278	333.1	84.97484141	295	1.4	0	92.3188801
160	278	333.1	84.97484141	289	10	96.22080761	100
160	66	62.5	52.14382245	63	0.4	80.21460332	100
160	66	62.5	52.14382245	272	0.0023	0	0
160	274	63.9	100	272	0.0023	0	100
160	274	63.9	100	282	5.3	26.61512503	100
160	11	1.6	98.72289447	284	118.7	17.11103228	100
160	41	2.5	36.39400064	271	319.5	0	42.89505559
160	261	13.2	85.39038766	280	23.8	100	96.94319165
160	277	14.2	0.202713617	106	9.8	96.94297546	100
160	21	10.3	100	292	89.4	26.96680805	100
160	274	63.9	100	296	701.2	0	76.44585129
160	286	132.6	26.35059193	8	15.4	99.78243983	98.99540385
160	265	0.4	0	259	28.3	89.25430294	20.8678587
160	281	78	100	278	333.1	84.97484141	100
160	259	28.3	89.25430294	288	177	50.0790699	16.56920078
160	267	3.4	10.62896364	280	23.8	100	100
160	294	76.6	0	269	19.8	58.96658998	0
160	11	1.6	98.72289447	14	334.9	2.964857381	100
160	14	334.9	2.964857381	295	1.4	0	0
160	63	0.4	80.21460332	267	3.4	10.62896364	68.27433663
160	63	0.4	80.21460332	269	19.8	58.96658998	100
160	63	0.4	80.21460332	293	48.8	35.48998063	50.29935083
160	293	48.8	35.48998063	274	63.9	100	100
160	275	16.8	99.94879672	269	19.8	58.96658998	99.46699505
160	275	16.8	99.94879672	293	48.8	35.48998063	93.85376682
160	275	16.8	99.94879672	267	3.4	10.62896364	100
160	90	0.7	11.44575694	259	28.3	89.25430294	0
160	290	41.8	0.294050343	273	178	17.3356167	63.5844681
160	63	0.4	80.21460332	278	333.1	84.97484141	74.80166027
160	291	66.9	24.35133625	8	15.4	99.78243983	95.98700084
160	274	63.9	100	92	70.6	36.73976992	100
160	274	63.9	100	279	81.1	39.13122131	94.47155019
160	263	0.46	98.44403556	261	13.2	85.39038766	100
160	288	177	50.0790699	296	701.2	0	0
160	288	177	50.0790699	278	333.1	84.97484141	80.75436244
160	90	0.7	11.44575694	283	0.013	1.662962311	16.33743039
160	66	62.5	52.14382245	278	333.1	84.97484141	94.58631919
160	291	66.9	24.35133625	295	1.4	0	0
160	294	76.6	0	282	5.3	26.61512503	88.16721672
160	290	41.8	0.294050343	283	0.013	1.662962311	0
160	290	41.8	0.294050343	33	0.2	99.99187369	99.41301775
160	276	73.5	0.32239215	261	13.2	85.39038766	95.514304
160	63	0.4	80.21460332	282	5.3	26.61512503	77.144964
160	269	19.8	58.96658998	260	20.7	36.36300704	77.90058745
160	284	118.7	17.11103228	271	319.5	0	0
160	267	3.4	10.62896364	262	115.2	1.596485175	7.011019908
160	262	115.2	1.596485175	261	13.2	85.39038766	0
160	271	319.5	0	294	76.6	0	5.599497728
160	271	319.5	0	262	115.2	1.596485175	10.38593821
160	277	14.2	0.202713617	285	308.3	96.73717693	100
160	282	5.3	26.61512503	289	10	96.22080761	100
160	283	0.013	1.662962311	280	23.8	100	100
160	8	15.4	99.78243983	279	81.1	39.13122131	100
160	286	132.6	26.35059193	274	63.9	100	100
160	286	132.6	26.35059193	37	0.95	71.74865513	67.73580498
160	286	132.6	26.35059193	285	308.3	96.73717693	100
160	248	0.1	2.150875492	290	41.8	0.294050343	12.6566082
160	248	0.1	2.150875492	265	0.4	0	15.85855457
160	264	214.1	45.94459407	63	0.4	80.21460332	43.70528234
160	289	10	96.22080761	272	0.0023	0	91.24421454
160	106	9.8	96.94297546	278	333.1	84.97484141	100
160	294	76.6	0	296	701.2	0	12.02690111
160	293	48.8	35.48998063	290	41.8	0.294050343	0
160	285	308.3	96.73717693	288	177	50.0790699	94.76214231
160	282	5.3	26.61512503	285	308.3	96.73717693	100
160	92	70.6	36.73976992	295	1.4	0	71.37145246
160	92	70.6	36.73976992	14	334.9	2.964857381	51.77282906
160	263	0.46	98.44403556	262	115.2	1.596485175	100
160	263	0.46	98.44403556	268	86.7	94.77996018	100
160	263	0.46	98.44403556	294	76.6	0	99.6797747
160	281	78	100	283	0.013	1.662962311	100
160	270	1.3	0.017271008	292	89.4	26.96680805	9.558677986
160	46	650	98.65510327	294	76.6	0	100
160	289	10	96.22080761	276	73.5	0.32239215	68.87376818
160	262	115.2	1.596485175	289	10	96.22080761	100
160	262	115.2	1.596485175	14	334.9	2.964857381	0.664203784
160	276	73.5	0.32239215	268	86.7	94.77996018	100
160	276	73.5	0.32239215	294	76.6	0	0
160	19	7.5	99.87921859	270	1.3	0.017271008	100
160	292	89.4	26.96680805	288	177	50.0790699	100
160	270	1.3	0.017271008	286	132.6	26.35059193	79.57894409
160	261	13.2	85.39038766	33	0.2	99.99187369	100
160	261	13.2	85.39038766	283	0.013	1.662962311	100
160	262	115.2	1.596485175	294	76.6	0	0
160	286	132.6	26.35059193	291	66.9	24.35133625	19.91131248
160	286	132.6	26.35059193	271	319.5	0	9.009430502
160	268	86.7	94.77996018	261	13.2	85.39038766	100
160	295	1.4	0	272	0.0023	0	14.17189523
160	295	1.4	0	282	5.3	26.61512503	96.82885271
160	21	10.3	100	291	66.9	24.35133625	100
160	276	73.5	0.32239215	248	0.1	2.150875492	10.54520978
160	286	132.6	26.35059193	63	0.4	80.21460332	96.00627968
160	61	9.9	11.69030422	260	20.7	36.36300704	56.76832308
160	278	333.1	84.97484141	275	16.8	99.94879672	100
160	282	5.3	26.61512503	283	0.013	1.662962311	55.36294602
160	66	62.5	52.14382245	269	19.8	58.96658998	100
160	66	62.5	52.14382245	293	48.8	35.48998063	53.43042649
160	66	62.5	52.14382245	267	3.4	10.62896364	7.188976378
160	270	1.3	0.017271008	283	0.013	1.662962311	4.85123503
160	260	20.7	36.36300704	270	1.3	0.017271008	50.29242377
160	261	13.2	85.39038766	278	333.1	84.97484141	100
160	289	10	96.22080761	270	1.3	0.017271008	97.35847408
160	106	9.8	96.94297546	66	62.5	52.14382245	100
160	106	9.8	96.94297546	92	70.6	36.73976992	100
160	106	9.8	96.94297546	279	81.1	39.13122131	100
160	41	2.5	36.39400064	283	0.013	1.662962311	63.52511139
160	282	5.3	26.61512503	8	15.4	99.78243983	94.29040528
160	282	5.3	26.61512503	275	16.8	99.94879672	100
160	282	5.3	26.61512503	106	9.8	96.94297546	100
160	61	9.9	11.69030422	268	86.7	94.77996018	100
160	61	9.9	11.69030422	294	76.6	0	49.63563933
160	61	9.9	11.69030422	262	115.2	1.596485175	0
160	265	0.4	0	260	20.7	36.36300704	41.77245281
160	90	0.7	11.44575694	278	333.1	84.97484141	100
160	41	2.5	36.39400064	273	178	17.3356167	38.38267253
160	41	2.5	36.39400064	264	214.1	45.94459407	83.47013741
160	271	319.5	0	288	177	50.0790699	33.50334667
160	275	16.8	99.94879672	272	0.0023	0	100
160	283	0.013	1.662962311	286	132.6	26.35059193	0
160	267	3.4	10.62896364	291	66.9	24.35133625	6.086119051
160	92	70.6	36.73976992	37	0.95	71.74865513	94.70356343
160	269	19.8	58.96658998	281	78	100	100
160	261	13.2	85.39038766	279	81.1	39.13122131	100
160	261	13.2	85.39038766	92	70.6	36.73976992	89.0332463
160	274	63.9	100	90	0.7	11.44575694	94.73092303
160	272	0.0023	0	262	115.2	1.596485175	34.61762746
160	272	0.0023	0	294	76.6	0	0
160	271	319.5	0	265	0.4	0	0
160	37	0.95	71.74865513	282	5.3	26.61512503	100
160	48	14	84.27757776	46	650	98.65510327	100
160	277	14.2	0.202713617	279	81.1	39.13122131	100
160	277	14.2	0.202713617	281	78	100	100
160	277	14.2	0.202713617	92	70.6	36.73976992	50.84159969
160	260	20.7	36.36300704	41	2.5	36.39400064	93.22624991
160	21	10.3	100	280	23.8	100	100
160	21	10.3	100	269	19.8	58.96658998	70.47064896
160	296	701.2	0	289	10	96.22080761	88.84733728
160	286	132.6	26.35059193	267	3.4	10.62896364	0
160	286	132.6	26.35059193	269	19.8	58.96658998	53.54030602
160	265	0.4	0	276	73.5	0.32239215	20.44330393
160	279	81.1	39.13122131	285	308.3	96.73717693	100
160	279	81.1	39.13122131	284	118.7	17.11103228	0
160	280	23.8	100	276	73.5	0.32239215	100
160	259	28.3	89.25430294	278	333.1	84.97484141	93.27420669
160	269	19.8	58.96658998	270	1.3	0.017271008	73.74102349
160	285	308.3	96.73717693	259	28.3	89.25430294	99.80611638
160	290	41.8	0.294050343	267	3.4	10.62896364	0
160	273	178	17.3356167	282	5.3	26.61512503	100
160	63	0.4	80.21460332	276	73.5	0.32239215	45.74295847
160	63	0.4	80.21460332	292	89.4	26.96680805	63.20088928
160	61	9.9	11.69030422	261	13.2	85.39038766	97.41740972
160	248	0.1	2.150875492	259	28.3	89.25430294	96.10035451
160	293	48.8	35.48998063	90	0.7	11.44575694	18.73784914
160	288	177	50.0790699	46	650	98.65510327	100
160	290	41.8	0.294050343	278	333.1	84.97484141	100
160	291	66.9	24.35133625	279	81.1	39.13122131	38.55588463
160	248	0.1	2.150875492	295	1.4	0	0
160	66	62.5	52.14382245	264	214.1	45.94459407	100
160	41	2.5	36.39400064	66	62.5	52.14382245	95.44620247
160	46	650	98.65510327	290	41.8	0.294050343	100
160	46	650	98.65510327	265	0.4	0	100
160	14	334.9	2.964857381	90	0.7	11.44575694	21.42954763
160	284	118.7	17.11103228	291	66.9	24.35133625	16.11053397
160	290	41.8	0.294050343	63	0.4	80.21460332	64.8846714
160	284	118.7	17.11103228	19	7.5	99.87921859	100
160	269	19.8	58.96658998	295	1.4	0	67.96688275
160	269	19.8	58.96658998	14	334.9	2.964857381	57.87734875
160	276	73.5	0.32239215	21	10.3	100	96.92300465
160	293	48.8	35.48998063	265	0.4	0	0
160	66	62.5	52.14382245	21	10.3	100	100
160	283	0.013	1.662962311	260	20.7	36.36300704	0
160	8	15.4	99.78243983	259	28.3	89.25430294	100
160	46	650	98.65510327	11	1.6	98.72289447	100
160	261	13.2	85.39038766	90	0.7	11.44575694	0
160	272	0.0023	0	61	9.9	11.69030422	43.91666641
160	292	89.4	26.96680805	46	650	98.65510327	100
160	48	14	84.27757776	270	1.3	0.017271008	100
160	282	5.3	26.61512503	291	66.9	24.35133625	50.38587776
160	282	5.3	26.61512503	271	319.5	0	0
160	279	81.1	39.13122131	260	20.7	36.36300704	86.06852911
160	248	0.1	2.150875492	289	10	96.22080761	100
160	281	78	100	264	214.1	45.94459407	100
160	267	3.4	10.62896364	46	650	98.65510327	100
160	267	3.4	10.62896364	292	89.4	26.96680805	52.55083612
160	267	3.4	10.62896364	276	73.5	0.32239215	9.466260718
160	294	76.6	0	292	89.4	26.96680805	52.51485851
160	266	10	100	290	41.8	7.489127453	100
160	266	10	100	265	0.4	0.003213023	100
160	266	10	100	264	214.1	82.34678084	100
160	266	10	100	278	333.1	99.28313877	100
160	266	10	100	286	132.6	8.714281694	100
160	266	10	100	288	177	36.05092435	100
160	266	10	100	280	23.8	0.84023752	100
160	266	10	100	261	13.2	98.80689729	100
160	266	10	100	66	62.5	92.79249895	100
160	266	10	100	263	0.46	100	100
160	266	10	100	48	14	96.29955615	100
160	266	10	100	106	9.8	96.46749507	100
160	266	10	100	8	15.4	86.04855318	100
160	266	10	100	269	19.8	5.076590092	100
160	266	10	100	259	28.3	99.39809361	100
160	266	10	100	281	78	87.6275808	100
160	266	10	100	279	81.1	100	100
160	266	10	100	276	73.5	0	100
160	266	10	100	248	0.1	11.02931692	100
160	266	10	100	268	86.7	0	100
160	287	50	100	260	20.7	5.364310521	100
160	266	10	100	270	1.3	6.949049359	100
160	266	10	100	275	16.8	100	100
160	266	10	100	21	10.3	95.83707105	100
160	266	10	100	33	0.2	28.85265093	100
160	266	10	100	283	0.013	5.652553764	100
160	287	50	100	278	333.1	99.28313877	100
160	287	50	100	296	701.2	1.133029784	100
160	266	10	100	291	66.9	71.82582596	100
160	266	10	100	284	118.7	2.438397562	100
160	266	10	100	285	308.3	97.8426641	100
160	287	50	100	295	1.4	0	100
160	287	50	100	14	334.9	96.70078756	100
160	287	50	100	289	10	2.700642109	96.96575057
160	266	10	100	14	334.9	96.70078756	100
160	266	10	100	273	178	7.630983954	100
160	266	10	100	46	650	81.36359041	100
160	266	10	100	262	115.2	7.672823145	100
160	284	118.7	1.463038537	14	334.9	97.80260318	100
160	296	701.2	4.060179716	285	308.3	95.99007392	100
160	288	177	49.94292819	61	9.9	81.14345666	73.79348104
160	264	214.1	84.10286106	293	48.8	14.71987221	98.76915148
160	273	178	4.578590372	19	7.5	98.67038398	100
160	48	14	97.53303743	287	50	100	97.57468345
160	287	50	100	90	0.7	5.466956662	88.44363033
160	277	14.2	3.962771739	270	1.3	2.779619744	26.53534497
160	288	177	49.94292819	275	16.8	100	100
160	278	333.1	99.56988326	273	178	4.578590372	100
160	296	701.2	4.060179716	90	0.7	5.466956662	0
160	271	319.5	20.06360587	268	86.7	14.52251298	45.76478343
160	287	50	100	266	10	97.0268529	100
160	46	650	92.23679888	293	48.8	14.71987221	93.1724645
160	277	14.2	3.962771739	273	178	4.578590372	10.96951691
160	287	50	100	41	2.5	8.891211187	100
160	293	48.8	14.71987221	277	14.2	3.962771739	0
160	46	650	92.23679888	14	334.9	97.80260318	100
160	266	10	97.0268529	292	89.4	64.21880102	100
160	273	178	4.578590372	292	89.4	64.21880102	70.65210126
160	273	178	4.578590372	37	0.95	16.55522326	46.41391111
160	293	48.8	14.71987221	287	50	100	96.41004576
160	48	14	97.53303743	14	334.9	97.80260318	98.18378007
160	287	50	100	283	0.013	3.391532259	96.15329086
160	277	14.2	3.962771739	291	66.9	43.09549558	0
160	106	9.8	97.88049704	296	701.2	4.060179716	100
160	273	178	4.578590372	271	319.5	20.06360587	52.08490557
160	277	14.2	3.962771739	248	0.1	7.365441333	0
160	287	50	100	285	308.3	95.99007392	92.99510956
160	287	50	100	37	0.95	16.55522326	100
160	287	50	100	274	63.9	91.52162346	100
160	272	0.0023	0	288	177	49.94292819	73.6562176
160	8	15.4	88.70577015	287	50	100	100
160	296	701.2	4.060179716	267	3.4	10.59818161	38.7074456
160	274	63.9	91.52162346	277	14.2	3.962771739	100
160	277	14.2	3.962771739	288	177	49.94292819	68.06618501
160	271	319.5	20.06360587	295	1.4	1.604001903	68.08532987
160	271	319.5	20.06360587	14	334.9	97.80260318	100
160	272	0.0023	0	277	14.2	3.962771739	0
160	292	89.4	64.21880102	14	334.9	97.80260318	100
160	296	701.2	4.060179716	14	334.9	97.80260318	100
160	287	50	100	292	89.4	64.21880102	100
160	289	10	1.620385265	273	178	4.578590372	9.470141308
160	286	132.6	31.54147231	288	177	49.94292819	96.4525362
160	293	48.8	14.71987221	283	0.013	3.391532259	6.177248551
160	277	14.2	3.962771739	46	650	92.23679888	99.14163848
160	287	50	100	63	0.4	81.28447686	94.88952977
160	277	14.2	3.962771739	276	73.5	0.919752826	0
160	296	701.2	4.060179716	46	650	92.23679888	93.23554606
160	273	178	4.578590372	14	334.9	97.80260318	93.11642278
160	296	701.2	4.060179716	261	13.2	92.68754929	73.25531032
160	296	701.2	4.060179716	278	333.1	99.56988326	100
160	280	23.8	0.84023752	287	50	100	98.71775625
160	273	178	4.578590372	66	62.5	69.59437421	0
160	287	50	100	92	70.6	2.139128899	100
160	293	48.8	14.71987221	296	701.2	4.060179716	3.060454723
160	273	178	4.578590372	63	0.4	81.28447686	95.38321603
160	296	701.2	4.060179716	275	16.8	100	97.17540559
160	280	23.8	0.84023752	296	701.2	4.060179716	100
160	274	63.9	91.52162346	14	334.9	97.80260318	100
160	262	115.2	24.21205694	296	701.2	4.060179716	33.83551603
160	8	15.4	88.70577015	273	178	4.578590372	97.16392052
160	287	50	100	288	177	49.94292819	100
160	287	50	100	286	132.6	31.54147231	100
160	277	14.2	3.962771739	275	16.8	100	96.96028888
160	281	78	90.570021	287	50	100	100
160	8	15.4	88.70577015	296	701.2	4.060179716	80.76284492
160	290	41.8	8.020503048	296	701.2	4.060179716	24.62958618
160	278	333.1	99.56988326	293	48.8	14.71987221	100
160	296	701.2	4.060179716	66	62.5	69.59437421	0
160	296	701.2	4.060179716	92	70.6	2.139128899	0
160	296	701.2	4.060179716	279	81.1	71.62549038	39.87565646
160	273	178	4.578590372	287	50	100	100
160	8	15.4	88.70577015	277	14.2	3.962771739	96.2862128
160	260	20.7	3.218586313	293	48.8	14.71987221	2.318472311
160	262	115.2	24.21205694	287	50	100	100
160	287	50	100	271	319.5	20.06360587	91.85852201
160	287	50	100	291	66.9	43.09549558	100
160	287	50	100	259	28.3	99.39809361	100
160	260	20.7	3.218586313	14	334.9	97.80260318	100
160	295	1.4	1.604001903	296	701.2	4.060179716	0
160	293	48.8	14.71987221	266	10	97.0268529	100
160	281	78	90.570021	296	701.2	4.060179716	93.56712297
160	290	41.8	8.020503048	287	50	100	93.35580532
160	261	13.2	92.68754929	287	50	100	99.30068037
160	267	3.4	10.59818161	287	50	100	93.39934395
160	14	334.9	97.80260318	248	0.1	7.365441333	100
160	259	28.3	99.39809361	293	48.8	14.71987221	0
160	61	9.9	81.14345666	287	50	100	100
160	287	50	100	264	214.1	84.10286106	100
160	289	10	1.620385265	14	334.9	97.80260318	100
160	293	48.8	14.71987221	267	3.4	10.59818161	27.44577499
160	288	177	49.94292819	265	0.4	0.116658739	85.49836675
160	271	319.5	20.06360587	275	16.8	100	88.83339858
160	273	178	4.578590372	21	10.3	97.50224263	100
160	292	89.4	64.21880102	277	14.2	3.962771739	77.40540632
160	275	16.8	100	287	50	100	100
160	280	23.8	0.84023752	293	48.8	14.71987221	98.36310151
160	270	1.3	2.779619744	296	701.2	4.060179716	30.55403367
160	248	0.1	7.365441333	287	50	100	99.31438175
160	273	178	4.578590372	272	0.0023	0	13.82855974
160	287	50	100	21	10.3	97.50224263	96.63450603
160	14	334.9	97.80260318	277	14.2	3.962771739	100
160	292	89.4	64.21880102	293	48.8	14.71987221	78.44408583
160	66	62.5	69.59437421	287	50	100	100
160	19	7.5	98.67038398	14	334.9	97.80260318	100
160	287	50	100	294	76.6	4.225974709	99.367709
160	270	1.3	2.779619744	287	50	100	98.92530364
160	287	50	100	277	14.2	3.962771739	99.61701582
160	287	50	100	106	9.8	97.88049704	95.27492266
160	293	48.8	14.71987221	41	2.5	8.891211187	88.33785074
160	265	0.4	0.116658739	277	14.2	3.962771739	0
160	14	334.9	97.80260318	293	48.8	14.71987221	97.24107211
160	293	48.8	14.71987221	273	178	4.578590372	21.54519172
160	290	41.8	8.020503048	271	319.5	20.06360587	65.79623628
160	66	62.5	69.59437421	277	14.2	3.962771739	17.51382218
160	269	19.8	2.627026191	287	50	100	100
160	267	3.4	10.59818161	277	14.2	3.962771739	28.20870296
160	61	9.9	81.14345666	296	701.2	4.060179716	89.83976601
160	46	650	92.23679888	287	50	100	100
160	269	19.8	2.627026191	293	48.8	14.71987221	24.51010694
160	284	118.7	1.463038537	293	48.8	14.71987221	0
160	279	81.1	71.62549038	287	50	100	96.71138035
160	282	5.3	94.01490556	277	14.2	3.962771739	32.39498486
160	285	308.3	95.99007392	14	334.9	97.80260318	100
160	284	118.7	1.463038537	287	50	100	100
160	268	86.7	14.52251298	287	50	100	100
160	293	48.8	14.71987221	271	319.5	20.06360587	94.45086815
160	263	0.46	99.48214997	287	50	100	100
160	261	13.2	92.68754929	14	334.9	97.80260318	99.361087
160	277	14.2	3.962771739	262	115.2	24.21205694	16.91992565
160	11	1.6	98.96514269	273	178	4.578590372	100
160	293	48.8	14.71987221	281	78	90.570021	100
160	282	5.3	94.01490556	287	50	100	100
160	281	78	90.570021	273	178	4.578590372	91.2156431
160	296	701.2	4.060179716	268	86.7	14.52251298	37.47902041
160	272	0.0023	0	287	50	100	100
160	296	701.2	4.060179716	283	0.013	3.391532259	0
160	276	73.5	0.919752826	287	50	100	100
160	265	0.4	0.116658739	287	50	100	100
160	293	48.8	14.71987221	276	73.5	0.919752826	0
