47	37	332	-0.4258	-0.2497	-0.3465	NA
47	131	332	-0.3166	-0.1927	-0.34	-0.1534
47	332	2013	-0.2877	-0.2527	-0.3039	-0.1503
47	332	2009	-0.3254	-0.1813	-0.3054	-0.1497
47	131	2008	-0.0544	-0.027	-0.1412	-0.0299
47	128	131	0.013	-0.0605	-0.0883	-0.0095
47	131	1546	-0.0552	0.0632	-0.1194	-0.0548
47	123	131	-0.0098	-0.0619	-0.0572	NA
47	131	163	-0.0407	NA	-0.0831	NA
47	131	2014	-0.0942	0.0014	-0.082	-0.0491
47	131	217	0.0286	-0.0582	-0.0698	NA
47	131	1125	1e-04	NA	-0.0758	NA
187	37	332	-0.2974	-0.1211	-0.2124	-0.1768
187	131	332	-0.2669	-0.0077	-0.263	-0.1384
187	332	2013	-0.224	-0.1487	-0.2473	-0.1081
187	332	2009	-0.1496	NA	-0.1475	-0.0727
187	131	2008	-0.0717	-0.0783	-0.1877	-0.0549
187	128	131	-0.0875	NA	-0.2052	NA
187	131	1546	-0.2128	0.029	-0.2416	-0.0968
187	123	131	-0.1519	NA	-0.2005	-0.0738
187	131	163	-0.1063	-0.0978	-0.124	-0.0544
187	131	2014	-0.2656	-0.0829	-0.3162	-0.054
187	131	217	-0.1205	NA	-0.2474	-0.0449
187	131	1125	-0.0551	-0.1188	-0.1835	-0.0272
188	37	131	-0.2733	-0.3032	-0.3198	-0.113
188	37	332	-0.5713	-0.3422	-0.5622	-0.2045
188	131	332	-0.3471	-0.2768	-0.3712	-0.1772
188	332	2013	-0.3679	-0.3354	-0.379	-0.1727
188	332	2009	-0.3949	-0.0198	-0.4274	-0.1855
188	131	2008	-0.07	-0.039	-0.0525	NA
188	128	131	-0.0188	-0.0038	-0.0529	-0.0119
188	128	332	-0.3613	-0.328	-0.4034	-0.1763
188	131	1546	0.0302	NA	-0.0611	-1e-04
188	123	131	0.0339	-0.0422	-0.0747	NA
188	131	163	0.0375	NA	-0.0251	NA
188	131	2014	-0.017	-0.0482	-0.0867	NA
188	131	217	0.0181	0.0302	-0.021	NA
188	131	1125	0.0349	-0.0725	-0.0892	NA
188	332	808	-0.3993	-0.1212	-0.3891	-0.2195
188	24	332	-0.3214	-0.3347	-0.3505	-0.1737
188	332	344	-0.4303	-0.0982	-0.4018	-0.2199
188	31	332	-0.4255	-0.108	-0.4252	-0.207
188	332	1790	-0.461	-0.2807	-0.4729	-0.2068
188	93	332	-0.4357	-0.2561	-0.4509	-0.2052
188	39	332	-0.3606	-0.2308	-0.3359	-0.1758
188	332	562	-0.4295	-0.19	-0.4476	-0.2099
188	131	1008	-0.2904	-0.209	-0.2841	-0.1447
188	332	1008	-0.4218	0.0332	-0.4227	-0.2278
188	131	2012	-0.0176	-0.0661	-0.0663	-0.008
188	131	1878	-0.0191	0.0088	-0.0214	NA
188	131	140	-0.0661	-0.0841	-0.1192	NA
188	131	1159	-0.3181	-0.3214	-0.3752	-0.1702
188	111	131	0.0236	-0.0041	-0.0555	-0.0045
188	332	2006	-0.3789	-0.1784	-0.4049	-0.1945
189	37	131	-0.3554	-0.3056	-0.3514	-0.1756
189	37	332	-0.518	-0.2107	-0.453	-0.2365
189	131	332	-0.4189	-0.334	-0.4102	-0.2223
189	332	2013	-0.4406	-0.4056	-0.4385	-0.2132
189	332	2009	-0.4985	-0.067	-0.4669	-0.2296
189	131	2008	-0.0852	-0.0373	-0.0886	-0.0529
189	128	131	-0.0645	-0.0581	-0.0841	0
189	128	332	-0.4023	-0.326	-0.4273	-0.1925
189	131	1546	-0.1977	NA	-0.2294	-0.0882
189	123	131	-0.015	0.0066	-0.0832	-0.0168
189	131	163	-0.0199	NA	-0.0566	-0.0187
189	131	2014	-0.0572	-0.0085	-0.1177	-0.0108
189	131	217	-0.0049	0.0053	-0.0781	-0.0049
189	131	1125	-0.0071	-0.0692	-0.0731	-0.0102
189	332	808	-0.4234	-0.207	-0.3726	-0.233
189	24	332	-0.4934	-0.1932	-0.4254	-0.2412
189	332	344	-0.4913	-0.0428	-0.4577	-0.2472
189	31	332	-0.4762	-0.0353	-0.4839	-0.2357
189	332	1790	-0.4914	-0.0406	-0.481	-0.2356
189	93	332	-0.4418	-0.1711	-0.3957	-0.2393
189	39	332	-0.4086	-0.1467	-0.3647	-0.2403
189	332	562	-0.4312	0.0195	-0.4296	-0.2261
189	131	1008	-0.132	-0.0835	-0.1738	-0.0636
189	332	1008	-0.4183	-0.2079	-0.3762	-0.2357
189	131	2012	-0.0896	0.0016	-0.1215	-0.0497
189	131	1878	-0.1301	-0.0077	-0.1037	-0.0747
189	131	140	-0.1735	-0.1025	-0.2161	-0.0811
189	131	1159	-0.3825	-0.2308	-0.3911	-0.1858
189	111	131	-0.0454	0.0489	-0.0867	-0.0254
189	332	2006	-0.4298	7e-04	-0.4221	-0.2185
190	37	131	-0.5006	-0.1638	-0.4922	-0.247
190	37	332	-0.6132	-0.2384	-0.6295	-0.2266
190	131	332	-0.4481	0.0029	-0.4218	-0.251
190	332	2013	-0.5025	-0.0307	-0.4906	-0.2514
190	332	2009	-0.4414	-0.0026	-0.454	-0.2156
190	131	2008	-0.4757	NA	-0.4695	-0.2441
190	128	131	-0.5596	-0.3977	-0.5626	-0.2549
190	128	332	-0.4566	-0.0225	-0.5077	-0.2122
190	131	1546	-0.4857	0.011	-0.4993	-0.2377
190	123	131	-0.5382	-0.4717	-0.5887	-0.2397
190	131	163	-0.4846	-0.4327	-0.4623	-0.2231
190	131	2014	-0.5502	-0.0213	-0.557	-0.2506
190	131	217	-0.5537	-0.4802	-0.6018	-0.2407
190	131	1125	-0.4627	-0.4202	-0.4731	-0.2371
190	332	808	-0.3847	-0.124	-0.3592	-0.2242
190	24	332	-0.3896	NA	-0.4511	-0.1878
190	332	344	-0.5066	0.0172	-0.5098	-0.253
190	31	332	-0.5153	0.0023	-0.5846	-0.238
190	332	1790	-0.4309	-0.0044	-0.4579	-0.2082
190	93	332	-0.4973	-0.0125	-0.4818	-0.2443
190	39	332	-0.3714	-0.3831	-0.4156	-0.1961
190	332	562	-0.4618	0.0263	-0.5005	-0.231
190	131	1008	-0.5005	-0.4876	-0.538	-0.2461
190	332	1008	-0.3416	-0.294	-0.3417	-0.1999
190	131	2012	-0.5474	-0.543	-0.5963	-0.252
190	131	1878	-0.5393	-0.4792	-0.5247	-0.2534
190	131	140	-0.5308	-0.4027	-0.5275	-0.2423
190	131	1159	-0.4912	-0.2139	-0.5115	-0.2519
190	111	131	-0.5401	-0.5464	-0.6032	-0.2436
190	332	2006	-0.41	0.0257	-0.4867	-0.2119
191	37	332	0.1798	-0.0053	0.0144	NA
191	131	332	-0.1095	-0.1734	-0.2403	NA
191	332	2013	-0.1046	-0.0422	-0.1517	-0.0299
191	332	2009	0.0491	NA	-0.1442	-0.0107
191	131	2008	0.0145	NA	-0.0313	-0.0025
191	128	131	-0.0194	0.0362	-0.0416	-0.0044
191	131	1546	-0.066	0.009	-0.1439	-0.0254
191	123	131	-0.0642	-0.1373	-0.1993	NA
191	131	163	0.0602	-0.0209	-0.0108	NA
191	131	2014	-0.2656	-0.0829	-0.3162	-0.054
191	131	217	-0.0523	NA	-0.0973	NA
191	131	1125	-0.0236	-0.0259	-0.1244	NA
194	131	192	NA	NA	NA	NA
194	192	2010	NA	NA	NA	NA
194	37	2007	NA	NA	NA	NA
194	29	37	NA	NA	NA	NA
194	29	1008	NA	NA	NA	NA
194	131	2011	NA	NA	NA	NA
195	195	131	192	NA	NA	NA
195	195	192	2010	NA	NA	NA
195	195	37	2007	NA	NA	NA
195	195	29	37	NA	NA	NA
195	195	29	1008	NA	NA	NA
195	195	131	2011	NA	NA	NA
196	131	192	NA	NA	NA	NA
196	192	2010	NA	NA	NA	NA
196	37	2007	NA	NA	NA	NA
196	29	37	NA	NA	NA	NA
196	29	1008	NA	NA	NA	NA
196	131	2011	NA	NA	NA	NA
192	37	332	-0.374	-0.1039	-0.2688	-0.2266
192	131	332	-0.34	0.0216	-0.2985	-0.1838
192	332	2013	-0.3458	-0.0901	-0.3129	-0.1909
192	332	2009	-0.3796	-0.051	-0.3494	-0.1787
192	131	2008	-0.1893	0.009	-0.229	-0.1151
192	128	131	-0.172	-0.1503	-0.2567	-0.075
192	131	1546	-0.1495	0.1249	-0.1359	-0.0861
192	123	131	-0.1589	NA	-0.2057	-0.0875
192	131	163	-0.1545	-0.2608	-0.246	NA
192	131	2014	-0.2491	-0.0348	-0.2386	-0.0887
192	131	217	-0.1201	-0.2141	-0.2633	-0.0606
192	131	1125	-0.1324	-0.2045	-0.2634	-0.0734
40	37	332	-0.1432	0.1073	0.0345	-0.1527
40	131	332	-0.202	NA	-0.3733	NA
40	332	2013	-0.3012	-0.4743	-0.4539	NA
40	332	2009	-0.2976	NA	-0.2659	-0.1684
40	131	2008	0.2297	-0.1554	-0.2691	-0.0332
40	128	131	-0.0343	-0.0034	-0.3201	-0.0699
40	131	1546	0.0463	0.1	0.1232	NA
40	123	131	0.0739	-0.0063	-0.0147	NA
40	131	163	-0.0471	NA	-0.1982	NA
40	131	2014	-0.0323	-0.2651	-0.2214	NA
40	131	217	0.2235	0.0242	-0.2181	-0.025
40	131	1125	0.0332	0.0228	-0.2597	-0.0388
9	9	37	131	-0.2595	-0.1167	-0.2359
9	9	37	332	-0.3252	-0.1602	-0.3018
9	9	131	332	-0.3186	-0.0251	-0.2662
9	9	332	2013	-0.3722	-0.1008	-0.3156
9	9	332	2009	-0.302	-0.0765	-0.2751
9	9	131	2008	-0.0635	0.0654	-0.0347
9	9	128	131	-0.274	0.0182	-0.2444
9	9	128	332	-0.2924	-0.0577	-0.312
9	9	131	1546	-0.3462	-0.0611	-0.3145
9	9	123	131	-0.1255	-0.196	-0.2265
9	9	131	163	-0.1672	NA	-0.1587
9	9	131	2014	-0.2862	-0.0279	-0.2991
9	9	131	217	-0.1763	-0.161	-0.2115
9	9	131	1125	-0.1743	-0.1313	-0.1619
9	9	332	808	-0.2054	-0.1145	-0.1776
9	9	24	332	-0.3472	-0.0508	-0.2907
9	9	332	344	-0.3896	-0.0677	-0.3584
9	9	31	332	-0.4234	-0.1537	-0.4388
9	9	332	1790	-0.3477	-0.0684	-0.3322
9	9	93	332	-0.2222	0.0219	-0.2183
9	9	39	332	-0.2425	0.0632	-0.2265
9	9	332	562	-0.2866	-0.0144	-0.2755
9	9	131	1008	-0.1326	NA	-0.199
9	9	332	1008	-0.1889	-0.1544	-0.1776
9	9	131	2012	-0.1727	-0.1552	-0.1998
9	9	131	1878	-0.2605	-0.0589	-0.2007
9	9	131	140	-0.2604	-0.0172	-0.2497
9	9	131	1159	-0.3583	-0.0367	-0.3634
9	9	111	131	-0.2063	-0.2215	-0.2348
9	9	332	2006	-0.2484	-0.0699	-0.2796
193	37	332	-0.3956	-0.0985	-0.2874	-0.2289
193	131	332	-0.2966	-0.0569	-0.2764	-0.1617
193	332	2013	-0.3286	-0.3125	-0.3407	-0.1664
193	332	2009	-0.3283	-0.0872	-0.2748	-0.1834
193	131	2008	-0.0817	-0.0434	-0.1623	-0.0391
193	128	131	-0.0697	-0.0518	-0.1206	-0.0384
193	131	1546	-0.2362	-0.0461	-0.1674	-0.1552
193	123	131	-0.0166	-0.0951	-0.1111	-0.0268
193	131	163	-0.0559	-0.084	-0.0987	-0.0418
193	131	2014	-0.1364	-0.0734	-0.1548	-0.0465
193	131	217	0.0175	-0.1046	-0.1148	-0.0161
193	131	1125	-0.0226	-0.0589	-0.1016	0
