name	drugA	drugB	concA	concB	zip
197	164	2015	0	0	0
197	164	2015	0	1e-07	0
197	164	2015	0	2.5e-07	0
197	164	2015	0	5e-07	0
197	164	2015	0	1e-06	0
197	164	2015	0	2e-06	0
197	164	2015	0	4e-06	0
197	164	2015	0	6e-06	-0.000301140914806552
197	164	2015	0	1e-05	-0.00596017303212179
197	164	2015	0	1.4e-05	-0.0611064331824356
197	164	2015	1e-09	0	-0.184616128534847
197	164	2015	1e-09	1e-07	-0.309313597698366
197	164	2015	1e-09	2.5e-07	0
197	164	2015	1e-09	5e-07	-0.000663039890793016
197	164	2015	1e-09	1e-06	-0.00631387013671883
197	164	2015	1e-09	2e-06	-0.061380204511036
197	164	2015	1e-09	4e-06	-0.184710892108121
197	164	2015	1e-09	6e-06	-0.309227632026165
197	164	2015	1e-09	1e-05	0
197	164	2015	1e-09	1.4e-05	-0.00194572895650083
197	164	2015	2.5e-09	0	-0.00756748907112552
197	164	2015	2.5e-09	1e-07	-0.0623505401930936
197	164	2015	2.5e-09	2.5e-07	-0.185046765396886
197	164	2015	2.5e-09	5e-07	-0.30892294139404
197	164	2015	2.5e-09	1e-06	0
197	164	2015	2.5e-09	2e-06	-0.00699124617167257
197	164	2015	2.5e-09	4e-06	-0.0124986575701126
197	164	2015	2.5e-09	6e-06	-0.0661674008175469
197	164	2015	2.5e-09	1e-05	-0.186367938630439
197	164	2015	2.5e-09	1.4e-05	-0.307724426593543
197	164	2015	5e-09	0	0
197	164	2015	5e-09	1e-07	-0.0261168836135866
197	164	2015	5e-09	2.5e-07	-0.0311908425046968
197	164	2015	5e-09	5e-07	-0.0806356682629743
197	164	2015	5e-09	1e-06	-0.191376004044805
197	164	2015	5e-09	2e-06	-0.303181312663785
197	164	2015	5e-09	4e-06	0
197	164	2015	5e-09	6e-06	-0.089548784618099
197	164	2015	5e-09	1e-05	-0.09318515918719
197	164	2015	5e-09	1.4e-05	-0.128620981750822
197	164	2015	7.5e-09	0	-0.207985704534683
197	164	2015	7.5e-09	1e-07	-0.288113665694119
197	164	2015	7.5e-09	2.5e-07	0
197	164	2015	7.5e-09	5e-07	-0.164227241335673
197	164	2015	7.5e-09	1e-06	-0.16617114607697
197	164	2015	7.5e-09	2e-06	-0.185114151585454
197	164	2015	7.5e-09	4e-06	-0.227540325781759
197	164	2015	7.5e-09	6e-06	-0.270374505993074
197	164	2015	7.5e-09	1e-05	0
197	164	2015	7.5e-09	1.4e-05	-0.287529053643196
197	164	2015	1e-08	0	-0.286678516637631
197	164	2015	1e-08	1e-07	-0.278390184992925
197	164	2015	1e-08	2.5e-07	-0.259827016545471
197	164	2015	1e-08	5e-07	-0.24108532895205
197	164	2015	1e-08	1e-06	0
197	164	2015	1e-08	2e-06	-0.362834442729691
197	164	2015	1e-08	4e-06	-0.360277227459721
197	164	2015	1e-08	6e-06	-0.335357620075515
197	164	2015	1e-08	1e-05	-0.279545800598805
197	164	2015	1e-08	1.4e-05	-0.223197247407908
5	164	2015	0	0	0
5	164	2015	0	1e-07	0
5	164	2015	0	2.5e-07	0
5	164	2015	0	5e-07	0
5	164	2015	0	1e-06	0
5	164	2015	0	2e-06	0
5	164	2015	0	4e-06	0
5	164	2015	0	6e-06	-0.00385425691928091
5	164	2015	0	1e-05	-0.00701224725774608
5	164	2015	0	1.4e-05	-0.0388472347194499
5	164	2015	1e-09	0	-0.122878816555777
5	164	2015	1e-09	1e-07	-0.233829070614831
5	164	2015	1e-09	2.5e-07	0
5	164	2015	1e-09	5e-07	-0.00970192794675924
5	164	2015	1e-09	1e-06	-0.0127848940805553
5	164	2015	1e-09	2e-06	-0.0438635794770276
5	164	2015	1e-09	4e-06	-0.125898827595179
5	164	2015	1e-09	6e-06	-0.234213242504498
5	164	2015	1e-09	1e-05	0
5	164	2015	1e-09	1.4e-05	-0.0194681638978633
5	164	2015	2.5e-09	0	-0.0224258315869623
5	164	2015	2.5e-09	1e-07	-0.0522414116574592
5	164	2015	2.5e-09	2.5e-07	-0.130942568983356
5	164	2015	2.5e-09	5e-07	-0.234854850642619
5	164	2015	2.5e-09	1e-06	0
5	164	2015	2.5e-09	2e-06	-0.0384247435548517
5	164	2015	2.5e-09	4e-06	-0.0411392029127489
5	164	2015	2.5e-09	6e-06	-0.0685030547179346
5	164	2015	2.5e-09	1e-05	-0.140732634047617
5	164	2015	2.5e-09	1.4e-05	-0.236100232777531
5	164	2015	5e-09	0	0
5	164	2015	5e-09	1e-07	-0.073143360676184
5	164	2015	5e-09	2.5e-07	-0.0754123885752156
5	164	2015	5e-09	5e-07	-0.0982859464313287
5	164	2015	5e-09	1e-06	-0.158662953056072
5	164	2015	5e-09	2e-06	-0.238381126604063
5	164	2015	5e-09	4e-06	0
5	164	2015	5e-09	6e-06	-0.130451656657949
5	164	2015	5e-09	1e-05	-0.131985432983018
5	164	2015	5e-09	1.4e-05	-0.147447085757219
5	164	2015	7.5e-09	0	-0.188259639617435
5	164	2015	7.5e-09	1e-07	-0.24214608469721
5	164	2015	7.5e-09	2.5e-07	0
5	164	2015	7.5e-09	5e-07	-0.175082987114541
5	164	2015	7.5e-09	1e-06	-0.176044154266643
5	164	2015	7.5e-09	2e-06	-0.18573346327531
5	164	2015	7.5e-09	4e-06	-0.211309347791635
5	164	2015	7.5e-09	6e-06	-0.245078209722598
5	164	2015	7.5e-09	1e-05	0
5	164	2015	7.5e-09	1.4e-05	-0.239338253611574
5	164	2015	1e-08	0	-0.239475041238549
5	164	2015	1e-08	1e-07	-0.240853966416564
5	164	2015	1e-08	2.5e-07	-0.244493775104474
5	164	2015	1e-08	5e-07	-0.249299559903771
5	164	2015	1e-08	1e-06	0
5	164	2015	1e-08	2e-06	-0.283021073674777
5	164	2015	1e-08	4e-06	-0.282597421287676
5	164	2015	1e-08	6e-06	-0.278326677242902
5	164	2015	1e-08	1e-05	-0.267053628113162
5	164	2015	1e-08	1.4e-05	-0.252169371056083
198	164	2015	0	0	0
198	164	2015	0	1e-07	0
198	164	2015	0	2.5e-07	0
198	164	2015	0	5e-07	0
198	164	2015	0	1e-06	0
198	164	2015	0	2e-06	0
198	164	2015	0	4e-06	0
198	164	2015	0	6e-06	-9.76060586735628e-05
198	164	2015	0	1e-05	-0.0120520406880144
198	164	2015	0	1.4e-05	-0.254491156038649
198	164	2015	1e-09	0	-0.451110974989147
198	164	2015	1e-09	1e-07	-0.488764329490238
198	164	2015	1e-09	2.5e-07	0
198	164	2015	1e-09	5e-07	-0.00024546723757993
198	164	2015	1e-09	1e-06	-0.0121928287182024
198	164	2015	1e-09	2e-06	-0.254488498730665
198	164	2015	1e-09	4e-06	-0.450991982508187
198	164	2015	1e-09	6e-06	-0.488623058433637
198	164	2015	1e-09	1e-05	0
198	164	2015	1e-09	1.4e-05	-0.00140894587743887
198	164	2015	2.5e-09	0	-0.0133006507109863
198	164	2015	2.5e-09	1e-07	-0.254467589110566
198	164	2015	2.5e-09	2.5e-07	-0.45005566365205
198	164	2015	2.5e-09	5e-07	-0.487511435639869
198	164	2015	2.5e-09	1e-06	0
198	164	2015	2.5e-09	2e-06	-0.0109916989141496
198	164	2015	2.5e-09	4e-06	-0.0224249991964648
198	164	2015	2.5e-09	6e-06	-0.254295371315894
198	164	2015	2.5e-09	1e-05	-0.442343865554007
198	164	2015	2.5e-09	1.4e-05	-0.47835578263713
198	164	2015	5e-09	0	0
198	164	2015	5e-09	1e-07	-0.079084423072034
198	164	2015	5e-09	2.5e-07	-0.087260411542161
198	164	2015	5e-09	5e-07	-0.253071633341773
198	164	2015	5e-09	1e-06	-0.38754569443975
198	164	2015	5e-09	2e-06	-0.413297927967126
198	164	2015	5e-09	4e-06	0
198	164	2015	5e-09	6e-06	-0.306187014980574
198	164	2015	5e-09	1e-05	-0.303499229613617
198	164	2015	5e-09	1.4e-05	-0.248990227153715
198	164	2015	7.5e-09	0	-0.204783044746958
198	164	2015	7.5e-09	1e-07	-0.196317221110557
198	164	2015	7.5e-09	2.5e-07	0
198	164	2015	7.5e-09	5e-07	-0.422941812933558
198	164	2015	7.5e-09	1e-06	-0.414668896596953
198	164	2015	7.5e-09	2e-06	-0.246891951872723
198	164	2015	7.5e-09	4e-06	-0.110823675728275
198	164	2015	7.5e-09	6e-06	-0.0847661446748606
198	164	2015	7.5e-09	1e-05	0
198	164	2015	7.5e-09	1.4e-05	-0.481673555578559
198	164	2015	1e-08	0	-0.470591123226346
198	164	2015	1e-08	1e-07	-0.245836446095126
198	164	2015	1e-08	2.5e-07	-0.063558830282572
198	164	2015	1e-08	5e-07	-0.0286520557649348
198	164	2015	1e-08	1e-06	0
198	164	2015	1e-08	2e-06	-0.493271111150932
198	164	2015	1e-08	4e-06	-0.481633893317222
198	164	2015	1e-08	6e-06	-0.245628018993164
198	164	2015	1e-08	1e-05	-0.054225603530057
198	164	2015	1e-08	1.4e-05	-0.0175713992882564
94	164	2015	0	0	0
94	164	2015	0	1e-07	0
94	164	2015	0	2.5e-07	0
94	164	2015	0	5e-07	0
94	164	2015	0	1e-06	0
94	164	2015	0	2e-06	0
94	164	2015	0	4e-06	0
94	164	2015	0	6e-06	-1.5894980919029e-07
94	164	2015	0	1e-05	-2.11781882100581e-05
94	164	2015	0	1.4e-05	-0.00181055470196782
94	164	2015	1e-09	0	-0.0236498786368452
94	164	2015	1e-09	1e-07	-0.120625463411771
94	164	2015	1e-09	2.5e-07	0
94	164	2015	1e-09	5e-07	-1.02081132561693e-05
94	164	2015	1e-09	1e-06	-7.72885506070509e-05
94	164	2015	1e-09	2e-06	-0.00211556100949267
94	164	2015	1e-09	4e-06	-0.0239776105153048
94	164	2015	1e-09	6e-06	-0.120812425807746
94	164	2015	1e-09	1e-05	0
94	164	2015	1e-09	1.4e-05	-3.01854602710705e-05
94	164	2015	2.5e-09	0	-0.000116817481153646
94	164	2015	2.5e-09	1e-07	-0.00232791655147594
94	164	2015	2.5e-09	2.5e-07	-0.0248869459409565
94	164	2015	2.5e-09	5e-07	-0.121539863916016
94	164	2015	2.5e-09	1e-06	0
94	164	2015	2.5e-09	2e-06	-4.65969332196892e-05
94	164	2015	2.5e-09	4e-06	-0.000410743554875523
94	164	2015	2.5e-09	6e-06	-0.00758224648733375
94	164	2015	2.5e-09	1e-05	-0.0321196165694641
94	164	2015	2.5e-09	1.4e-05	-0.12555169178408
94	164	2015	5e-09	0	0
94	164	2015	5e-09	1e-07	-0.00221280602235126
94	164	2015	5e-09	2.5e-07	-0.01297173259429
94	164	2015	5e-09	5e-07	-0.041858125880503
94	164	2015	5e-09	1e-06	-0.0627942251521343
94	164	2015	5e-09	2e-06	-0.143051857223875
94	164	2015	5e-09	4e-06	0
94	164	2015	5e-09	6e-06	-0.158074302477063
94	164	2015	5e-09	1e-05	-0.158081821552081
94	164	2015	5e-09	1.4e-05	-0.158735686956856
94	164	2015	7.5e-09	0	-0.1667557085262
94	164	2015	7.5e-09	1e-07	-0.202419029507475
94	164	2015	7.5e-09	2.5e-07	0
94	164	2015	7.5e-09	5e-07	-0.269213454675791
94	164	2015	7.5e-09	1e-06	-0.269211883108634
94	164	2015	7.5e-09	2e-06	-0.269075218240624
94	164	2015	7.5e-09	4e-06	-0.267398947893227
94	164	2015	7.5e-09	6e-06	-0.259944932098668
94	164	2015	7.5e-09	1e-05	0
94	164	2015	7.5e-09	1.4e-05	-0.394595284424735
94	164	2015	1e-08	0	-0.394583457233644
94	164	2015	1e-08	1e-07	-0.393554954249967
94	164	2015	1e-08	2.5e-07	-0.380939795146905
94	164	2015	1e-08	5e-07	-0.324842880140833
94	164	2015	1e-08	1e-06	0
94	164	2015	1e-08	2e-06	-0.444870839618914
94	164	2015	1e-08	4e-06	-0.444854900131901
94	164	2015	1e-08	6e-06	-0.443468788262644
94	164	2015	1e-08	1e-05	-0.42646735798696
94	164	2015	1e-08	1.4e-05	-0.350865633001563
199	164	2015	0	0	0
199	164	2015	0	1e-07	0
199	164	2015	0	2.5e-07	0
199	164	2015	0	5e-07	0
199	164	2015	0	1e-06	0
199	164	2015	0	2e-06	0
199	164	2015	0	4e-06	0
199	164	2015	0	6e-06	-8.007313563553e-05
199	164	2015	0	1e-05	-0.000871363668926648
199	164	2015	0	1.4e-05	-0.108860599593476
199	164	2015	1e-09	0	-0.42544695097006
199	164	2015	1e-09	1e-07	-0.489873360148087
199	164	2015	1e-09	2.5e-07	0
199	164	2015	1e-09	5e-07	-0.000846879499382567
199	164	2015	1e-09	1e-06	-0.00163574218858727
199	164	2015	1e-09	2e-06	-0.109293644656209
199	164	2015	1e-09	4e-06	-0.42490864320008
199	164	2015	1e-09	6e-06	-0.489137378742512
199	164	2015	1e-09	1e-05	0
199	164	2015	1e-09	1.4e-05	-0.0050394529589471
199	164	2015	2.5e-09	0	-0.00581504122169704
199	164	2015	2.5e-09	1e-07	-0.111661352232261
199	164	2015	2.5e-09	2.5e-07	-0.421965403581585
199	164	2015	2.5e-09	5e-07	-0.485113343140264
199	164	2015	2.5e-09	1e-06	0
199	164	2015	2.5e-09	2e-06	-0.0288097482623715
199	164	2015	2.5e-09	4e-06	-0.0295100755810138
199	164	2015	2.5e-09	6e-06	-0.125085352745962
199	164	2015	2.5e-09	1e-05	-0.405278355505954
199	164	2015	2.5e-09	1.4e-05	-0.462298593321458
199	164	2015	5e-09	0	0
199	164	2015	5e-09	1e-07	-0.13429392860525
199	164	2015	5e-09	2.5e-07	-0.134660274418839
199	164	2015	5e-09	5e-07	-0.184656328749198
199	164	2015	5e-09	1e-06	-0.3312271261825
199	164	2015	5e-09	2e-06	-0.361054786559921
199	164	2015	5e-09	4e-06	0
199	164	2015	5e-09	6e-06	-0.344019457330335
199	164	2015	5e-09	1e-05	-0.343721775158833
199	164	2015	5e-09	1.4e-05	-0.303096405719389
199	164	2015	7.5e-09	0	-0.183997151297906
199	164	2015	7.5e-09	1e-07	-0.159760044218615
199	164	2015	7.5e-09	2.5e-07	0
199	164	2015	7.5e-09	5e-07	-0.431454506714707
199	164	2015	7.5e-09	1e-06	-0.430879989767668
199	164	2015	7.5e-09	2e-06	-0.352474342882929
199	164	2015	7.5e-09	4e-06	-0.122616640288354
199	164	2015	7.5e-09	6e-06	-0.0758398088308791
199	164	2015	7.5e-09	1e-05	0
199	164	2015	7.5e-09	1.4e-05	-0.47966699276557
199	164	2015	1e-08	0	-0.478939826590927
199	164	2015	1e-08	1e-07	-0.379701789124219
199	164	2015	1e-08	2.5e-07	-0.0887708650337019
199	164	2015	1e-08	5e-07	-0.0295654233698524
199	164	2015	1e-08	1e-06	0
199	164	2015	1e-08	2e-06	-0.491277047478909
199	164	2015	1e-08	4e-06	-0.490513121824937
199	164	2015	1e-08	6e-06	-0.386258433812327
199	164	2015	1e-08	1e-05	-0.0806204597194576
199	164	2015	1e-08	1.4e-05	-0.0184220828986336
200	164	2015	0	0	0
200	164	2015	0	1e-07	0
200	164	2015	0	2.5e-07	0
200	164	2015	0	5e-07	0
200	164	2015	0	1e-06	0
200	164	2015	0	2e-06	0
200	164	2015	0	4e-06	0
200	164	2015	0	6e-06	-9.99958641941134e-05
200	164	2015	0	1e-05	-0.00552096708582852
200	164	2015	0	1.4e-05	-0.112379331900253
200	164	2015	1e-09	0	-0.330673772164125
200	164	2015	1e-09	1e-07	-0.441570951475351
200	164	2015	1e-09	2.5e-07	0
200	164	2015	1e-09	5e-07	-0.000465777639912375
200	164	2015	1e-09	1e-06	-0.00587881411786242
200	164	2015	1e-09	2e-06	-0.112580769001173
200	164	2015	1e-09	4e-06	-0.330555688950248
200	164	2015	1e-09	6e-06	-0.441290546666839
200	164	2015	1e-09	1e-05	0
200	164	2015	1e-09	1.4e-05	-0.00315228152626887
200	164	2015	2.5e-09	0	-0.00850704085330378
200	164	2015	2.5e-09	1e-07	-0.11406023460171
200	164	2015	2.5e-09	2.5e-07	-0.329688420447411
200	164	2015	2.5e-09	5e-07	-0.439231098499036
200	164	2015	2.5e-09	1e-06	0
200	164	2015	2.5e-09	2e-06	-0.0234246341542948
200	164	2015	2.5e-09	4e-06	-0.0283396342241362
200	164	2015	2.5e-09	6e-06	-0.125224278885225
200	164	2015	2.5e-09	1e-05	-0.323144014164587
200	164	2015	2.5e-09	1.4e-05	-0.423690506993146
200	164	2015	5e-09	0	0
200	164	2015	5e-09	1e-07	-0.13969719761341
200	164	2015	5e-09	2.5e-07	-0.142089947943572
200	164	2015	5e-09	5e-07	-0.189255921942813
200	164	2015	5e-09	1e-06	-0.285608415372272
200	164	2015	5e-09	2e-06	-0.334557072644597
200	164	2015	5e-09	4e-06	0
200	164	2015	5e-09	6e-06	-0.376982466762982
200	164	2015	5e-09	1e-05	-0.374227891786664
200	164	2015	5e-09	1.4e-05	-0.319929618341977
200	164	2015	7.5e-09	0	-0.209006985102296
200	164	2015	7.5e-09	1e-07	-0.152656456279001
200	164	2015	7.5e-09	2.5e-07	0
200	164	2015	7.5e-09	5e-07	-0.455605398774266
200	164	2015	7.5e-09	1e-06	-0.451145291005871
200	164	2015	7.5e-09	2e-06	-0.363227498503171
200	164	2015	7.5e-09	4e-06	-0.183625598951911
200	164	2015	7.5e-09	6e-06	-0.0923848690684695
200	164	2015	7.5e-09	1e-05	0
200	164	2015	7.5e-09	1.4e-05	-0.489552372723787
200	164	2015	1e-08	0	-0.484355868133478
200	164	2015	1e-08	1e-07	-0.381922197012895
200	164	2015	1e-08	2.5e-07	-0.172666693802886
200	164	2015	1e-08	5e-07	-0.0663614437319713
200	164	2015	1e-08	1e-06	0
200	164	2015	1e-08	2e-06	-0.496073608652294
200	164	2015	1e-08	4e-06	-0.490735641750209
200	164	2015	1e-08	6e-06	-0.385513460840284
200	164	2015	1e-08	1e-05	-0.170561480946471
200	164	2015	1e-08	1.4e-05	-0.0613623266813758
201	164	2015	0	0	0
201	164	2015	0	1e-07	0
201	164	2015	0	2.5e-07	0
201	164	2015	0	5e-07	0
201	164	2015	0	1e-06	0
201	164	2015	0	2e-06	0
201	164	2015	0	4e-06	0
201	164	2015	0	6e-06	-0.000384334971735285
201	164	2015	0	1e-05	-0.00680594399706422
201	164	2015	0	1.4e-05	-0.0555832474430589
201	164	2015	1e-09	0	-0.156162747768716
201	164	2015	1e-09	1e-07	-0.263197597988151
201	164	2015	1e-09	2.5e-07	0
201	164	2015	1e-09	5e-07	-0.000416643050922261
201	164	2015	1e-09	1e-06	-0.00693553122934546
201	164	2015	1e-09	2e-06	-0.0580806885977722
201	164	2015	1e-09	4e-06	-0.158322655189438
201	164	2015	1e-09	6e-06	-0.262884830407703
201	164	2015	1e-09	1e-05	0
201	164	2015	1e-09	1.4e-05	-0.00148696663205186
201	164	2015	2.5e-09	0	-0.012445110641937
201	164	2015	2.5e-09	1e-07	-0.068863431701416
201	164	2015	2.5e-09	2.5e-07	-0.162040388596882
201	164	2015	2.5e-09	5e-07	-0.262416346495271
201	164	2015	2.5e-09	1e-06	0
201	164	2015	2.5e-09	2e-06	-0.0356288824515299
201	164	2015	2.5e-09	4e-06	-0.0412050895757211
201	164	2015	2.5e-09	6e-06	-0.0828847098672014
201	164	2015	2.5e-09	1e-05	-0.168302640373183
201	164	2015	2.5e-09	1.4e-05	-0.261540471043604
201	164	2015	5e-09	0	0
201	164	2015	5e-09	1e-07	-0.0641006968163214
201	164	2015	5e-09	2.5e-07	-0.0689362970158706
201	164	2015	5e-09	5e-07	-0.105080216298255
201	164	2015	5e-09	1e-06	-0.179153318785411
201	164	2015	5e-09	2e-06	-0.260007717223997
201	164	2015	5e-09	4e-06	0
201	164	2015	5e-09	6e-06	-0.11013319738437
201	164	2015	5e-09	1e-05	-0.113771403268177
201	164	2015	5e-09	1.4e-05	-0.140965342876598
201	164	2015	7.5e-09	0	-0.196696417857884
201	164	2015	7.5e-09	1e-07	-0.257529600087951
201	164	2015	7.5e-09	2.5e-07	0
201	164	2015	7.5e-09	5e-07	-0.146416933772377
201	164	2015	7.5e-09	1e-06	-0.149111329540097
201	164	2015	7.5e-09	2e-06	-0.169250716405114
201	164	2015	7.5e-09	4e-06	-0.210524238947753
201	164	2015	7.5e-09	6e-06	-0.255576298664102
201	164	2015	7.5e-09	1e-05	0
201	164	2015	7.5e-09	1.4e-05	-0.200714744251652
201	164	2015	1e-08	0	-0.201996749016866
201	164	2015	1e-08	1e-07	-0.211579153442664
201	164	2015	1e-08	2.5e-07	-0.231217267936003
201	164	2015	1e-08	5e-07	-0.252653226205773
201	164	2015	1e-08	1e-06	0
201	164	2015	1e-08	2e-06	-0.239776173111883
201	164	2015	1e-08	4e-06	-0.240042114610822
201	164	2015	1e-08	6e-06	-0.242029906751366
201	164	2015	1e-08	1e-05	-0.246103674452078
201	164	2015	1e-08	1.4e-05	-0.250550390274149
202	164	2015	0	0	0
202	164	2015	0	1e-07	0
202	164	2015	0	2.5e-07	0
202	164	2015	0	5e-07	0
202	164	2015	0	1e-06	0
202	164	2015	0	2e-06	0
202	164	2015	0	4e-06	0
202	164	2015	0	6e-06	-0.00107593453824279
202	164	2015	0	1e-05	-0.00474802616596264
202	164	2015	0	1.4e-05	-0.0137116263328694
202	164	2015	1e-09	0	-0.0151765505125552
202	164	2015	1e-09	1e-07	-0.0152599091928882
202	164	2015	1e-09	2.5e-07	0
202	164	2015	1e-09	5e-07	-0.00231859989676948
202	164	2015	1e-09	1e-06	-0.0051896952395488
202	164	2015	1e-09	2e-06	-0.0142117366829548
202	164	2015	1e-09	4e-06	-0.0224974581663598
202	164	2015	1e-09	6e-06	-0.0256677970771032
202	164	2015	1e-09	1e-05	0
202	164	2015	1e-09	1.4e-05	-0.000257821439397645
202	164	2015	2.5e-09	0	-0.00125652448143072
202	164	2015	2.5e-09	1e-07	-0.0128854117760685
202	164	2015	2.5e-09	2.5e-07	-0.0351434809135584
202	164	2015	2.5e-09	5e-07	-0.0398548345098361
202	164	2015	2.5e-09	1e-06	0
202	164	2015	2.5e-09	2e-06	-0.000855697596298484
202	164	2015	2.5e-09	4e-06	-0.00511739610057887
202	164	2015	2.5e-09	6e-06	-0.0404678576430022
202	164	2015	2.5e-09	1e-05	-0.0585987533223148
202	164	2015	2.5e-09	1.4e-05	-0.0597987667367435
202	164	2015	5e-09	0	0
202	164	2015	5e-09	1e-07	-0.0871990556924852
202	164	2015	5e-09	2.5e-07	-0.0871990556924852
202	164	2015	5e-09	5e-07	-0.0871990556924852
202	164	2015	5e-09	1e-06	-0.0871990556924852
202	164	2015	5e-09	2e-06	-0.0871990556924852
202	164	2015	5e-09	4e-06	0
202	164	2015	5e-09	6e-06	-0.123526834470764
202	164	2015	5e-09	1e-05	-0.123526834470764
202	164	2015	5e-09	1.4e-05	-0.123526834470764
202	164	2015	7.5e-09	0	-0.123526834470764
202	164	2015	7.5e-09	1e-07	-0.123526834470764
202	164	2015	7.5e-09	2.5e-07	0
202	164	2015	7.5e-09	5e-07	-0.149006221555054
202	164	2015	7.5e-09	1e-06	-0.149006221555054
202	164	2015	7.5e-09	2e-06	-0.149006221555054
202	164	2015	7.5e-09	4e-06	-0.149006221555054
202	164	2015	7.5e-09	6e-06	-0.149006221555054
202	164	2015	7.5e-09	1e-05	0
202	164	2015	7.5e-09	1.4e-05	-0.184998131752125
202	164	2015	1e-08	0	-0.184998131752125
202	164	2015	1e-08	1e-07	-0.184998131752125
202	164	2015	1e-08	2.5e-07	-0.184998131752125
202	164	2015	1e-08	5e-07	-0.184998131752125
202	164	2015	1e-08	1e-06	0
202	164	2015	1e-08	2e-06	-0.210525696992392
202	164	2015	1e-08	4e-06	-0.210525696992392
202	164	2015	1e-08	6e-06	-0.210525696992392
202	164	2015	1e-08	1e-05	-0.210525696992392
202	164	2015	1e-08	1.4e-05	-0.210525696992392
203	164	2015	0	0	NA
203	164	2015	0	1e-07	NA
203	164	2015	0	2.5e-07	NA
203	164	2015	0	5e-07	NA
203	164	2015	0	1e-06	NA
203	164	2015	0	2e-06	NA
203	164	2015	0	4e-06	NA
203	164	2015	0	6e-06	NA
203	164	2015	0	1e-05	NA
203	164	2015	0	1.4e-05	NA
203	164	2015	1e-09	0	NA
203	164	2015	1e-09	1e-07	NA
203	164	2015	1e-09	2.5e-07	NA
203	164	2015	1e-09	5e-07	NA
203	164	2015	1e-09	1e-06	NA
203	164	2015	1e-09	2e-06	NA
203	164	2015	1e-09	4e-06	NA
203	164	2015	1e-09	6e-06	NA
203	164	2015	1e-09	1e-05	NA
203	164	2015	1e-09	1.4e-05	NA
203	164	2015	2.5e-09	0	NA
203	164	2015	2.5e-09	1e-07	NA
203	164	2015	2.5e-09	2.5e-07	NA
203	164	2015	2.5e-09	5e-07	NA
203	164	2015	2.5e-09	1e-06	NA
203	164	2015	2.5e-09	2e-06	NA
203	164	2015	2.5e-09	4e-06	NA
203	164	2015	2.5e-09	6e-06	NA
203	164	2015	2.5e-09	1e-05	NA
203	164	2015	2.5e-09	1.4e-05	NA
203	164	2015	5e-09	0	NA
203	164	2015	5e-09	1e-07	NA
203	164	2015	5e-09	2.5e-07	NA
203	164	2015	5e-09	5e-07	NA
203	164	2015	5e-09	1e-06	NA
203	164	2015	5e-09	2e-06	NA
203	164	2015	5e-09	4e-06	NA
203	164	2015	5e-09	6e-06	NA
203	164	2015	5e-09	1e-05	NA
203	164	2015	5e-09	1.4e-05	NA
203	164	2015	7.5e-09	0	NA
203	164	2015	7.5e-09	1e-07	NA
203	164	2015	7.5e-09	2.5e-07	NA
203	164	2015	7.5e-09	5e-07	NA
203	164	2015	7.5e-09	1e-06	NA
203	164	2015	7.5e-09	2e-06	NA
203	164	2015	7.5e-09	4e-06	NA
203	164	2015	7.5e-09	6e-06	NA
203	164	2015	7.5e-09	1e-05	NA
203	164	2015	7.5e-09	1.4e-05	NA
203	164	2015	1e-08	0	NA
203	164	2015	1e-08	1e-07	NA
203	164	2015	1e-08	2.5e-07	NA
203	164	2015	1e-08	5e-07	NA
203	164	2015	1e-08	1e-06	NA
203	164	2015	1e-08	2e-06	NA
203	164	2015	1e-08	4e-06	NA
203	164	2015	1e-08	6e-06	NA
203	164	2015	1e-08	1e-05	NA
203	164	2015	1e-08	1.4e-05	NA
16	164	2015	0	0	0
16	164	2015	0	1e-07	0
16	164	2015	0	2.5e-07	0
16	164	2015	0	5e-07	0
16	164	2015	0	1e-06	0
16	164	2015	0	2e-06	0
16	164	2015	0	4e-06	0
16	164	2015	0	6e-06	-0.00114974735603809
16	164	2015	0	1e-05	-0.147748634155287
16	164	2015	0	1.4e-05	-0.47779560790843
16	164	2015	1e-09	0	-0.497687538383987
16	164	2015	1e-09	1e-07	-0.499545735855352
16	164	2015	1e-09	2.5e-07	0
16	164	2015	1e-09	5e-07	-0.00118615795932513
16	164	2015	1e-09	1e-06	-0.147763595096166
16	164	2015	1e-09	2e-06	-0.477762277922135
16	164	2015	1e-09	4e-06	-0.497651297903604
16	164	2015	1e-09	6e-06	-0.499509223492219
16	164	2015	1e-09	1e-05	0
16	164	2015	1e-09	1.4e-05	-0.00153176301792428
16	164	2015	2.5e-09	0	-0.147905602544055
16	164	2015	2.5e-09	1e-07	-0.477445913708784
16	164	2015	2.5e-09	2.5e-07	-0.497307307631109
16	164	2015	2.5e-09	5e-07	-0.499162652541428
16	164	2015	2.5e-09	1e-06	0
16	164	2015	2.5e-09	2e-06	-0.00497844443078563
16	164	2015	2.5e-09	4e-06	-0.149321827275001
16	164	2015	2.5e-09	6e-06	-0.474290848044323
16	164	2015	2.5e-09	1e-05	-0.493876730303278
16	164	2015	2.5e-09	1.4e-05	-0.49570633839148
16	164	2015	5e-09	0	0
16	164	2015	5e-09	1e-07	-0.0371360015324319
16	164	2015	5e-09	2.5e-07	-0.162535212035262
16	164	2015	5e-09	5e-07	-0.444854067526764
16	164	2015	5e-09	1e-06	-0.461869424406164
16	164	2015	5e-09	2e-06	-0.463458907798262
16	164	2015	5e-09	4e-06	0
16	164	2015	5e-09	6e-06	-0.219759992800286
16	164	2015	5e-09	1e-05	-0.237574527224818
16	164	2015	5e-09	1.4e-05	-0.277681470081004
16	164	2015	7.5e-09	0	-0.28009871545008
16	164	2015	7.5e-09	1e-07	-0.280324521549594
16	164	2015	7.5e-09	2.5e-07	0
16	164	2015	7.5e-09	5e-07	-0.37507414880365
16	164	2015	7.5e-09	1e-06	-0.301392363122635
16	164	2015	7.5e-09	2e-06	-0.135508085856275
16	164	2015	7.5e-09	4e-06	-0.125510240783353
16	164	2015	7.5e-09	6e-06	-0.124576295711686
16	164	2015	7.5e-09	1e-05	0
16	164	2015	7.5e-09	1.4e-05	-0.470486062828876
16	164	2015	1e-08	0	-0.340596657364988
16	164	2015	1e-08	1e-07	-0.0481687533614855
16	164	2015	1e-08	2.5e-07	-0.0305441241476409
16	164	2015	1e-08	5e-07	-0.0288977258013795
16	164	2015	1e-08	1e-06	0
16	164	2015	1e-08	2e-06	-0.489228483496842
16	164	2015	1e-08	4e-06	-0.348297827414743
16	164	2015	1e-08	6e-06	-0.0310120855889067
16	164	2015	1e-08	1e-05	-0.0118892745371508
16	164	2015	1e-08	1.4e-05	-0.0101029240778318
116	164	2015	0	0	0
116	164	2015	0	1e-07	0
116	164	2015	0	2.5e-07	0
116	164	2015	0	5e-07	0
116	164	2015	0	1e-06	0
116	164	2015	0	2e-06	0
116	164	2015	0	4e-06	0
116	164	2015	0	6e-06	-0.00320607964418102
116	164	2015	0	1e-05	-0.00320607964418102
116	164	2015	0	1.4e-05	-0.00320607964418102
116	164	2015	1e-09	0	-0.00320607964418102
116	164	2015	1e-09	1e-07	-0.00320607964418102
116	164	2015	1e-09	2.5e-07	0
116	164	2015	1e-09	5e-07	-0.0105160811886392
116	164	2015	1e-09	1e-06	-0.0105160811886392
116	164	2015	1e-09	2e-06	-0.0105160811886392
116	164	2015	1e-09	4e-06	-0.0105160811886392
116	164	2015	1e-09	6e-06	-0.0105160811886392
116	164	2015	1e-09	1e-05	0
116	164	2015	1e-09	1.4e-05	-0.0253294467473651
116	164	2015	2.5e-09	0	-0.0253294467473651
116	164	2015	2.5e-09	1e-07	-0.0253294467473651
116	164	2015	2.5e-09	2.5e-07	-0.0253294467473651
116	164	2015	2.5e-09	5e-07	-0.0253294467473651
116	164	2015	2.5e-09	1e-06	0
116	164	2015	2.5e-09	2e-06	-0.0585150080571567
116	164	2015	2.5e-09	4e-06	-0.0585150080571567
116	164	2015	2.5e-09	6e-06	-0.0585150080571567
116	164	2015	2.5e-09	1e-05	-0.0585150080571567
116	164	2015	2.5e-09	1.4e-05	-0.0585150080571567
116	164	2015	5e-09	0	0
116	164	2015	5e-09	1e-07	-0.12383590353936
116	164	2015	5e-09	2.5e-07	-0.12383590353936
116	164	2015	5e-09	5e-07	-0.12383590353936
116	164	2015	5e-09	1e-06	-0.12383590353936
116	164	2015	5e-09	2e-06	-0.12383590353936
116	164	2015	5e-09	4e-06	0
116	164	2015	5e-09	6e-06	-0.224925153770049
116	164	2015	5e-09	1e-05	-0.224925153770049
116	164	2015	5e-09	1.4e-05	-0.224925153770049
116	164	2015	7.5e-09	0	-0.224925153770049
116	164	2015	7.5e-09	1e-07	-0.224925153770049
116	164	2015	7.5e-09	2.5e-07	0
116	164	2015	7.5e-09	5e-07	-0.29099148708575
116	164	2015	7.5e-09	1e-06	-0.29099148708575
116	164	2015	7.5e-09	2e-06	-0.29099148708575
116	164	2015	7.5e-09	4e-06	-0.29099148708575
116	164	2015	7.5e-09	6e-06	-0.29099148708575
116	164	2015	7.5e-09	1e-05	0
116	164	2015	7.5e-09	1.4e-05	-0.365667352877067
116	164	2015	1e-08	0	-0.365667352877067
116	164	2015	1e-08	1e-07	-0.365667352877067
116	164	2015	1e-08	2.5e-07	-0.365667352877067
116	164	2015	1e-08	5e-07	-0.365667352877067
116	164	2015	1e-08	1e-06	0
116	164	2015	1e-08	2e-06	-0.404462688561399
116	164	2015	1e-08	4e-06	-0.404462688561399
116	164	2015	1e-08	6e-06	-0.404462688561399
116	164	2015	1e-08	1e-05	-0.404462688561399
116	164	2015	1e-08	1.4e-05	-0.404462688561399
20	164	2015	0	0	0
20	164	2015	0	1e-07	0
20	164	2015	0	2.5e-07	0
20	164	2015	0	5e-07	0
20	164	2015	0	1e-06	0
20	164	2015	0	2e-06	0
20	164	2015	0	4e-06	0
20	164	2015	0	6e-06	-3.50423254019461e-06
20	164	2015	0	1e-05	-0.000398306400901447
20	164	2015	0	1.4e-05	-0.0139182381874498
20	164	2015	1e-09	0	-0.094361617933955
20	164	2015	1e-09	1e-07	-0.253498703365241
20	164	2015	1e-09	2.5e-07	0
20	164	2015	1e-09	5e-07	-3.50541805445914e-06
20	164	2015	1e-09	1e-06	-0.000398314396167905
20	164	2015	1e-09	2e-06	-0.0139183585769651
20	164	2015	1e-09	4e-06	-0.0943618051802714
20	164	2015	1e-09	6e-06	-0.253498698241314
20	164	2015	1e-09	1e-05	0
20	164	2015	1e-09	1.4e-05	-4.04785702698973e-06
20	164	2015	2.5e-09	0	-0.000401174149499752
20	164	2015	2.5e-09	1e-07	-0.0139247792832499
20	164	2015	2.5e-09	2.5e-07	-0.0943661315538463
20	164	2015	2.5e-09	5e-07	-0.253498601365538
20	164	2015	2.5e-09	1e-06	0
20	164	2015	2.5e-09	2e-06	-2.11546578525201e-05
20	164	2015	2.5e-09	4e-06	-0.000471655488761371
20	164	2015	2.5e-09	6e-06	-0.0140620209217676
20	164	2015	2.5e-09	1e-05	-0.0944608521529376
20	164	2015	2.5e-09	1.4e-05	-0.253496453592571
20	164	2015	5e-09	0	0
20	164	2015	5e-09	1e-07	-0.00349663148600385
20	164	2015	5e-09	2.5e-07	-0.00388591705103224
20	164	2015	5e-09	5e-07	-0.0172169366578237
20	164	2015	5e-09	1e-06	-0.0965363039286467
20	164	2015	5e-09	2e-06	-0.253449817100227
20	164	2015	5e-09	4e-06	0
20	164	2015	5e-09	6e-06	-0.0670041171560413
20	164	2015	5e-09	1e-05	-0.0672931097814981
20	164	2015	5e-09	1.4e-05	-0.0771896143074248
20	164	2015	7.5e-09	0	-0.136073668216507
20	164	2015	7.5e-09	1e-07	-0.252561029205045
20	164	2015	7.5e-09	2.5e-07	0
20	164	2015	7.5e-09	5e-07	-0.242747724183257
20	164	2015	7.5e-09	1e-06	-0.242759177196277
20	164	2015	7.5e-09	2e-06	-0.24315138372753
20	164	2015	7.5e-09	4e-06	-0.24548500672232
20	164	2015	7.5e-09	6e-06	-0.250101495672367
20	164	2015	7.5e-09	1e-05	0
20	164	2015	7.5e-09	1.4e-05	-0.451001908167335
20	164	2015	1e-08	0	-0.450684479882828
20	164	2015	1e-08	1e-07	-0.439814200929098
20	164	2015	1e-08	2.5e-07	-0.375136203739149
20	164	2015	1e-08	5e-07	-0.247186976291017
20	164	2015	1e-08	1e-06	0
20	164	2015	1e-08	2e-06	-0.48816747438986
20	164	2015	1e-08	4e-06	-0.487791353120613
20	164	2015	1e-08	6e-06	-0.474911142639388
20	164	2015	1e-08	1e-05	-0.398274082923017
20	164	2015	1e-08	1.4e-05	-0.246666843821157
23	164	2015	0	0	0
23	164	2015	0	1e-07	0
23	164	2015	0	2.5e-07	0
23	164	2015	0	5e-07	0
23	164	2015	0	1e-06	0
23	164	2015	0	2e-06	0
23	164	2015	0	4e-06	0
23	164	2015	0	6e-06	-0.00180153461406235
23	164	2015	0	1e-05	-0.0959898861052307
23	164	2015	0	1.4e-05	-0.424832867201302
23	164	2015	1e-09	0	-0.486511496944292
23	164	2015	1e-09	1e-07	-0.49630132181089
23	164	2015	1e-09	2.5e-07	0
23	164	2015	1e-09	5e-07	-0.00191224919455422
23	164	2015	1e-09	1e-06	-0.0960585858255327
23	164	2015	1e-09	2e-06	-0.424754879017458
23	164	2015	1e-09	4e-06	-0.486405995602352
23	164	2015	1e-09	6e-06	-0.496191453494514
23	164	2015	1e-09	1e-05	0
23	164	2015	1e-09	1.4e-05	-0.00269695149141484
23	164	2015	2.5e-09	0	-0.096545502978405
23	164	2015	2.5e-09	1e-07	-0.424202128813115
23	164	2015	2.5e-09	2.5e-07	-0.485658242732093
23	164	2015	2.5e-09	5e-07	-0.495412749191713
23	164	2015	2.5e-09	1e-06	0
23	164	2015	2.5e-09	2e-06	-0.00859235047523839
23	164	2015	2.5e-09	4e-06	-0.100203668501475
23	164	2015	2.5e-09	6e-06	-0.420049365394394
23	164	2015	2.5e-09	1e-05	-0.480040441523775
23	164	2015	2.5e-09	1.4e-05	-0.489562412606994
23	164	2015	5e-09	0	0
23	164	2015	5e-09	1e-07	-0.0492686095815539
23	164	2015	5e-09	2.5e-07	-0.125443773383009
23	164	2015	5e-09	5e-07	-0.391396702310752
23	164	2015	5e-09	1e-06	-0.441279513182138
23	164	2015	5e-09	2e-06	-0.449197068813957
23	164	2015	5e-09	4e-06	0
23	164	2015	5e-09	6e-06	-0.223235734866284
23	164	2015	5e-09	1e-05	-0.233392453635263
23	164	2015	5e-09	1.4e-05	-0.268852949814123
23	164	2015	7.5e-09	0	-0.275504011080593
23	164	2015	7.5e-09	1e-07	-0.276559688310244
23	164	2015	7.5e-09	2.5e-07	0
23	164	2015	7.5e-09	5e-07	-0.361858424265574
23	164	2015	7.5e-09	1e-06	-0.319409489033072
23	164	2015	7.5e-09	2e-06	-0.171206083991855
23	164	2015	7.5e-09	4e-06	-0.143408674675958
23	164	2015	7.5e-09	6e-06	-0.138996582998796
23	164	2015	7.5e-09	1e-05	0
23	164	2015	7.5e-09	1.4e-05	-0.459393624907408
23	164	2015	1e-08	0	-0.379931246636369
23	164	2015	1e-08	1e-07	-0.102501554514807
23	164	2015	1e-08	2.5e-07	-0.0504661326151429
23	164	2015	1e-08	5e-07	-0.0422069078337244
23	164	2015	1e-08	1e-06	0
23	164	2015	1e-08	2e-06	-0.48297307048113
23	164	2015	1e-08	4e-06	-0.394562574403596
23	164	2015	1e-08	6e-06	-0.0858920155707992
23	164	2015	1e-08	1e-05	-0.0279969768889556
23	164	2015	1e-08	1.4e-05	-0.0188076954198003
204	164	2015	0	0	0
204	164	2015	0	1e-07	0
204	164	2015	0	2.5e-07	0
204	164	2015	0	5e-07	0
204	164	2015	0	1e-06	0
204	164	2015	0	2e-06	0
204	164	2015	0	4e-06	0
204	164	2015	0	6e-06	-0.000282595484106452
204	164	2015	0	1e-05	-0.0475114032565229
204	164	2015	0	1.4e-05	-0.42919922871249
204	164	2015	1e-09	0	-0.492398006389261
204	164	2015	1e-09	1e-07	-0.498541004402581
204	164	2015	1e-09	2.5e-07	0
204	164	2015	1e-09	5e-07	-0.000609616644132558
204	164	2015	1e-09	1e-06	-0.0477765752253232
204	164	2015	1e-09	2e-06	-0.42896455568374
204	164	2015	1e-09	4e-06	-0.492080570456466
204	164	2015	1e-09	6e-06	-0.498215523814908
204	164	2015	1e-09	1e-05	0
204	164	2015	1e-09	1.4e-05	-0.00229744112935435
204	164	2015	2.5e-09	0	-0.049145183121214
204	164	2015	2.5e-09	1e-07	-0.427753359185282
204	164	2015	2.5e-09	2.5e-07	-0.490442217330276
204	164	2015	2.5e-09	5e-07	-0.496535650545259
204	164	2015	2.5e-09	1e-06	0
204	164	2015	2.5e-09	2e-06	-0.011635932671192
204	164	2015	2.5e-09	4e-06	-0.0567174949177159
204	164	2015	2.5e-09	6e-06	-0.421051982143182
204	164	2015	2.5e-09	1e-05	-0.481377443744259
204	164	2015	2.5e-09	1.4e-05	-0.487241151942277
204	164	2015	5e-09	0	0
204	164	2015	5e-09	1e-07	-0.0585020504873118
204	164	2015	5e-09	2.5e-07	-0.0947198698414733
204	164	2015	5e-09	5e-07	-0.387420477035725
204	164	2015	5e-09	1e-06	-0.435885005810848
204	164	2015	5e-09	2e-06	-0.440595816920277
204	164	2015	5e-09	4e-06	0
204	164	2015	5e-09	6e-06	-0.213826754795041
204	164	2015	5e-09	1e-05	-0.220668165178917
204	164	2015	5e-09	1.4e-05	-0.275958213258395
204	164	2015	7.5e-09	0	-0.285112981168895
204	164	2015	7.5e-09	1e-07	-0.286002835738143
204	164	2015	7.5e-09	2.5e-07	0
204	164	2015	7.5e-09	5e-07	-0.336443277442701
204	164	2015	7.5e-09	1e-06	-0.320094345170744
204	164	2015	7.5e-09	2e-06	-0.187967605120908
204	164	2015	7.5e-09	4e-06	-0.166090437674997
204	164	2015	7.5e-09	6e-06	-0.163963950405818
204	164	2015	7.5e-09	1e-05	0
204	164	2015	7.5e-09	1.4e-05	-0.440171254236245
204	164	2015	1e-08	0	-0.404204351458384
204	164	2015	1e-08	1e-07	-0.113531570222399
204	164	2015	1e-08	2.5e-07	-0.0654028030654261
204	164	2015	1e-08	5e-07	-0.0607246283934261
204	164	2015	1e-08	1e-06	0
204	164	2015	1e-08	2e-06	-0.472194141234433
204	164	2015	1e-08	4e-06	-0.430170781249325
204	164	2015	1e-08	6e-06	-0.0905516875732613
204	164	2015	1e-08	1e-05	-0.0343185300959977
204	164	2015	1e-08	1.4e-05	-0.0288525988333348
205	164	2015	0	0	0
205	164	2015	0	1e-07	0
205	164	2015	0	2.5e-07	0
205	164	2015	0	5e-07	0
205	164	2015	0	1e-06	0
205	164	2015	0	2e-06	0
205	164	2015	0	4e-06	0
205	164	2015	0	6e-06	-0.00165236114236009
205	164	2015	0	1e-05	-0.00171263432952657
205	164	2015	0	1.4e-05	-0.00579257086274211
205	164	2015	1e-09	0	-0.0468321068932605
205	164	2015	1e-09	1e-07	-0.183997739017944
205	164	2015	1e-09	2.5e-07	0
205	164	2015	1e-09	5e-07	-0.00930493579015661
205	164	2015	1e-09	1e-06	-0.00936335172163822
205	164	2015	1e-09	2e-06	-0.0133175692465221
205	164	2015	1e-09	4e-06	-0.0530925145830072
205	164	2015	1e-09	6e-06	-0.186031530164145
205	164	2015	1e-09	1e-05	0
205	164	2015	1e-09	1.4e-05	-0.0331159656413244
205	164	2015	2.5e-09	0	-0.0331686027111046
205	164	2015	2.5e-09	1e-07	-0.0367316448214359
205	164	2015	2.5e-09	2.5e-07	-0.0725718089697622
205	164	2015	2.5e-09	5e-07	-0.192359682965264
205	164	2015	2.5e-09	1e-06	0
205	164	2015	2.5e-09	2e-06	-0.0132942869280382
205	164	2015	2.5e-09	4e-06	-0.0417687817804878
205	164	2015	2.5e-09	6e-06	-0.0959562221681809
205	164	2015	2.5e-09	1e-05	-0.130245650196493
205	164	2015	2.5e-09	1.4e-05	-0.211340913552182
205	164	2015	5e-09	0	0
205	164	2015	5e-09	1e-07	-0.249048532845918
205	164	2015	5e-09	2.5e-07	-0.24904876376399
205	164	2015	5e-09	5e-07	-0.249064394778723
205	164	2015	5e-09	1e-06	-0.249221625065798
205	164	2015	5e-09	2e-06	-0.249747132754278
205	164	2015	5e-09	4e-06	0
205	164	2015	5e-09	6e-06	-0.393891776164834
205	164	2015	5e-09	1e-05	-0.39385685408546
205	164	2015	5e-09	1.4e-05	-0.391492952753019
205	164	2015	7.5e-09	0	-0.367714785343918
205	164	2015	7.5e-09	1e-07	-0.288241485231301
205	164	2015	7.5e-09	2.5e-07	0
205	164	2015	7.5e-09	5e-07	-0.444635423028647
205	164	2015	7.5e-09	1e-06	-0.44458818562653
205	164	2015	7.5e-09	2e-06	-0.44139065100641
205	164	2015	7.5e-09	4e-06	-0.409227077827532
205	164	2015	7.5e-09	6e-06	-0.301727401340238
205	164	2015	7.5e-09	1e-05	0
205	164	2015	7.5e-09	1.4e-05	-0.477510460841717
205	164	2015	1e-08	0	-0.477455244771809
205	164	2015	1e-08	1e-07	-0.473717628239007
205	164	2015	1e-08	2.5e-07	-0.436121443318619
205	164	2015	1e-08	5e-07	-0.310464455718987
205	164	2015	1e-08	1e-06	0
205	164	2015	1e-08	2e-06	-0.487888326476748
205	164	2015	1e-08	4e-06	-0.487830591731644
205	164	2015	1e-08	6e-06	-0.483922484215574
205	164	2015	1e-08	1e-05	-0.444611353292044
205	164	2015	1e-08	1.4e-05	-0.313222535478597
21	164	2015	0	0	0
21	164	2015	0	1e-07	0
21	164	2015	0	2.5e-07	0
21	164	2015	0	5e-07	0
21	164	2015	0	1e-06	0
21	164	2015	0	2e-06	0
21	164	2015	0	4e-06	0
21	164	2015	0	6e-06	-0.0163543561291509
21	164	2015	0	1e-05	-0.0432392721399886
21	164	2015	0	1.4e-05	-0.0863334082123106
21	164	2015	1e-09	0	-0.124653868043571
21	164	2015	1e-09	1e-07	-0.158000506939815
21	164	2015	1e-09	2.5e-07	0
21	164	2015	1e-09	5e-07	-0.0192980745741004
21	164	2015	1e-09	1e-06	-0.0458442655745296
21	164	2015	1e-09	2e-06	-0.0883954554950485
21	164	2015	1e-09	4e-06	-0.126233113068345
21	164	2015	1e-09	6e-06	-0.159159615238007
21	164	2015	1e-09	1e-05	0
21	164	2015	1e-09	1.4e-05	-0.0288688629163761
21	164	2015	2.5e-09	0	-0.0543137714940875
21	164	2015	2.5e-09	1e-07	-0.0950997033583961
21	164	2015	2.5e-09	2.5e-07	-0.131367646195533
21	164	2015	2.5e-09	5e-07	-0.162928175443488
21	164	2015	2.5e-09	1e-06	0
21	164	2015	2.5e-09	2e-06	-0.0615880297789728
21	164	2015	2.5e-09	4e-06	-0.0832680402037713
21	164	2015	2.5e-09	6e-06	-0.118019174219552
21	164	2015	2.5e-09	1e-05	-0.148920813201422
21	164	2015	2.5e-09	1.4e-05	-0.175811560362808
21	164	2015	5e-09	0	0
21	164	2015	5e-09	1e-07	-0.151500324001917
21	164	2015	5e-09	2.5e-07	-0.162834391577202
21	164	2015	5e-09	5e-07	-0.181001896736799
21	164	2015	5e-09	1e-06	-0.197156928839872
21	164	2015	5e-09	2e-06	-0.211215111447037
21	164	2015	5e-09	4e-06	0
21	164	2015	5e-09	6e-06	-0.299394431781521
21	164	2015	5e-09	1e-05	-0.293710760013246
21	164	2015	5e-09	1.4e-05	-0.284600338226035
21	164	2015	7.5e-09	0	-0.276499107201082
21	164	2015	7.5e-09	1e-07	-0.269449379019486
21	164	2015	7.5e-09	2.5e-07	0
21	164	2015	7.5e-09	5e-07	-0.376059970537011
21	164	2015	7.5e-09	1e-06	-0.361554621051062
21	164	2015	7.5e-09	2e-06	-0.338303832234311
21	164	2015	7.5e-09	4e-06	-0.317628608175935
21	164	2015	7.5e-09	6e-06	-0.299636933916036
21	164	2015	7.5e-09	1e-05	0
21	164	2015	7.5e-09	1.4e-05	-0.436646901819836
21	164	2015	1e-08	0	-0.415169992616756
21	164	2015	1e-08	1e-07	-0.380744411847326
21	164	2015	1e-08	2.5e-07	-0.350132263530237
21	164	2015	1e-08	5e-07	-0.323493432465494
21	164	2015	1e-08	1e-06	0
21	164	2015	1e-08	2e-06	-0.457965282363752
21	164	2015	1e-08	4e-06	-0.434035329907159
21	164	2015	1e-08	6e-06	-0.395677738350877
21	164	2015	1e-08	1e-05	-0.361569140745171
21	164	2015	1e-08	1.4e-05	-0.331887683564772
195	164	2015	0	0	0
195	164	2015	0	1e-07	0
195	164	2015	0	2.5e-07	0
195	164	2015	0	5e-07	0
195	164	2015	0	1e-06	0
195	164	2015	0	2e-06	0
195	164	2015	0	4e-06	0
195	164	2015	0	6e-06	-0.000429620518177671
195	164	2015	0	1e-05	-0.0114882860576182
195	164	2015	0	1.4e-05	-0.112181781072539
195	164	2015	1e-09	0	-0.278349911541683
195	164	2015	1e-09	1e-07	-0.390326691351251
195	164	2015	1e-09	2.5e-07	0
195	164	2015	1e-09	5e-07	-0.000542719711331898
195	164	2015	1e-09	1e-06	-0.0115963737339709
195	164	2015	1e-09	2e-06	-0.112244236919242
195	164	2015	1e-09	4e-06	-0.278337064055022
195	164	2015	1e-09	6e-06	-0.390263098726186
195	164	2015	1e-09	1e-05	0
195	164	2015	1e-09	1.4e-05	-0.0018853273501702
195	164	2015	2.5e-09	0	-0.0128794893415056
195	164	2015	2.5e-09	1e-07	-0.11298565420557
195	164	2015	2.5e-09	2.5e-07	-0.278184550732427
195	164	2015	2.5e-09	5e-07	-0.38950818667239
195	164	2015	2.5e-09	1e-06	0
195	164	2015	2.5e-09	2e-06	-0.01805640218821
195	164	2015	2.5e-09	4e-06	-0.0283340107631565
195	164	2015	2.5e-09	6e-06	-0.12191567521587
195	164	2015	2.5e-09	1e-05	-0.276347599800412
195	164	2015	2.5e-09	1.4e-05	-0.380415627562102
195	164	2015	5e-09	0	0
195	164	2015	5e-09	1e-07	-0.157000584228965
195	164	2015	5e-09	2.5e-07	-0.161121463623829
195	164	2015	5e-09	5e-07	-0.198643689730046
195	164	2015	5e-09	1e-06	-0.260564255325537
195	164	2015	5e-09	2e-06	-0.302291062504472
195	164	2015	5e-09	4e-06	0
195	164	2015	5e-09	6e-06	-0.425132885556501
195	164	2015	5e-09	1e-05	-0.417372605629261
195	164	2015	5e-09	1.4e-05	-0.346712207647149
195	164	2015	7.5e-09	0	-0.230105804928152
195	164	2015	7.5e-09	1e-07	-0.151527503271953
195	164	2015	7.5e-09	2.5e-07	0
195	164	2015	7.5e-09	5e-07	-0.480360829233831
195	164	2015	7.5e-09	1e-06	-0.470153354415808
195	164	2015	7.5e-09	2e-06	-0.377210285377524
195	164	2015	7.5e-09	4e-06	-0.223832194569694
195	164	2015	7.5e-09	6e-06	-0.120474320508582
195	164	2015	7.5e-09	1e-05	0
195	164	2015	7.5e-09	1.4e-05	-0.496484093988502
195	164	2015	1e-08	0	-0.485562184257587
195	164	2015	1e-08	1e-07	-0.386113904614704
195	164	2015	1e-08	2.5e-07	-0.222000674617258
195	164	2015	1e-08	5e-07	-0.111408643718328
195	164	2015	1e-08	1e-06	0
195	164	2015	1e-08	2e-06	-0.498663062958506
195	164	2015	1e-08	4e-06	-0.487644601348677
195	164	2015	1e-08	6e-06	-0.387317178910186
195	164	2015	1e-08	1e-05	-0.221753154948938
195	164	2015	1e-08	1.4e-05	-0.110183468251782
195	164	2015	0	0	0
195	164	2015	0	1e-07	0
195	164	2015	0	2.5e-07	0
195	164	2015	0	5e-07	0
195	164	2015	0	1e-06	0
195	164	2015	0	2e-06	0
195	164	2015	0	4e-06	0
195	164	2015	0	6e-06	-0.000429620518177671
195	164	2015	0	1e-05	-0.0114882860576182
195	164	2015	0	1.4e-05	-0.112181781072539
195	164	2015	1e-09	0	-0.278349911541683
195	164	2015	1e-09	1e-07	-0.390326691351251
195	164	2015	1e-09	2.5e-07	0
195	164	2015	1e-09	5e-07	-0.000542719711331898
195	164	2015	1e-09	1e-06	-0.0115963737339709
195	164	2015	1e-09	2e-06	-0.112244236919242
195	164	2015	1e-09	4e-06	-0.278337064055022
195	164	2015	1e-09	6e-06	-0.390263098726186
195	164	2015	1e-09	1e-05	0
195	164	2015	1e-09	1.4e-05	-0.0018853273501702
195	164	2015	2.5e-09	0	-0.0128794893415056
195	164	2015	2.5e-09	1e-07	-0.11298565420557
195	164	2015	2.5e-09	2.5e-07	-0.278184550732427
195	164	2015	2.5e-09	5e-07	-0.38950818667239
195	164	2015	2.5e-09	1e-06	0
195	164	2015	2.5e-09	2e-06	-0.01805640218821
195	164	2015	2.5e-09	4e-06	-0.0283340107631565
195	164	2015	2.5e-09	6e-06	-0.12191567521587
195	164	2015	2.5e-09	1e-05	-0.276347599800412
195	164	2015	2.5e-09	1.4e-05	-0.380415627562102
195	164	2015	5e-09	0	0
195	164	2015	5e-09	1e-07	-0.157000584228965
195	164	2015	5e-09	2.5e-07	-0.161121463623829
195	164	2015	5e-09	5e-07	-0.198643689730046
195	164	2015	5e-09	1e-06	-0.260564255325537
195	164	2015	5e-09	2e-06	-0.302291062504472
195	164	2015	5e-09	4e-06	0
195	164	2015	5e-09	6e-06	-0.425132885556501
195	164	2015	5e-09	1e-05	-0.417372605629261
195	164	2015	5e-09	1.4e-05	-0.346712207647149
195	164	2015	7.5e-09	0	-0.230105804928152
195	164	2015	7.5e-09	1e-07	-0.151527503271953
195	164	2015	7.5e-09	2.5e-07	0
195	164	2015	7.5e-09	5e-07	-0.480360829233831
195	164	2015	7.5e-09	1e-06	-0.470153354415808
195	164	2015	7.5e-09	2e-06	-0.377210285377524
195	164	2015	7.5e-09	4e-06	-0.223832194569694
195	164	2015	7.5e-09	6e-06	-0.120474320508582
195	164	2015	7.5e-09	1e-05	0
195	164	2015	7.5e-09	1.4e-05	-0.496484093988502
195	164	2015	1e-08	0	-0.485562184257587
195	164	2015	1e-08	1e-07	-0.386113904614704
195	164	2015	1e-08	2.5e-07	-0.222000674617258
195	164	2015	1e-08	5e-07	-0.111408643718328
195	164	2015	1e-08	1e-06	0
195	164	2015	1e-08	2e-06	-0.498663062958506
195	164	2015	1e-08	4e-06	-0.487644601348677
195	164	2015	1e-08	6e-06	-0.387317178910186
195	164	2015	1e-08	1e-05	-0.221753154948938
195	164	2015	1e-08	1.4e-05	-0.110183468251782
206	164	2015	0	0	0
206	164	2015	0	1e-07	0
206	164	2015	0	2.5e-07	0
206	164	2015	0	5e-07	0
206	164	2015	0	1e-06	0
206	164	2015	0	2e-06	0
206	164	2015	0	4e-06	0
206	164	2015	0	6e-06	-0.000168451633809212
206	164	2015	0	1e-05	-0.00226320668634159
206	164	2015	0	1.4e-05	-0.0325356918273103
206	164	2015	1e-09	0	-0.130221619993189
206	164	2015	1e-09	1e-07	-0.263483134885928
206	164	2015	1e-09	2.5e-07	0
206	164	2015	1e-09	5e-07	-0.000833923656674216
206	164	2015	1e-09	1e-06	-0.00292309894599697
206	164	2015	1e-09	2e-06	-0.0331149477860033
206	164	2015	1e-09	4e-06	-0.130540671615612
206	164	2015	1e-09	6e-06	-0.263447220090115
206	164	2015	1e-09	1e-05	0
206	164	2015	1e-09	1.4e-05	-0.00338680882436435
206	164	2015	2.5e-09	0	-0.005454579014377
206	164	2015	2.5e-09	1e-07	-0.0353370907077704
206	164	2015	2.5e-09	2.5e-07	-0.131764618117681
206	164	2015	2.5e-09	5e-07	-0.263309443675209
206	164	2015	2.5e-09	1e-06	0
206	164	2015	2.5e-09	2e-06	-0.0140719197304297
206	164	2015	2.5e-09	4e-06	-0.0160500987931258
206	164	2015	2.5e-09	6e-06	-0.0446378786432079
206	164	2015	2.5e-09	1e-05	-0.136887451014052
206	164	2015	2.5e-09	1.4e-05	-0.262732779948952
206	164	2015	5e-09	0	0
206	164	2015	5e-09	1e-07	-0.0552176561069469
206	164	2015	5e-09	2.5e-07	-0.0568508417541659
206	164	2015	5e-09	5e-07	-0.0804529274386471
206	164	2015	5e-09	1e-06	-0.156614221630479
206	164	2015	5e-09	2e-06	-0.260512189646512
206	164	2015	5e-09	4e-06	0
206	164	2015	5e-09	6e-06	-0.173923150896833
206	164	2015	5e-09	1e-05	-0.174561030160208
206	164	2015	5e-09	1.4e-05	-0.183779382682571
206	164	2015	7.5e-09	0	-0.213525976598265
206	164	2015	7.5e-09	1e-07	-0.254105784176828
206	164	2015	7.5e-09	2.5e-07	0
206	164	2015	7.5e-09	5e-07	-0.277939754036028
206	164	2015	7.5e-09	1e-06	-0.277705488422593
206	164	2015	7.5e-09	2e-06	-0.274319984092058
206	164	2015	7.5e-09	4e-06	-0.263395339772377
206	164	2015	7.5e-09	6e-06	-0.248492122092622
206	164	2015	7.5e-09	1e-05	0
206	164	2015	7.5e-09	1.4e-05	-0.392833525340939
206	164	2015	1e-08	0	-0.391635913386661
206	164	2015	1e-08	1e-07	-0.374328548477014
206	164	2015	1e-08	2.5e-07	-0.318479615116193
206	164	2015	1e-08	5e-07	-0.242291431162322
206	164	2015	1e-08	1e-06	0
206	164	2015	1e-08	2e-06	-0.440742627970224
206	164	2015	1e-08	4e-06	-0.439143314007328
206	164	2015	1e-08	6e-06	-0.41603072711132
206	164	2015	1e-08	1e-05	-0.341448990833726
206	164	2015	1e-08	1.4e-05	-0.239705829394896
25	164	2015	0	0	0
25	164	2015	0	1e-07	0
25	164	2015	0	2.5e-07	0
25	164	2015	0	5e-07	0
25	164	2015	0	1e-06	0
25	164	2015	0	2e-06	0
25	164	2015	0	4e-06	0
25	164	2015	0	6e-06	-0.000124296918000937
25	164	2015	0	1e-05	-0.00227150494004732
25	164	2015	0	1.4e-05	-0.0237052184965263
25	164	2015	1e-09	0	-0.0842317871864198
25	164	2015	1e-09	1e-07	-0.177159681170482
25	164	2015	1e-09	2.5e-07	0
25	164	2015	1e-09	5e-07	-0.000366709771274429
25	164	2015	1e-09	1e-06	-0.002511834714347
25	164	2015	1e-09	2e-06	-0.0239247547018817
25	164	2015	1e-09	4e-06	-0.0843926045246185
25	164	2015	1e-09	6e-06	-0.177230346022259
25	164	2015	1e-09	1e-05	0
25	164	2015	1e-09	1.4e-05	-0.00153262348006791
25	164	2015	2.5e-09	0	-0.00366772960483331
25	164	2015	2.5e-09	1e-07	-0.0249806404271808
25	164	2015	2.5e-09	2.5e-07	-0.0851660748117162
25	164	2015	2.5e-09	5e-07	-0.177570217107077
25	164	2015	2.5e-09	1e-06	0
25	164	2015	2.5e-09	2e-06	-0.00761073565007777
25	164	2015	2.5e-09	4e-06	-0.00969361192196288
25	164	2015	2.5e-09	6e-06	-0.0304851574670573
25	164	2015	2.5e-09	1e-05	-0.0891983107565306
25	164	2015	2.5e-09	1.4e-05	-0.179342024541271
25	164	2015	5e-09	0	0
25	164	2015	5e-09	1e-07	-0.0374462871609103
25	164	2015	5e-09	2.5e-07	-0.0392727834216295
25	164	2015	5e-09	5e-07	-0.0575051098950205
25	164	2015	5e-09	1e-06	-0.108991295793716
25	164	2015	5e-09	2e-06	-0.188039273044021
25	164	2015	5e-09	4e-06	0
25	164	2015	5e-09	6e-06	-0.149715175349043
25	164	2015	5e-09	1e-05	-0.150576933324405
25	164	2015	5e-09	1.4e-05	-0.15917911504563
25	164	2015	7.5e-09	0	-0.18347077787208
25	164	2015	7.5e-09	1e-07	-0.22076635098475
25	164	2015	7.5e-09	2.5e-07	0
25	164	2015	7.5e-09	5e-07	-0.265481362574976
25	164	2015	7.5e-09	1e-06	-0.265348329608972
25	164	2015	7.5e-09	2e-06	-0.264020377003724
25	164	2015	7.5e-09	4e-06	-0.260270377528985
25	164	2015	7.5e-09	6e-06	-0.254512913308368
25	164	2015	7.5e-09	1e-05	0
25	164	2015	7.5e-09	1.4e-05	-0.397147561241201
25	164	2015	1e-08	0	-0.395883106874391
25	164	2015	1e-08	1e-07	-0.383261156683646
25	164	2015	1e-08	2.5e-07	-0.347618087496991
25	164	2015	1e-08	5e-07	-0.292894427683822
25	164	2015	1e-08	1e-06	0
25	164	2015	1e-08	2e-06	-0.448239630691767
25	164	2015	1e-08	4e-06	-0.446536136834386
25	164	2015	1e-08	6e-06	-0.429531636567327
25	164	2015	1e-08	1e-05	-0.38151270364936
25	164	2015	1e-08	1.4e-05	-0.307788083139462
26	164	2015	0	0	0
26	164	2015	0	1e-07	0
26	164	2015	0	2.5e-07	0
26	164	2015	0	5e-07	0
26	164	2015	0	1e-06	0
26	164	2015	0	2e-06	0
26	164	2015	0	4e-06	0
26	164	2015	0	6e-06	-0.00114345934867657
26	164	2015	0	1e-05	-0.0699704080328947
26	164	2015	0	1.4e-05	-0.434383849924031
26	164	2015	1e-09	0	-0.491095826658756
26	164	2015	1e-09	1e-07	-0.497638981713686
26	164	2015	1e-09	2.5e-07	0
26	164	2015	1e-09	5e-07	-0.00394474917936023
26	164	2015	1e-09	1e-06	-0.0719969373090775
26	164	2015	1e-09	2e-06	-0.432308306310098
26	164	2015	1e-09	4e-06	-0.488381896433447
26	164	2015	1e-09	6e-06	-0.494851397512202
26	164	2015	1e-09	1e-05	0
26	164	2015	1e-09	1.4e-05	-0.0135129877030786
26	164	2015	2.5e-09	0	-0.0789188613732816
26	164	2015	2.5e-09	1e-07	-0.425218966197207
26	164	2015	2.5e-09	2.5e-07	-0.479112048148542
26	164	2015	2.5e-09	5e-07	-0.485329972684043
26	164	2015	2.5e-09	1e-06	0
26	164	2015	2.5e-09	2e-06	-0.0477781646178916
26	164	2015	2.5e-09	4e-06	-0.103707222581346
26	164	2015	2.5e-09	6e-06	-0.399831065114336
26	164	2015	2.5e-09	1e-05	-0.445915447680403
26	164	2015	2.5e-09	1.4e-05	-0.451232442045648
26	164	2015	5e-09	0	0
26	164	2015	5e-09	1e-07	-0.145757575848791
26	164	2015	5e-09	2.5e-07	-0.174588194320765
26	164	2015	5e-09	5e-07	-0.327235741685183
26	164	2015	5e-09	1e-06	-0.350991572726481
26	164	2015	5e-09	2e-06	-0.35373240623135
26	164	2015	5e-09	4e-06	0
26	164	2015	5e-09	6e-06	-0.308485195913953
26	164	2015	5e-09	1e-05	-0.292309781888585
26	164	2015	5e-09	1.4e-05	-0.206666899097962
26	164	2015	7.5e-09	0	-0.193338693774055
26	164	2015	7.5e-09	1e-07	-0.191800949560938
26	164	2015	7.5e-09	2.5e-07	0
26	164	2015	7.5e-09	5e-07	-0.390746021890219
26	164	2015	7.5e-09	1e-06	-0.35181950141062
26	164	2015	7.5e-09	2e-06	-0.145717856923956
26	164	2015	7.5e-09	4e-06	-0.113643212238901
26	164	2015	7.5e-09	6e-06	-0.109942594034606
26	164	2015	7.5e-09	1e-05	0
26	164	2015	7.5e-09	1.4e-05	-0.453402498631212
26	164	2015	1e-08	0	-0.397146901334506
26	164	2015	1e-08	1e-07	-0.0992941528334676
26	164	2015	1e-08	2.5e-07	-0.0529407086363929
26	164	2015	1e-08	5e-07	-0.0475926712345195
26	164	2015	1e-08	1e-06	0
26	164	2015	1e-08	2e-06	-0.474621009518715
26	164	2015	1e-08	4e-06	-0.412496949387207
26	164	2015	1e-08	6e-06	-0.0835728432112521
26	164	2015	1e-08	1e-05	-0.0323839074789815
26	164	2015	1e-08	1.4e-05	-0.0264779743255708
6	164	2015	0	0	0
6	164	2015	0	1e-07	0
6	164	2015	0	2.5e-07	0
6	164	2015	0	5e-07	0
6	164	2015	0	1e-06	0
6	164	2015	0	2e-06	0
6	164	2015	0	4e-06	0
6	164	2015	0	6e-06	-0.0197018469812974
6	164	2015	0	1e-05	-0.0654869451023272
6	164	2015	0	1.4e-05	-0.161086383640959
6	164	2015	1e-09	0	-0.243486027010361
6	164	2015	1e-09	1e-07	-0.304086010942092
6	164	2015	1e-09	2.5e-07	0
6	164	2015	1e-09	5e-07	-0.0298873815165993
6	164	2015	1e-09	1e-06	-0.073647514643333
6	164	2015	1e-09	2e-06	-0.165018819477776
6	164	2015	1e-09	4e-06	-0.243774124400541
6	164	2015	1e-09	6e-06	-0.301693916497971
6	164	2015	1e-09	1e-05	0
6	164	2015	1e-09	1.4e-05	-0.0467570299458073
6	164	2015	2.5e-09	0	-0.0871633432590758
6	164	2015	2.5e-09	1e-07	-0.171531861067062
6	164	2015	2.5e-09	2.5e-07	-0.244251281654181
6	164	2015	2.5e-09	5e-07	-0.297732043692776
6	164	2015	2.5e-09	1e-06	0
6	164	2015	2.5e-09	2e-06	-0.0783901004014624
6	164	2015	2.5e-09	4e-06	-0.112507508590233
6	164	2015	2.5e-09	6e-06	-0.183744771391724
6	164	2015	2.5e-09	1e-05	-0.245146021641569
6	164	2015	2.5e-09	1.4e-05	-0.290302949831752
6	164	2015	5e-09	0	0
6	164	2015	5e-09	1e-07	-0.131907606248912
6	164	2015	5e-09	2.5e-07	-0.155385310105277
6	164	2015	5e-09	5e-07	-0.204406834552198
6	164	2015	5e-09	1e-06	-0.246659761908234
6	164	2015	5e-09	2e-06	-0.277734249783933
6	164	2015	5e-09	4e-06	0
6	164	2015	5e-09	6e-06	-0.208422526371004
6	164	2015	5e-09	1e-05	-0.216688457663877
6	164	2015	5e-09	1.4e-05	-0.233947749945148
6	164	2015	7.5e-09	0	-0.248823983012253
6	164	2015	7.5e-09	1e-07	-0.259764558092048
6	164	2015	7.5e-09	2.5e-07	0
6	164	2015	7.5e-09	5e-07	-0.259265890552236
6	164	2015	7.5e-09	1e-06	-0.257423758070703
6	164	2015	7.5e-09	2e-06	-0.253577379266778
6	164	2015	7.5e-09	4e-06	-0.250262085301124
6	164	2015	7.5e-09	6e-06	-0.247823885900832
6	164	2015	7.5e-09	1e-05	0
6	164	2015	7.5e-09	1.4e-05	-0.321570504254174
6	164	2015	1e-08	0	-0.307341720753758
6	164	2015	1e-08	1e-07	-0.277631973050874
6	164	2015	1e-08	2.5e-07	-0.252024368521656
6	164	2015	1e-08	5e-07	-0.233191514888493
6	164	2015	1e-08	1e-06	0
6	164	2015	1e-08	2e-06	-0.357870591801262
6	164	2015	1e-08	4e-06	-0.33642506318865
6	164	2015	1e-08	6e-06	-0.291646727470981
6	164	2015	1e-08	1e-05	-0.253051114879383
6	164	2015	1e-08	1.4e-05	-0.224666362139608
207	164	2015	0	0	0
207	164	2015	0	1e-07	0
207	164	2015	0	2.5e-07	0
207	164	2015	0	5e-07	0
207	164	2015	0	1e-06	0
207	164	2015	0	2e-06	0
207	164	2015	0	4e-06	0
207	164	2015	0	6e-06	-2.33015853075358e-05
207	164	2015	0	1e-05	-0.00204384607556577
207	164	2015	0	1.4e-05	-0.0854398898257105
207	164	2015	1e-09	0	-0.335713943748279
207	164	2015	1e-09	1e-07	-0.456156317582053
207	164	2015	1e-09	2.5e-07	0
207	164	2015	1e-09	5e-07	-0.000143576516656054
207	164	2015	1e-09	1e-06	-0.0021631488329021
207	164	2015	1e-09	2e-06	-0.0855190670293437
207	164	2015	1e-09	4e-06	-0.335672702949576
207	164	2015	1e-09	6e-06	-0.456057126589046
207	164	2015	1e-09	1e-05	0
207	164	2015	1e-09	1.4e-05	-0.000828459558562997
207	164	2015	2.5e-09	0	-0.00284249601220409
207	164	2015	2.5e-09	1e-07	-0.0859699267676612
207	164	2015	2.5e-09	2.5e-07	-0.335437864955072
207	164	2015	2.5e-09	5e-07	-0.455492302080244
207	164	2015	2.5e-09	1e-06	0
207	164	2015	2.5e-09	2e-06	-0.005027323290727
207	164	2015	2.5e-09	4e-06	-0.00700742061710926
207	164	2015	2.5e-09	6e-06	-0.088734046314618
207	164	2015	2.5e-09	1e-05	-0.333998126083298
207	164	2015	2.5e-09	1.4e-05	-0.45202949018401
207	164	2015	5e-09	0	0
207	164	2015	5e-09	1e-07	-0.0295288888654297
207	164	2015	5e-09	2.5e-07	-0.0313109417195125
207	164	2015	5e-09	5e-07	-0.104863471000942
207	164	2015	5e-09	1e-06	-0.325596839776481
207	164	2015	5e-09	2e-06	-0.431822996675177
207	164	2015	5e-09	4e-06	0
207	164	2015	5e-09	6e-06	-0.139891456394017
207	164	2015	5e-09	1e-05	-0.140781456192096
207	164	2015	5e-09	1.4e-05	-0.17751534770304
207	164	2015	7.5e-09	0	-0.2877548690446
207	164	2015	7.5e-09	1e-07	-0.340806751301577
207	164	2015	7.5e-09	2.5e-07	0
207	164	2015	7.5e-09	5e-07	-0.265090901580142
207	164	2015	7.5e-09	1e-06	-0.264968922858789
207	164	2015	7.5e-09	2e-06	-0.259934367652692
207	164	2015	7.5e-09	4e-06	-0.244825514948576
207	164	2015	7.5e-09	6e-06	-0.237554501205572
207	164	2015	7.5e-09	1e-05	0
207	164	2015	7.5e-09	1.4e-05	-0.406100633651685
207	164	2015	1e-08	0	-0.404838882947516
207	164	2015	1e-08	1e-07	-0.352761327895384
207	164	2015	1e-08	2.5e-07	-0.196475007403711
207	164	2015	1e-08	5e-07	-0.121263473715977
207	164	2015	1e-08	1e-06	0
207	164	2015	1e-08	2e-06	-0.4564366808606
207	164	2015	1e-08	4e-06	-0.454768067342838
207	164	2015	1e-08	6e-06	-0.385897638307388
207	164	2015	1e-08	1e-05	-0.179215394222413
207	164	2015	1e-08	1.4e-05	-0.0797512279745302
9	164	2015	0	0	0
9	164	2015	0	1e-07	0
9	164	2015	0	2.5e-07	0
9	164	2015	0	5e-07	0
9	164	2015	0	1e-06	0
9	164	2015	0	2e-06	0
9	164	2015	0	4e-06	0
9	164	2015	0	6e-06	-0.00674503235152287
9	164	2015	0	1e-05	-0.0275998837585183
9	164	2015	0	1.4e-05	-0.106727399691708
9	164	2015	1e-09	0	-0.205731059098986
9	164	2015	1e-09	1e-07	-0.289404195516918
9	164	2015	1e-09	2.5e-07	0
9	164	2015	1e-09	5e-07	-0.0151364549934861
9	164	2015	1e-09	1e-06	-0.0352718889350002
9	164	2015	1e-09	2e-06	-0.111669789784795
9	164	2015	1e-09	4e-06	-0.207258178551483
9	164	2015	1e-09	6e-06	-0.288044892306606
9	164	2015	1e-09	1e-05	0
9	164	2015	1e-09	1.4e-05	-0.0314357000720025
9	164	2015	2.5e-09	0	-0.0501737593270113
9	164	2015	2.5e-09	1e-07	-0.121269738546523
9	164	2015	2.5e-09	2.5e-07	-0.210224409104088
9	164	2015	2.5e-09	5e-07	-0.285404622937965
9	164	2015	2.5e-09	1e-06	0
9	164	2015	2.5e-09	2e-06	-0.0664448635759606
9	164	2015	2.5e-09	4e-06	-0.0821815004558533
9	164	2015	2.5e-09	6e-06	-0.141889477326446
9	164	2015	2.5e-09	1e-05	-0.216595578437782
9	164	2015	2.5e-09	1.4e-05	-0.279733585931283
9	164	2015	5e-09	0	0
9	164	2015	5e-09	1e-07	-0.132362461011551
9	164	2015	5e-09	2.5e-07	-0.14244781885318
9	164	2015	5e-09	5e-07	-0.180713702303096
9	164	2015	5e-09	1e-06	-0.228591642704925
9	164	2015	5e-09	2e-06	-0.269055777693833
9	164	2015	5e-09	4e-06	0
9	164	2015	5e-09	6e-06	-0.23047371416325
9	164	2015	5e-09	1e-05	-0.232147751053812
9	164	2015	5e-09	1.4e-05	-0.238499384932451
9	164	2015	7.5e-09	0	-0.246446493972643
9	164	2015	7.5e-09	1e-07	-0.253163008724008
9	164	2015	7.5e-09	2.5e-07	0
9	164	2015	7.5e-09	5e-07	-0.293386471553923
9	164	2015	7.5e-09	1e-06	-0.289666841792288
9	164	2015	7.5e-09	2e-06	-0.275553815643819
9	164	2015	7.5e-09	4e-06	-0.257895720131396
9	164	2015	7.5e-09	6e-06	-0.242971946166499
9	164	2015	7.5e-09	1e-05	0
9	164	2015	7.5e-09	1.4e-05	-0.364332380345641
9	164	2015	1e-08	0	-0.354530381947968
9	164	2015	1e-08	1e-07	-0.31733962142647
9	164	2015	1e-08	2.5e-07	-0.270806865477492
9	164	2015	1e-08	5e-07	-0.231479615760346
9	164	2015	1e-08	1e-06	0
9	164	2015	1e-08	2e-06	-0.401477175693319
9	164	2015	1e-08	4e-06	-0.388490661908324
9	164	2015	1e-08	6e-06	-0.339217207191015
9	164	2015	1e-08	1e-05	-0.27756668940184
9	164	2015	1e-08	1.4e-05	-0.225462633692252
9	164	2015	0	0	0
9	164	2015	0	1e-07	0
9	164	2015	0	2.5e-07	0
9	164	2015	0	5e-07	0
9	164	2015	0	1e-06	0
9	164	2015	0	2e-06	0
9	164	2015	0	4e-06	0
9	164	2015	0	6e-06	-0.00674503235152287
9	164	2015	0	1e-05	-0.0275998837585183
9	164	2015	0	1.4e-05	-0.106727399691708
9	164	2015	1e-09	0	-0.205731059098986
9	164	2015	1e-09	1e-07	-0.289404195516918
9	164	2015	1e-09	2.5e-07	0
9	164	2015	1e-09	5e-07	-0.0151364549934861
9	164	2015	1e-09	1e-06	-0.0352718889350002
9	164	2015	1e-09	2e-06	-0.111669789784795
9	164	2015	1e-09	4e-06	-0.207258178551483
9	164	2015	1e-09	6e-06	-0.288044892306606
9	164	2015	1e-09	1e-05	0
9	164	2015	1e-09	1.4e-05	-0.0314357000720025
9	164	2015	2.5e-09	0	-0.0501737593270113
9	164	2015	2.5e-09	1e-07	-0.121269738546523
9	164	2015	2.5e-09	2.5e-07	-0.210224409104088
9	164	2015	2.5e-09	5e-07	-0.285404622937965
9	164	2015	2.5e-09	1e-06	0
9	164	2015	2.5e-09	2e-06	-0.0664448635759606
9	164	2015	2.5e-09	4e-06	-0.0821815004558533
9	164	2015	2.5e-09	6e-06	-0.141889477326446
9	164	2015	2.5e-09	1e-05	-0.216595578437782
9	164	2015	2.5e-09	1.4e-05	-0.279733585931283
9	164	2015	5e-09	0	0
9	164	2015	5e-09	1e-07	-0.132362461011551
9	164	2015	5e-09	2.5e-07	-0.14244781885318
9	164	2015	5e-09	5e-07	-0.180713702303096
9	164	2015	5e-09	1e-06	-0.228591642704925
9	164	2015	5e-09	2e-06	-0.269055777693833
9	164	2015	5e-09	4e-06	0
9	164	2015	5e-09	6e-06	-0.23047371416325
9	164	2015	5e-09	1e-05	-0.232147751053812
9	164	2015	5e-09	1.4e-05	-0.238499384932451
9	164	2015	7.5e-09	0	-0.246446493972643
9	164	2015	7.5e-09	1e-07	-0.253163008724008
9	164	2015	7.5e-09	2.5e-07	0
9	164	2015	7.5e-09	5e-07	-0.293386471553923
9	164	2015	7.5e-09	1e-06	-0.289666841792288
9	164	2015	7.5e-09	2e-06	-0.275553815643819
9	164	2015	7.5e-09	4e-06	-0.257895720131396
9	164	2015	7.5e-09	6e-06	-0.242971946166499
9	164	2015	7.5e-09	1e-05	0
9	164	2015	7.5e-09	1.4e-05	-0.364332380345641
9	164	2015	1e-08	0	-0.354530381947968
9	164	2015	1e-08	1e-07	-0.31733962142647
9	164	2015	1e-08	2.5e-07	-0.270806865477492
9	164	2015	1e-08	5e-07	-0.231479615760346
9	164	2015	1e-08	1e-06	0
9	164	2015	1e-08	2e-06	-0.401477175693319
9	164	2015	1e-08	4e-06	-0.388490661908324
9	164	2015	1e-08	6e-06	-0.339217207191015
9	164	2015	1e-08	1e-05	-0.27756668940184
9	164	2015	1e-08	1.4e-05	-0.225462633692252
208	164	2015	0	0	0
208	164	2015	0	1e-07	0
208	164	2015	0	2.5e-07	0
208	164	2015	0	5e-07	0
208	164	2015	0	1e-06	0
208	164	2015	0	2e-06	0
208	164	2015	0	4e-06	0
208	164	2015	0	6e-06	-0.0143860049410725
208	164	2015	0	1e-05	-0.0414894650627974
208	164	2015	0	1.4e-05	-0.100939653821579
208	164	2015	1e-09	0	-0.161079098301353
208	164	2015	1e-09	1e-07	-0.213885637398085
208	164	2015	1e-09	2.5e-07	0
208	164	2015	1e-09	5e-07	-0.0224797388557916
208	164	2015	1e-09	1e-06	-0.048652149893023
208	164	2015	1e-09	2e-06	-0.106060125459532
208	164	2015	1e-09	4e-06	-0.164133679662812
208	164	2015	1e-09	6e-06	-0.215126226019854
208	164	2015	1e-09	1e-05	0
208	164	2015	1e-09	1.4e-05	-0.035337598167478
208	164	2015	2.5e-09	0	-0.0600309269582674
208	164	2015	2.5e-09	1e-07	-0.114194603887412
208	164	2015	2.5e-09	2.5e-07	-0.168986245587954
208	164	2015	2.5e-09	5e-07	-0.217097048650108
208	164	2015	2.5e-09	1e-06	0
208	164	2015	2.5e-09	2e-06	-0.058986397937051
208	164	2015	2.5e-09	4e-06	-0.0809593267731559
208	164	2015	2.5e-09	6e-06	-0.129155931967585
208	164	2015	2.5e-09	1e-05	-0.177911320684088
208	164	2015	2.5e-09	1.4e-05	-0.220721881418487
208	164	2015	5e-09	0	0
208	164	2015	5e-09	1e-07	-0.0995155427730482
208	164	2015	5e-09	2.5e-07	-0.116826269516466
208	164	2015	5e-09	5e-07	-0.154796549614504
208	164	2015	5e-09	1e-06	-0.193207050901601
208	164	2015	5e-09	2e-06	-0.226934094034239
208	164	2015	5e-09	4e-06	0
208	164	2015	5e-09	6e-06	-0.161231485215897
208	164	2015	5e-09	1e-05	-0.171442822194899
208	164	2015	5e-09	1.4e-05	-0.193840918532223
208	164	2015	7.5e-09	0	-0.216498694718546
208	164	2015	7.5e-09	1e-07	-0.236393769479844
208	164	2015	7.5e-09	2.5e-07	0
208	164	2015	7.5e-09	5e-07	-0.206067001280958
208	164	2015	7.5e-09	1e-06	-0.211120759987063
208	164	2015	7.5e-09	2e-06	-0.222205946441854
208	164	2015	7.5e-09	4e-06	-0.233419652727141
208	164	2015	7.5e-09	6e-06	-0.243266052614862
208	164	2015	7.5e-09	1e-05	0
208	164	2015	7.5e-09	1.4e-05	-0.26690885505067
208	164	2015	1e-08	0	-0.264963773314522
208	164	2015	1e-08	1e-07	-0.260697326305694
208	164	2015	1e-08	2.5e-07	-0.256381414811209
208	164	2015	1e-08	5e-07	-0.252591749791138
208	164	2015	1e-08	1e-06	0
208	164	2015	1e-08	2e-06	-0.306299749676276
208	164	2015	1e-08	4e-06	-0.299823402548287
208	164	2015	1e-08	6e-06	-0.285617834052707
208	164	2015	1e-08	1e-05	-0.271247568529919
208	164	2015	1e-08	1.4e-05	-0.258629494074397
40	164	2015	0	0	0
40	164	2015	0	1e-07	0
40	164	2015	0	2.5e-07	0
40	164	2015	0	5e-07	0
40	164	2015	0	1e-06	0
40	164	2015	0	2e-06	0
40	164	2015	0	4e-06	0
40	164	2015	0	6e-06	-0.0059803889501849
40	164	2015	0	1e-05	-0.0458110133791247
40	164	2015	0	1.4e-05	-0.169025834662678
40	164	2015	1e-09	0	-0.284518780146664
40	164	2015	1e-09	1e-07	-0.360740339551888
40	164	2015	1e-09	2.5e-07	0
40	164	2015	1e-09	5e-07	-0.00675921125598549
40	164	2015	1e-09	1e-06	-0.0464627107435088
40	164	2015	1e-09	2e-06	-0.169284274899866
40	164	2015	1e-09	4e-06	-0.284408608690232
40	164	2015	1e-09	6e-06	-0.360386896456786
40	164	2015	1e-09	1e-05	0
40	164	2015	1e-09	1.4e-05	-0.00912983243615372
40	164	2015	2.5e-09	0	-0.048446382196627
40	164	2015	2.5e-09	1e-07	-0.170070929179698
40	164	2015	2.5e-09	2.5e-07	-0.284073262891683
40	164	2015	2.5e-09	5e-07	-0.359311067373577
40	164	2015	2.5e-09	1e-06	0
40	164	2015	2.5e-09	2e-06	-0.0171862480424987
40	164	2015	2.5e-09	4e-06	-0.0551877720848371
40	164	2015	2.5e-09	6e-06	-0.17274432713541
40	164	2015	2.5e-09	1e-05	-0.282933610066694
40	164	2015	2.5e-09	1.4e-05	-0.355654925984041
40	164	2015	5e-09	0	0
40	164	2015	5e-09	1e-07	-0.0431989696836008
40	164	2015	5e-09	2.5e-07	-0.0769545114395001
40	164	2015	5e-09	5e-07	-0.181376249848418
40	164	2015	5e-09	1e-06	-0.279253875411424
40	164	2015	5e-09	2e-06	-0.343849900909166
40	164	2015	5e-09	4e-06	0
40	164	2015	5e-09	6e-06	-0.115008970326742
40	164	2015	5e-09	1e-05	-0.137043170697194
40	164	2015	5e-09	1.4e-05	-0.205205297193977
40	164	2015	7.5e-09	0	-0.269095701591425
40	164	2015	7.5e-09	1e-07	-0.311261274854765
40	164	2015	7.5e-09	2.5e-07	0
40	164	2015	7.5e-09	5e-07	-0.188300068160388
40	164	2015	7.5e-09	1e-06	-0.19837117187956
40	164	2015	7.5e-09	2e-06	-0.229525823926249
40	164	2015	7.5e-09	4e-06	-0.258728013183338
40	164	2015	7.5e-09	6e-06	-0.278000501159934
40	164	2015	7.5e-09	1e-05	0
40	164	2015	7.5e-09	1.4e-05	-0.298315699607494
40	164	2015	1e-08	0	-0.290429265903218
40	164	2015	1e-08	1e-07	-0.266032823884827
40	164	2015	1e-08	2.5e-07	-0.243165307471772
40	164	2015	1e-08	5e-07	-0.228073495989924
40	164	2015	1e-08	1e-06	0
40	164	2015	1e-08	2e-06	-0.36336121386763
40	164	2015	1e-08	4e-06	-0.34485758657741
40	164	2015	1e-08	6e-06	-0.287617180172798
40	164	2015	1e-08	1e-05	-0.233964031407882
40	164	2015	1e-08	1.4e-05	-0.19855471139509
209	164	2015	0	0	0
209	164	2015	0	1e-07	0
209	164	2015	0	2.5e-07	0
209	164	2015	0	5e-07	0
209	164	2015	0	1e-06	0
209	164	2015	0	2e-06	0
209	164	2015	0	4e-06	0
209	164	2015	0	6e-06	-0.0287385109233777
209	164	2015	0	1e-05	-0.123232749227467
209	164	2015	0	1.4e-05	-0.275321149875722
209	164	2015	1e-09	0	-0.363126881060899
209	164	2015	1e-09	1e-07	-0.41017596942515
209	164	2015	1e-09	2.5e-07	0
209	164	2015	1e-09	5e-07	-0.0359295068087367
209	164	2015	1e-09	1e-06	-0.127352683439733
209	164	2015	1e-09	2e-06	-0.274498212791963
209	164	2015	1e-09	4e-06	-0.359450258709547
209	164	2015	1e-09	6e-06	-0.404970252235609
209	164	2015	1e-09	1e-05	0
209	164	2015	1e-09	1.4e-05	-0.0512641785621999
209	164	2015	2.5e-09	0	-0.136138370401338
209	164	2015	2.5e-09	1e-07	-0.272743313991522
209	164	2015	2.5e-09	2.5e-07	-0.351609926463744
209	164	2015	2.5e-09	5e-07	-0.393869152246731
209	164	2015	2.5e-09	1e-06	0
209	164	2015	2.5e-09	2e-06	-0.0867306570206536
209	164	2015	2.5e-09	4e-06	-0.156458164810768
209	164	2015	2.5e-09	6e-06	-0.268684532590572
209	164	2015	2.5e-09	1e-05	-0.33347657615971
209	164	2015	2.5e-09	1.4e-05	-0.368194202697731
209	164	2015	5e-09	0	0
209	164	2015	5e-09	1e-07	-0.156438073654165
209	164	2015	5e-09	2.5e-07	-0.196395605356627
209	164	2015	5e-09	5e-07	-0.260707220535986
209	164	2015	5e-09	1e-06	-0.297836471487763
209	164	2015	5e-09	2e-06	-0.317731498672771
209	164	2015	5e-09	4e-06	0
209	164	2015	5e-09	6e-06	-0.258121097646898
209	164	2015	5e-09	1e-05	-0.254652817018673
209	164	2015	5e-09	1.4e-05	-0.249070622133428
209	164	2015	7.5e-09	0	-0.245847833929806
209	164	2015	7.5e-09	1e-07	-0.244120962062504
209	164	2015	7.5e-09	2.5e-07	0
209	164	2015	7.5e-09	5e-07	-0.318867859765628
209	164	2015	7.5e-09	1e-06	-0.28945643358684
209	164	2015	7.5e-09	2e-06	-0.242118766776708
209	164	2015	7.5e-09	4e-06	-0.214789145128066
209	164	2015	7.5e-09	6e-06	-0.20014506931943
209	164	2015	7.5e-09	1e-05	0
209	164	2015	7.5e-09	1.4e-05	-0.381389803135891
209	164	2015	1e-08	0	-0.325277103993968
209	164	2015	1e-08	1e-07	-0.23496375979738
209	164	2015	1e-08	2.5e-07	-0.182822839193577
209	164	2015	1e-08	5e-07	-0.154884084538621
209	164	2015	1e-08	1e-06	0
209	164	2015	1e-08	2e-06	-0.411120278284527
209	164	2015	1e-08	4e-06	-0.342310572468225
209	164	2015	1e-08	6e-06	-0.23156140622805
209	164	2015	1e-08	1e-05	-0.16762220061856
209	164	2015	1e-08	1.4e-05	-0.133361551637498
28	164	2015	0	0	0
28	164	2015	0	1e-07	0
28	164	2015	0	2.5e-07	0
28	164	2015	0	5e-07	0
28	164	2015	0	1e-06	0
28	164	2015	0	2e-06	0
28	164	2015	0	4e-06	0
28	164	2015	0	6e-06	-0.0150575230089835
28	164	2015	0	1e-05	-0.109289848699046
28	164	2015	0	1.4e-05	-0.298395596061028
28	164	2015	1e-09	0	-0.398416799094034
28	164	2015	1e-09	1e-07	-0.443360855360694
28	164	2015	1e-09	2.5e-07	0
28	164	2015	1e-09	5e-07	-0.015821500419397
28	164	2015	1e-09	1e-06	-0.109747404856564
28	164	2015	1e-09	2e-06	-0.298238225020135
28	164	2015	1e-09	4e-06	-0.397934182739231
28	164	2015	1e-09	6e-06	-0.442732091556695
28	164	2015	1e-09	1e-05	0
28	164	2015	1e-09	1.4e-05	-0.0197910555280848
28	164	2015	2.5e-09	0	-0.112124823819259
28	164	2015	2.5e-09	1e-07	-0.297420539823135
28	164	2015	2.5e-09	2.5e-07	-0.395426553337327
28	164	2015	2.5e-09	5e-07	-0.43946509368961
28	164	2015	2.5e-09	1e-06	0
28	164	2015	2.5e-09	2e-06	-0.0412874911143804
28	164	2015	2.5e-09	4e-06	-0.124999322898855
28	164	2015	2.5e-09	6e-06	-0.292992507792869
28	164	2015	2.5e-09	1e-05	-0.381846922261202
28	164	2015	2.5e-09	1.4e-05	-0.421773234706055
28	164	2015	5e-09	0	0
28	164	2015	5e-09	1e-07	-0.134127569622036
28	164	2015	5e-09	2.5e-07	-0.180602471639405
28	164	2015	5e-09	5e-07	-0.273868460939892
28	164	2015	5e-09	1e-06	-0.323198407713226
28	164	2015	5e-09	2e-06	-0.34536458684507
28	164	2015	5e-09	4e-06	0
28	164	2015	5e-09	6e-06	-0.325384210166711
28	164	2015	5e-09	1e-05	-0.295148598729835
28	164	2015	5e-09	1.4e-05	-0.234471672252152
28	164	2015	7.5e-09	0	-0.202378627660408
28	164	2015	7.5e-09	1e-07	-0.187957769300768
28	164	2015	7.5e-09	2.5e-07	0
28	164	2015	7.5e-09	5e-07	-0.411540271193075
28	164	2015	7.5e-09	1e-06	-0.346748601155013
28	164	2015	7.5e-09	2e-06	-0.2167244603344
28	164	2015	7.5e-09	4e-06	-0.147952510408856
28	164	2015	7.5e-09	6e-06	-0.117050158774457
28	164	2015	7.5e-09	1e-05	0
28	164	2015	7.5e-09	1.4e-05	-0.462127217343891
28	164	2015	1e-08	0	-0.377045791079536
28	164	2015	1e-08	1e-07	-0.20630409938805
28	164	2015	1e-08	2.5e-07	-0.115995953553735
28	164	2015	1e-08	5e-07	-0.0754164137697971
28	164	2015	1e-08	1e-06	0
28	164	2015	1e-08	2e-06	-0.474929757288616
28	164	2015	1e-08	4e-06	-0.384713401278128
28	164	2015	1e-08	6e-06	-0.203666915343447
28	164	2015	1e-08	1e-05	-0.107908390916255
28	164	2015	1e-08	1.4e-05	-0.0648797491946805
210	164	2015	0	0	0
210	164	2015	0	1e-07	0
210	164	2015	0	2.5e-07	0
210	164	2015	0	5e-07	0
210	164	2015	0	1e-06	0
210	164	2015	0	2e-06	0
210	164	2015	0	4e-06	0
210	164	2015	0	6e-06	-0.00182183087553739
210	164	2015	0	1e-05	-0.00182183087553739
210	164	2015	0	1.4e-05	-0.00182183087553739
210	164	2015	1e-09	0	-0.00182183087553739
210	164	2015	1e-09	1e-07	-0.00182183087553739
210	164	2015	1e-09	2.5e-07	0
210	164	2015	1e-09	5e-07	-0.00559850154464641
210	164	2015	1e-09	1e-06	-0.00559850154464641
210	164	2015	1e-09	2e-06	-0.00559850154464641
210	164	2015	1e-09	4e-06	-0.00559850154464641
210	164	2015	1e-09	6e-06	-0.00559850154464641
210	164	2015	1e-09	1e-05	0
210	164	2015	1e-09	1.4e-05	-0.0129681257811986
210	164	2015	2.5e-09	0	-0.0129681257811986
210	164	2015	2.5e-09	1e-07	-0.0129681257811986
210	164	2015	2.5e-09	2.5e-07	-0.0129681257811986
210	164	2015	2.5e-09	5e-07	-0.0129681257811986
210	164	2015	2.5e-09	1e-06	0
210	164	2015	2.5e-09	2e-06	-0.0294607303199165
210	164	2015	2.5e-09	4e-06	-0.0294607303199165
210	164	2015	2.5e-09	6e-06	-0.0294607303199165
210	164	2015	2.5e-09	1e-05	-0.0294607303199165
210	164	2015	2.5e-09	1.4e-05	-0.0294607303199165
210	164	2015	5e-09	0	0
210	164	2015	5e-09	1e-07	-0.0641649156215938
210	164	2015	5e-09	2.5e-07	-0.0641649156215938
210	164	2015	5e-09	5e-07	-0.0641649156215938
210	164	2015	5e-09	1e-06	-0.0641649156215938
210	164	2015	5e-09	2e-06	-0.0641649156215938
210	164	2015	5e-09	4e-06	0
210	164	2015	5e-09	6e-06	-0.128578924396297
210	164	2015	5e-09	1e-05	-0.128578924396297
210	164	2015	5e-09	1.4e-05	-0.128578924396297
210	164	2015	7.5e-09	0	-0.128578924396297
210	164	2015	7.5e-09	1e-07	-0.128578924396297
210	164	2015	7.5e-09	2.5e-07	0
210	164	2015	7.5e-09	5e-07	-0.181699413507383
210	164	2015	7.5e-09	1e-06	-0.181699413507383
210	164	2015	7.5e-09	2e-06	-0.181699413507383
210	164	2015	7.5e-09	4e-06	-0.181699413507383
210	164	2015	7.5e-09	6e-06	-0.181699413507383
210	164	2015	7.5e-09	1e-05	0
210	164	2015	7.5e-09	1.4e-05	-0.258680680644578
210	164	2015	1e-08	0	-0.258680680644578
210	164	2015	1e-08	1e-07	-0.258680680644578
210	164	2015	1e-08	2.5e-07	-0.258680680644578
210	164	2015	1e-08	5e-07	-0.258680680644578
210	164	2015	1e-08	1e-06	0
210	164	2015	1e-08	2e-06	-0.309407323922402
210	164	2015	1e-08	4e-06	-0.309407323922402
210	164	2015	1e-08	6e-06	-0.309407323922402
210	164	2015	1e-08	1e-05	-0.309407323922402
210	164	2015	1e-08	1.4e-05	-0.309407323922402
7	164	2015	0	0	0
7	164	2015	0	1e-07	0
7	164	2015	0	2.5e-07	0
7	164	2015	0	5e-07	0
7	164	2015	0	1e-06	0
7	164	2015	0	2e-06	0
7	164	2015	0	4e-06	0
7	164	2015	0	6e-06	-0.0305867440745484
7	164	2015	0	1e-05	-0.0679243425827551
7	164	2015	0	1.4e-05	-0.134065440253372
7	164	2015	1e-09	0	-0.191732601696697
7	164	2015	1e-09	1e-07	-0.238378941302476
7	164	2015	1e-09	2.5e-07	0
7	164	2015	1e-09	5e-07	-0.044152235431681
7	164	2015	1e-09	1e-06	-0.0791813915090837
7	164	2015	1e-09	2e-06	-0.141233235387729
7	164	2015	1e-09	4e-06	-0.195335054450757
7	164	2015	1e-09	6e-06	-0.239097427387817
7	164	2015	1e-09	1e-05	0
7	164	2015	1e-09	1.4e-05	-0.0619201658930085
7	164	2015	2.5e-09	0	-0.0939257496201968
7	164	2015	2.5e-09	1e-07	-0.150621534134558
7	164	2015	2.5e-09	2.5e-07	-0.200053507202615
7	164	2015	2.5e-09	5e-07	-0.240038492511498
7	164	2015	2.5e-09	1e-06	0
7	164	2015	2.5e-09	2e-06	-0.0893398253694676
7	164	2015	2.5e-09	4e-06	-0.116679400051552
7	164	2015	2.5e-09	6e-06	-0.165109656724954
7	164	2015	2.5e-09	1e-05	-0.207335073730203
7	164	2015	2.5e-09	1.4e-05	-0.241490754230591
7	164	2015	5e-09	0	0
7	164	2015	5e-09	1e-07	-0.128998077342596
7	164	2015	5e-09	2.5e-07	-0.149588999198467
7	164	2015	5e-09	5e-07	-0.186064461681622
7	164	2015	5e-09	1e-06	-0.217866721665441
7	164	2015	5e-09	2e-06	-0.243591223831104
7	164	2015	5e-09	4e-06	0
7	164	2015	5e-09	6e-06	-0.18129198937441
7	164	2015	5e-09	1e-05	-0.192984045554951
7	164	2015	5e-09	1.4e-05	-0.213695753342948
7	164	2015	7.5e-09	0	-0.231753896295541
7	164	2015	7.5e-09	1e-07	-0.246360931698943
7	164	2015	7.5e-09	2.5e-07	0
7	164	2015	7.5e-09	5e-07	-0.216421922881627
7	164	2015	7.5e-09	1e-06	-0.22213591111281
7	164	2015	7.5e-09	2e-06	-0.232257865089156
7	164	2015	7.5e-09	4e-06	-0.241083003688802
7	164	2015	7.5e-09	6e-06	-0.248221562304899
7	164	2015	7.5e-09	1e-05	0
7	164	2015	7.5e-09	1.4e-05	-0.262781289326443
7	164	2015	1e-08	0	-0.260606294715133
7	164	2015	1e-08	1e-07	-0.256753434949978
7	164	2015	1e-08	2.5e-07	-0.25339420001254
7	164	2015	1e-08	5e-07	-0.250676951412376
7	164	2015	1e-08	1e-06	0
7	164	2015	1e-08	2e-06	-0.292995961780103
7	164	2015	1e-08	4e-06	-0.28567933019534
7	164	2015	1e-08	6e-06	-0.272718399026687
7	164	2015	1e-08	1e-05	-0.261418010365454
7	164	2015	1e-08	1.4e-05	-0.252277248899551
211	164	2015	0	0	0
211	164	2015	0	1e-07	0
211	164	2015	0	2.5e-07	0
211	164	2015	0	5e-07	0
211	164	2015	0	1e-06	0
211	164	2015	0	2e-06	0
211	164	2015	0	4e-06	0
211	164	2015	0	6e-06	-0.018482520137084
211	164	2015	0	1e-05	-0.240531921146183
211	164	2015	0	1.4e-05	-0.455789813723405
211	164	2015	1e-09	0	-0.488423069984907
211	164	2015	1e-09	1e-07	-0.495676822125274
211	164	2015	1e-09	2.5e-07	0
211	164	2015	1e-09	5e-07	-0.0184836269450687
211	164	2015	1e-09	1e-06	-0.240531966409915
211	164	2015	1e-09	2e-06	-0.455788829910826
211	164	2015	1e-09	4e-06	-0.488421930163596
211	164	2015	1e-09	6e-06	-0.495675647626188
211	164	2015	1e-09	1e-05	0
211	164	2015	1e-09	1.4e-05	-0.0185841065495094
211	164	2015	2.5e-09	0	-0.240536075597777
211	164	2015	2.5e-09	1e-07	-0.455699516226637
211	164	2015	2.5e-09	2.5e-07	-0.488318453502672
211	164	2015	2.5e-09	5e-07	-0.495569022804935
211	164	2015	2.5e-09	1e-06	0
211	164	2015	2.5e-09	2e-06	-0.0276039445880035
211	164	2015	2.5e-09	4e-06	-0.240904948556517
211	164	2015	2.5e-09	6e-06	-0.44768201884002
211	164	2015	2.5e-09	1e-05	-0.479029576148021
211	164	2015	2.5e-09	1.4e-05	-0.485997541866675
211	164	2015	5e-09	0	0
211	164	2015	5e-09	1e-07	-0.31848485187089
211	164	2015	5e-09	2.5e-07	-0.252800738752813
211	164	2015	5e-09	5e-07	-0.189125611950638
211	164	2015	5e-09	1e-06	-0.179472415472959
211	164	2015	5e-09	2e-06	-0.177326693512201
211	164	2015	5e-09	4e-06	0
211	164	2015	5e-09	6e-06	-0.478785779428426
211	164	2015	5e-09	1e-05	-0.259356363940827
211	164	2015	5e-09	1.4e-05	-0.0466383231235175
211	164	2015	7.5e-09	0	-0.014390110273689
211	164	2015	7.5e-09	1e-07	-0.00722194595971572
211	164	2015	7.5e-09	2.5e-07	0
211	164	2015	7.5e-09	5e-07	-0.481321930129732
211	164	2015	7.5e-09	1e-06	-0.25946008170261
211	164	2015	7.5e-09	2e-06	-0.0443840053039501
211	164	2015	7.5e-09	4e-06	-0.0117783125100478
211	164	2015	7.5e-09	6e-06	-0.00453068720423581
211	164	2015	7.5e-09	1e-05	0
211	164	2015	7.5e-09	1.4e-05	-0.481510473138472
211	164	2015	1e-08	0	-0.259467792308631
211	164	2015	1e-08	1e-07	-0.0442164143701232
211	164	2015	1e-08	2.5e-07	-0.0115841457326855
211	164	2015	1e-08	5e-07	-0.00433061312236243
211	164	2015	1e-08	1e-06	0
211	164	2015	1e-08	2e-06	-0.481516700336187
211	164	2015	1e-08	4e-06	-0.259468046974494
211	164	2015	1e-08	6e-06	-0.0442108791774521
211	164	2015	1e-08	1e-05	-0.0115777327931638
211	164	2015	1e-08	1.4e-05	-0.00432400507641169
186	164	2015	0	0	0
186	164	2015	0	1e-07	0
186	164	2015	0	2.5e-07	0
186	164	2015	0	5e-07	0
186	164	2015	0	1e-06	0
186	164	2015	0	2e-06	0
186	164	2015	0	4e-06	0
186	164	2015	0	6e-06	-0.000371524673499977
186	164	2015	0	1e-05	-0.00939537401494078
186	164	2015	0	1.4e-05	-0.119974294754998
186	164	2015	1e-09	0	-0.310481517580728
186	164	2015	1e-09	1e-07	-0.42022258902151
186	164	2015	1e-09	2.5e-07	0
186	164	2015	1e-09	5e-07	-0.00165970291325053
186	164	2015	1e-09	1e-06	-0.0106369857468232
186	164	2015	1e-09	2e-06	-0.120645277037311
186	164	2015	1e-09	4e-06	-0.310169409858432
186	164	2015	1e-09	6e-06	-0.419344175471915
186	164	2015	1e-09	1e-05	0
186	164	2015	1e-09	1.4e-05	-0.00827968869680603
186	164	2015	2.5e-09	0	-0.0170176648796645
186	164	2015	2.5e-09	1e-07	-0.124093474680199
186	164	2015	2.5e-09	2.5e-07	-0.308565479112836
186	164	2015	2.5e-09	5e-07	-0.414829982458123
186	164	2015	2.5e-09	1e-06	0
186	164	2015	2.5e-09	2e-06	-0.0428812259825351
186	164	2015	2.5e-09	4e-06	-0.0503683870929532
186	164	2015	2.5e-09	6e-06	-0.142116615999528
186	164	2015	2.5e-09	1e-05	-0.300182006502471
186	164	2015	2.5e-09	1.4e-05	-0.391235065038556
186	164	2015	5e-09	0	0
186	164	2015	5e-09	1e-07	-0.17369472163036
186	164	2015	5e-09	2.5e-07	-0.17645309018212
186	164	2015	5e-09	5e-07	-0.210254343496063
186	164	2015	5e-09	1e-06	-0.268487710703595
186	164	2015	5e-09	2e-06	-0.302032854116897
186	164	2015	5e-09	4e-06	0
186	164	2015	5e-09	6e-06	-0.375860191276533
186	164	2015	5e-09	1e-05	-0.371310456304675
186	164	2015	5e-09	1.4e-05	-0.315557665693377
186	164	2015	7.5e-09	0	-0.219505821155022
186	164	2015	7.5e-09	1e-07	-0.164175465816501
186	164	2015	7.5e-09	2.5e-07	0
186	164	2015	7.5e-09	5e-07	-0.446569929740177
186	164	2015	7.5e-09	1e-06	-0.439464100051825
186	164	2015	7.5e-09	2e-06	-0.352388734742689
186	164	2015	7.5e-09	4e-06	-0.202373832168493
186	164	2015	7.5e-09	6e-06	-0.115958231245916
186	164	2015	7.5e-09	1e-05	0
186	164	2015	7.5e-09	1.4e-05	-0.483786052673561
186	164	2015	1e-08	0	-0.475334892946301
186	164	2015	1e-08	1e-07	-0.371773753317068
186	164	2015	1e-08	2.5e-07	-0.193356881716274
186	164	2015	1e-08	5e-07	-0.0905804181147122
186	164	2015	1e-08	1e-06	0
186	164	2015	1e-08	2e-06	-0.492775795987607
186	164	2015	1e-08	4e-06	-0.483999664963792
186	164	2015	1e-08	6e-06	-0.376456302905417
186	164	2015	1e-08	1e-05	-0.191178791586198
186	164	2015	1e-08	1.4e-05	-0.0844502785961562
212	164	2015	0	0	0
212	164	2015	0	1e-07	0
212	164	2015	0	2.5e-07	0
212	164	2015	0	5e-07	0
212	164	2015	0	1e-06	0
212	164	2015	0	2e-06	0
212	164	2015	0	4e-06	0
212	164	2015	0	6e-06	-0.0104969845278322
212	164	2015	0	1e-05	-6.47931540400748e-05
212	164	2015	0	1.4e-05	-1.35892182527186e-06
212	164	2015	1e-09	0	-1.41709970762349e-07
212	164	2015	1e-09	1e-07	-2.84974356645762e-08
212	164	2015	1e-09	2.5e-07	0
212	164	2015	1e-09	5e-07	-0.0104427136933388
212	164	2015	1e-09	1e-06	-6.4458164640655e-05
212	164	2015	1e-09	2e-06	-1.35189601493835e-06
212	164	2015	1e-09	4e-06	-1.40977311104962e-07
212	164	2015	1e-09	6e-06	-2.83501000808428e-08
212	164	2015	1e-09	1e-05	0
212	164	2015	1e-09	1.4e-05	-0.0103141676271801
212	164	2015	2.5e-09	0	-6.36647077158159e-05
212	164	2015	2.5e-09	1e-07	-1.33525465912498e-06
212	164	2015	2.5e-09	2.5e-07	-1.39241930696699e-07
212	164	2015	2.5e-09	5e-07	-2.80011205688879e-08
212	164	2015	2.5e-09	1e-06	0
212	164	2015	2.5e-09	2e-06	-0.00996654104176642
212	164	2015	2.5e-09	4e-06	-6.15189654945425e-05
212	164	2015	2.5e-09	6e-06	-1.29025151053952e-06
212	164	2015	2.5e-09	1e-05	-1.34548949546343e-07
212	164	2015	2.5e-09	1.4e-05	-2.70573762861659e-08
212	164	2015	5e-09	0	0
212	164	2015	5e-09	1e-07	-0.0215253750993472
212	164	2015	5e-09	2.5e-07	-0.0223212588003835
212	164	2015	5e-09	5e-07	-0.0320303470291348
212	164	2015	5e-09	1e-06	-0.034173710419637
212	164	2015	5e-09	2e-06	-0.0345041801920605
212	164	2015	5e-09	4e-06	0
212	164	2015	5e-09	6e-06	-0.0921546808579893
212	164	2015	5e-09	1e-05	-0.0852661962862859
212	164	2015	5e-09	1.4e-05	-0.0852243100023527
212	164	2015	7.5e-09	0	-0.0852235062646932
212	164	2015	7.5e-09	1e-07	-0.0852234315092775
212	164	2015	7.5e-09	2.5e-07	0
212	164	2015	7.5e-09	5e-07	-0.140551141726137
212	164	2015	7.5e-09	1e-06	-0.135774713918786
212	164	2015	7.5e-09	2e-06	-0.135745670257696
212	164	2015	7.5e-09	4e-06	-0.135745112951532
212	164	2015	7.5e-09	6e-06	-0.135745061116642
212	164	2015	7.5e-09	1e-05	0
212	164	2015	7.5e-09	1.4e-05	-0.22175620462278
212	164	2015	1e-08	0	-0.220523624843032
212	164	2015	1e-08	1e-07	-0.220516129988962
212	164	2015	1e-08	2.5e-07	-0.220515986173472
212	164	2015	1e-08	5e-07	-0.220515972797233
212	164	2015	1e-08	1e-06	0
212	164	2015	1e-08	2e-06	-0.280617599674034
212	164	2015	1e-08	4e-06	-0.281953774000416
212	164	2015	1e-08	6e-06	-0.281961898773962
212	164	2015	1e-08	1e-05	-0.281962054676703
212	164	2015	1e-08	1.4e-05	-0.281962069177173
213	164	2015	0	0	0
213	164	2015	0	1e-07	0
213	164	2015	0	2.5e-07	0
213	164	2015	0	5e-07	0
213	164	2015	0	1e-06	0
213	164	2015	0	2e-06	0
213	164	2015	0	4e-06	0
213	164	2015	0	6e-06	-6.49365793174184e-05
213	164	2015	0	1e-05	-0.00180707616282859
213	164	2015	0	1.4e-05	-0.0223498608730522
213	164	2015	1e-09	0	-0.0864466245771547
213	164	2015	1e-09	1e-07	-0.188393851954547
213	164	2015	1e-09	2.5e-07	0
213	164	2015	1e-09	5e-07	-9.51162315737975e-05
213	164	2015	1e-09	1e-06	-0.00183704545177676
213	164	2015	1e-09	2e-06	-0.0223773496212932
213	164	2015	1e-09	4e-06	-0.0864663736428844
213	164	2015	1e-09	6e-06	-0.188401290895283
213	164	2015	1e-09	1e-05	0
213	164	2015	1e-09	1.4e-05	-0.000248555549543568
213	164	2015	2.5e-09	0	-0.00198941524110239
213	164	2015	2.5e-09	1e-07	-0.0225171078513119
213	164	2015	2.5e-09	2.5e-07	-0.0865667817970385
213	164	2015	2.5e-09	5e-07	-0.188439111940516
213	164	2015	2.5e-09	1e-06	0
213	164	2015	2.5e-09	2e-06	-0.00109987701918072
213	164	2015	2.5e-09	4e-06	-0.00283480268607633
213	164	2015	2.5e-09	6e-06	-0.0232925230665774
213	164	2015	2.5e-09	1e-05	-0.0871238724990133
213	164	2015	2.5e-09	1.4e-05	-0.188648952991927
213	164	2015	5e-09	0	0
213	164	2015	5e-09	1e-07	-0.00578034999254513
213	164	2015	5e-09	2.5e-07	-0.00748265103636896
213	164	2015	5e-09	5e-07	-0.0275556716979996
213	164	2015	5e-09	1e-06	-0.0901866966697885
213	164	2015	5e-09	2e-06	-0.189802636300597
213	164	2015	5e-09	4e-06	0
213	164	2015	5e-09	6e-06	-0.0302790768638162
213	164	2015	5e-09	1e-05	-0.0318106127447055
213	164	2015	5e-09	1.4e-05	-0.0498700220910482
213	164	2015	7.5e-09	0	-0.106218258702422
213	164	2015	7.5e-09	1e-07	-0.195841293597818
213	164	2015	7.5e-09	2.5e-07	0
213	164	2015	7.5e-09	5e-07	-0.0746944123228194
213	164	2015	7.5e-09	1e-06	-0.075916356932444
213	164	2015	7.5e-09	2e-06	-0.0903251593504146
213	164	2015	7.5e-09	4e-06	-0.135282920280661
213	164	2015	7.5e-09	6e-06	-0.20678916819503
213	164	2015	7.5e-09	1e-05	0
213	164	2015	7.5e-09	1.4e-05	-0.191634289740596
213	164	2015	1e-08	0	-0.192041120269978
213	164	2015	1e-08	1e-07	-0.196838343212243
213	164	2015	1e-08	2.5e-07	-0.211806443676892
213	164	2015	1e-08	5e-07	-0.235613516815899
213	164	2015	1e-08	1e-06	0
213	164	2015	1e-08	2e-06	-0.294137577725266
213	164	2015	1e-08	4e-06	-0.293829922527859
213	164	2015	1e-08	6e-06	-0.290202145198694
213	164	2015	1e-08	1e-05	-0.27888290150712
213	164	2015	1e-08	1.4e-05	-0.260879410477647
39	164	2015	0	0	0
39	164	2015	0	1e-07	0
39	164	2015	0	2.5e-07	0
39	164	2015	0	5e-07	0
39	164	2015	0	1e-06	0
39	164	2015	0	2e-06	0
39	164	2015	0	4e-06	0
39	164	2015	0	6e-06	-3.22069126923452e-11
39	164	2015	0	1e-05	-2.42163281427565e-08
39	164	2015	0	1.4e-05	-3.62941305056097e-06
39	164	2015	1e-09	0	-6.79987961842698e-05
39	164	2015	1e-09	1e-07	-0.000543368873451868
39	164	2015	1e-09	2.5e-07	0
39	164	2015	1e-09	5e-07	-3.14162207359914e-11
39	164	2015	1e-09	1e-06	-2.36219014482231e-08
39	164	2015	1e-09	2e-06	-3.54032354366041e-06
39	164	2015	1e-09	4e-06	-6.632966149553e-05
39	164	2015	1e-09	6e-06	-0.000530031051515749
39	164	2015	1e-09	1e-05	0
39	164	2015	1e-09	1.4e-05	-2.95216295853606e-11
39	164	2015	2.5e-09	0	-2.21971524183573e-08
39	164	2015	2.5e-09	1e-07	-3.32678986637802e-06
39	164	2015	2.5e-09	2.5e-07	-6.23290055258963e-05
39	164	2015	2.5e-09	5e-07	-0.000498062368990446
39	164	2015	2.5e-09	1e-06	0
39	164	2015	2.5e-09	2e-06	-0.0603135894906517
39	164	2015	2.5e-09	4e-06	-0.0603136079900609
39	164	2015	2.5e-09	6e-06	-0.060316365750345
39	164	2015	2.5e-09	1e-05	-0.0603656044859738
39	164	2015	2.5e-09	1.4e-05	-0.0607292342183271
39	164	2015	5e-09	0	0
39	164	2015	5e-09	1e-07	-0.141739291195171
39	164	2015	5e-09	2.5e-07	-0.141739301753435
39	164	2015	5e-09	5e-07	-0.141740875704264
39	164	2015	5e-09	1e-06	-0.141768977983207
39	164	2015	5e-09	2e-06	-0.141976514266177
39	164	2015	5e-09	4e-06	0
39	164	2015	5e-09	6e-06	-0.266471254149157
39	164	2015	5e-09	1e-05	-0.266471252542777
39	164	2015	5e-09	1.4e-05	-0.266471013075066
39	164	2015	7.5e-09	0	-0.266466737472368
39	164	2015	7.5e-09	1e-07	-0.266435162001454
39	164	2015	7.5e-09	2.5e-07	0
39	164	2015	7.5e-09	5e-07	-0.339760636480745
39	164	2015	7.5e-09	1e-06	-0.339760627726724
39	164	2015	7.5e-09	2e-06	-0.339759322739626
39	164	2015	7.5e-09	4e-06	-0.339736022703331
39	164	2015	7.5e-09	6e-06	-0.339563951145165
39	164	2015	7.5e-09	1e-05	0
39	164	2015	7.5e-09	1.4e-05	-0.411163309841385
39	164	2015	1e-08	0	-0.411163294123728
39	164	2015	1e-08	1e-07	-0.411160951047205
39	164	2015	1e-08	2.5e-07	-0.411119116328603
39	164	2015	1e-08	5e-07	-0.410810165513068
39	164	2015	1e-08	1e-06	0
39	164	2015	1e-08	2e-06	-0.442790194068606
39	164	2015	1e-08	4e-06	-0.442790175266496
39	164	2015	1e-08	6e-06	-0.442787372381783
39	164	2015	1e-08	1e-05	-0.442737327967045
39	164	2015	1e-08	1.4e-05	-0.442367748267154
