name	drugA	drugB	concA	concB	experiments
197	164	2015	0	0	1
197	164	2015	0	1e-07	0.998841525
197	164	2015	0	2.5e-07	0.952278786
197	164	2015	0	5e-07	0.955278573
197	164	2015	0	1e-06	0.553654484
197	164	2015	0	2e-06	0.424125291
197	164	2015	0	4e-06	0.986938028
197	164	2015	0	6e-06	0.958135241
197	164	2015	0	1e-05	0.971824517
197	164	2015	0	1.4e-05	0.929842624
197	164	2015	1e-09	0	0.681703372
197	164	2015	1e-09	1e-07	0.400980257
197	164	2015	1e-09	2.5e-07	0.974679847
197	164	2015	1e-09	5e-07	0.98917035
197	164	2015	1e-09	1e-06	0.965142303
197	164	2015	1e-09	2e-06	0.90397238
197	164	2015	1e-09	4e-06	0.572865802
197	164	2015	1e-09	6e-06	0.302192614
197	164	2015	1e-09	1e-05	0.996209055
197	164	2015	1e-09	1.4e-05	0.987008049
197	164	2015	2.5e-09	0	0.959347989
197	164	2015	2.5e-09	1e-07	0.873288086
197	164	2015	2.5e-09	2.5e-07	0.60870238
197	164	2015	2.5e-09	5e-07	0.287751854
197	164	2015	2.5e-09	1e-06	0.975706765
197	164	2015	2.5e-09	2e-06	0.978931909
197	164	2015	2.5e-09	4e-06	0.939733779
197	164	2015	2.5e-09	6e-06	0.819431843
197	164	2015	2.5e-09	1e-05	0.495826583
197	164	2015	2.5e-09	1.4e-05	0.243745705
197	164	2015	5e-09	0	0.993327052
197	164	2015	5e-09	1e-07	0.96482768
197	164	2015	5e-09	2.5e-07	0.932360798
197	164	2015	5e-09	5e-07	0.661540799
197	164	2015	5e-09	1e-06	0.349360252
197	164	2015	5e-09	2e-06	0.226377341
197	164	2015	5e-09	4e-06	0.826100066
197	164	2015	5e-09	6e-06	0.799623995
197	164	2015	5e-09	1e-05	0.58458703
197	164	2015	5e-09	1.4e-05	0.286173005
197	164	2015	7.5e-09	0	0.167066037
197	164	2015	7.5e-09	1e-07	0.146419984
197	164	2015	7.5e-09	2.5e-07	0.664522801
197	164	2015	7.5e-09	5e-07	0.607735133
197	164	2015	7.5e-09	1e-06	0.375771275
197	164	2015	7.5e-09	2e-06	0.175922361
197	164	2015	7.5e-09	4e-06	0.137776396
197	164	2015	7.5e-09	6e-06	0.130006366
197	164	2015	7.5e-09	1e-05	0.383534655
197	164	2015	7.5e-09	1.4e-05	0.301721893
197	164	2015	1e-08	0	0.153798806
197	164	2015	1e-08	1e-07	0.120562207
197	164	2015	1e-08	2.5e-07	0.119352698
197	164	2015	1e-08	5e-07	0.120733174
197	164	2015	1e-08	1e-06	0.318925552
197	164	2015	1e-08	2e-06	0.198264475
197	164	2015	1e-08	4e-06	0.130610244
197	164	2015	1e-08	6e-06	0.120366433
197	164	2015	1e-08	1e-05	0.115822235
197	164	2015	1e-08	1.4e-05	0.117469141
5	164	2015	0	0	1
5	164	2015	0	1e-07	1.021332619
5	164	2015	0	2.5e-07	0.970924187
5	164	2015	0	5e-07	0.96921806
5	164	2015	0	1e-06	0.726471128
5	164	2015	0	2e-06	0.545915371
5	164	2015	0	4e-06	0.974852478
5	164	2015	0	6e-06	0.982980023
5	164	2015	0	1e-05	0.962612306
5	164	2015	0	1.4e-05	0.954724564
5	164	2015	1e-09	0	0.681337794
5	164	2015	1e-09	1e-07	0.554249053
5	164	2015	1e-09	2.5e-07	0.95175298
5	164	2015	1e-09	5e-07	0.952694569
5	164	2015	1e-09	1e-06	0.943445866
5	164	2015	1e-09	2e-06	0.962525296
5	164	2015	1e-09	4e-06	0.726138579
5	164	2015	1e-09	6e-06	0.572528354
5	164	2015	1e-09	1e-05	0.980457937
5	164	2015	1e-09	1.4e-05	0.939947909
5	164	2015	2.5e-09	0	0.947292002
5	164	2015	2.5e-09	1e-07	0.945891522
5	164	2015	2.5e-09	2.5e-07	0.678908751
5	164	2015	2.5e-09	5e-07	0.546607138
5	164	2015	2.5e-09	1e-06	0.920299084
5	164	2015	2.5e-09	2e-06	0.930426046
5	164	2015	2.5e-09	4e-06	0.931067089
5	164	2015	2.5e-09	6e-06	0.918362936
5	164	2015	2.5e-09	1e-05	0.628942487
5	164	2015	2.5e-09	1.4e-05	0.538249042
5	164	2015	5e-09	0	0.937992463
5	164	2015	5e-09	1e-07	0.895995538
5	164	2015	5e-09	2.5e-07	0.910270322
5	164	2015	5e-09	5e-07	0.74047718
5	164	2015	5e-09	1e-06	0.558554421
5	164	2015	5e-09	2e-06	0.524629287
5	164	2015	5e-09	4e-06	0.713213617
5	164	2015	5e-09	6e-06	0.70115735
5	164	2015	5e-09	1e-05	0.610528334
5	164	2015	5e-09	1.4e-05	0.53820484
5	164	2015	7.5e-09	0	0.495024074
5	164	2015	7.5e-09	1e-07	0.45451024
5	164	2015	7.5e-09	2.5e-07	0.587685474
5	164	2015	7.5e-09	5e-07	0.574901125
5	164	2015	7.5e-09	1e-06	0.525738848
5	164	2015	7.5e-09	2e-06	0.490333289
5	164	2015	7.5e-09	4e-06	0.462809796
5	164	2015	7.5e-09	6e-06	0.453229759
5	164	2015	7.5e-09	1e-05	0.508392013
5	164	2015	7.5e-09	1.4e-05	0.491699541
5	164	2015	1e-08	0	0.459999892
5	164	2015	1e-08	1e-07	0.454088551
5	164	2015	1e-08	2.5e-07	0.434452175
5	164	2015	1e-08	5e-07	0.409588557
5	164	2015	1e-08	1e-06	0.483166122
5	164	2015	1e-08	2e-06	0.477269763
5	164	2015	1e-08	4e-06	0.471184437
5	164	2015	1e-08	6e-06	0.44923597
5	164	2015	1e-08	1e-05	0.43996157
5	164	2015	1e-08	1.4e-05	0.418472556
198	164	2015	0	0	1
198	164	2015	0	1e-07	1.017309055
198	164	2015	0	2.5e-07	0.957560246
198	164	2015	0	5e-07	0.496280912
198	164	2015	0	1e-06	0.085117442
198	164	2015	0	2e-06	0.032850994
198	164	2015	0	4e-06	0.981825458
198	164	2015	0	6e-06	1.048549547
198	164	2015	0	1e-05	1.008806016
198	164	2015	0	1.4e-05	0.643649212
198	164	2015	1e-09	0	0.104768402
198	164	2015	1e-09	1e-07	0.028161764
198	164	2015	1e-09	2.5e-07	0.981954498
198	164	2015	1e-09	5e-07	1.023956405
198	164	2015	1e-09	1e-06	1.011181271
198	164	2015	1e-09	2e-06	0.471619403
198	164	2015	1e-09	4e-06	0.057069178
198	164	2015	1e-09	6e-06	0.027345554
198	164	2015	1e-09	1e-05	1.026847422
198	164	2015	1e-09	1.4e-05	1.01907753
198	164	2015	2.5e-09	0	0.913275002
198	164	2015	2.5e-09	1e-07	0.353838164
198	164	2015	2.5e-09	2.5e-07	0.03999672
198	164	2015	2.5e-09	5e-07	0.023498729
198	164	2015	2.5e-09	1e-06	0.999179591
198	164	2015	2.5e-09	2e-06	0.988960491
198	164	2015	2.5e-09	4e-06	0.815149164
198	164	2015	2.5e-09	6e-06	0.107578416
198	164	2015	2.5e-09	1e-05	0.027426682
198	164	2015	2.5e-09	1.4e-05	0.025762928
198	164	2015	5e-09	0	0.838783193
198	164	2015	5e-09	1e-07	0.893871669
198	164	2015	5e-09	2.5e-07	0.31972023
198	164	2015	5e-09	5e-07	0.030142188
198	164	2015	5e-09	1e-06	0.024250987
198	164	2015	5e-09	2e-06	0.022516707
198	164	2015	5e-09	4e-06	0.389649918
198	164	2015	5e-09	6e-06	0.348712349
198	164	2015	5e-09	1e-05	0.035176888
198	164	2015	5e-09	1.4e-05	0.027383776
198	164	2015	7.5e-09	0	0.019054747
198	164	2015	7.5e-09	1e-07	0.022354321
198	164	2015	7.5e-09	2.5e-07	0.140406478
198	164	2015	7.5e-09	5e-07	0.099838324
198	164	2015	7.5e-09	1e-06	0.023097999
198	164	2015	7.5e-09	2e-06	0.024370849
198	164	2015	7.5e-09	4e-06	0.02290696
198	164	2015	7.5e-09	6e-06	0.022634304
198	164	2015	7.5e-09	1e-05	0.060972596
198	164	2015	7.5e-09	1.4e-05	0.033925144
198	164	2015	1e-08	0	0.027298015
198	164	2015	1e-08	1e-07	0.027954095
198	164	2015	1e-08	2.5e-07	0.025505671
198	164	2015	1e-08	5e-07	0.031014534
198	164	2015	1e-08	1e-06	0.037807838
198	164	2015	1e-08	2e-06	0.035530795
198	164	2015	1e-08	4e-06	0.027104907
198	164	2015	1e-08	6e-06	0.027209476
198	164	2015	1e-08	1e-05	0.02728236
198	164	2015	1e-08	1.4e-05	0.029062587
94	164	2015	0	0	1
94	164	2015	0	1e-07	1.018087737
94	164	2015	0	2.5e-07	0.986642124
94	164	2015	0	5e-07	1.03087975
94	164	2015	0	1e-06	0.946221445
94	164	2015	0	2e-06	0.759740521
94	164	2015	0	4e-06	0.98091584
94	164	2015	0	6e-06	1.038225421
94	164	2015	0	1e-05	1.016267457
94	164	2015	0	1.4e-05	1.032998678
94	164	2015	1e-09	0	0.974259545
94	164	2015	1e-09	1e-07	0.915350194
94	164	2015	1e-09	2.5e-07	1.033490497
94	164	2015	1e-09	5e-07	1.029594346
94	164	2015	1e-09	1e-06	1.020174733
94	164	2015	1e-09	2e-06	0.981150053
94	164	2015	1e-09	4e-06	1.006039006
94	164	2015	1e-09	6e-06	0.929305136
94	164	2015	1e-09	1e-05	0.982692474
94	164	2015	1e-09	1.4e-05	1.000646399
94	164	2015	2.5e-09	0	1.009379069
94	164	2015	2.5e-09	1e-07	1.043798817
94	164	2015	2.5e-09	2.5e-07	1.006702097
94	164	2015	2.5e-09	5e-07	0.768016708
94	164	2015	2.5e-09	1e-06	1.041192816
94	164	2015	2.5e-09	2e-06	1.027550897
94	164	2015	2.5e-09	4e-06	1.028632913
94	164	2015	2.5e-09	6e-06	1.007140048
94	164	2015	2.5e-09	1e-05	0.760602514
94	164	2015	2.5e-09	1.4e-05	0.529445217
94	164	2015	5e-09	0	1.015768298
94	164	2015	5e-09	1e-07	1.044998653
94	164	2015	5e-09	2.5e-07	1.014447126
94	164	2015	5e-09	5e-07	0.768794221
94	164	2015	5e-09	1e-06	0.513398966
94	164	2015	5e-09	2e-06	0.37881958
94	164	2015	5e-09	4e-06	0.677019887
94	164	2015	5e-09	6e-06	0.724682166
94	164	2015	5e-09	1e-05	0.611864894
94	164	2015	5e-09	1.4e-05	0.372776394
94	164	2015	7.5e-09	0	0.286189777
94	164	2015	7.5e-09	1e-07	0.268753217
94	164	2015	7.5e-09	2.5e-07	0.377123519
94	164	2015	7.5e-09	5e-07	0.38349285
94	164	2015	7.5e-09	1e-06	0.347488074
94	164	2015	7.5e-09	2e-06	0.252197529
94	164	2015	7.5e-09	4e-06	0.223526067
94	164	2015	7.5e-09	6e-06	0.237931828
94	164	2015	7.5e-09	1e-05	0.226795174
94	164	2015	7.5e-09	1.4e-05	0.266229931
94	164	2015	1e-08	0	0.220304506
94	164	2015	1e-08	1e-07	0.193430533
94	164	2015	1e-08	2.5e-07	0.197836949
94	164	2015	1e-08	5e-07	0.179020816
94	164	2015	1e-08	1e-06	0.217993865
94	164	2015	1e-08	2e-06	0.237736322
94	164	2015	1e-08	4e-06	0.229007755
94	164	2015	1e-08	6e-06	0.192033427
94	164	2015	1e-08	1e-05	0.182665694
94	164	2015	1e-08	1.4e-05	0.186678732
199	164	2015	0	0	1
199	164	2015	0	1e-07	1.011093209
199	164	2015	0	2.5e-07	0.950534531
199	164	2015	0	5e-07	0.786842861
199	164	2015	0	1e-06	0.137397094
199	164	2015	0	2e-06	0.059929135
199	164	2015	0	4e-06	1.034666318
199	164	2015	0	6e-06	1.020471807
199	164	2015	0	1e-05	1.045959381
199	164	2015	0	1.4e-05	0.770590374
199	164	2015	1e-09	0	0.16263182
199	164	2015	1e-09	1e-07	0.044183646
199	164	2015	1e-09	2.5e-07	1.027465687
199	164	2015	1e-09	5e-07	0.984497626
199	164	2015	1e-09	1e-06	1.014278215
199	164	2015	1e-09	2e-06	0.526589647
199	164	2015	1e-09	4e-06	0.06135813
199	164	2015	1e-09	6e-06	0.031008152
199	164	2015	1e-09	1e-05	1.004992172
199	164	2015	1e-09	1.4e-05	0.978272592
199	164	2015	2.5e-09	0	0.866940229
199	164	2015	2.5e-09	1e-07	0.245474213
199	164	2015	2.5e-09	2.5e-07	0.045548664
199	164	2015	2.5e-09	5e-07	0.032748839
199	164	2015	2.5e-09	1e-06	1.004416733
199	164	2015	2.5e-09	2e-06	0.873649366
199	164	2015	2.5e-09	4e-06	0.453634446
199	164	2015	2.5e-09	6e-06	0.078901051
199	164	2015	2.5e-09	1e-05	0.038984201
199	164	2015	2.5e-09	1.4e-05	0.032086924
199	164	2015	5e-09	0	0.699392135
199	164	2015	5e-09	1e-07	0.515014059
199	164	2015	5e-09	2.5e-07	0.170306621
199	164	2015	5e-09	5e-07	0.041133533
199	164	2015	5e-09	1e-06	0.027170849
199	164	2015	5e-09	2e-06	0.029036717
199	164	2015	5e-09	4e-06	0.320371293
199	164	2015	5e-09	6e-06	0.137801716
199	164	2015	5e-09	1e-05	0.038849352
199	164	2015	5e-09	1.4e-05	0.028847694
199	164	2015	7.5e-09	0	0.029525042
199	164	2015	7.5e-09	1e-07	0.027292048
199	164	2015	7.5e-09	2.5e-07	0.140033171
199	164	2015	7.5e-09	5e-07	0.060981674
199	164	2015	7.5e-09	1e-06	0.026480668
199	164	2015	7.5e-09	2e-06	0.026561126
199	164	2015	7.5e-09	4e-06	0.029685105
199	164	2015	7.5e-09	6e-06	0.032906787
199	164	2015	7.5e-09	1e-05	0.046087395
199	164	2015	7.5e-09	1.4e-05	0.040364999
199	164	2015	1e-08	0	0.03101708
199	164	2015	1e-08	1e-07	0.032920479
199	164	2015	1e-08	2.5e-07	0.035248166
199	164	2015	1e-08	5e-07	0.032330793
199	164	2015	1e-08	1e-06	0.038094138
199	164	2015	1e-08	2e-06	0.036268243
199	164	2015	1e-08	4e-06	0.033426002
199	164	2015	1e-08	6e-06	0.036723284
199	164	2015	1e-08	1e-05	0.036765068
199	164	2015	1e-08	1.4e-05	0.040229306
200	164	2015	0	0	1
200	164	2015	0	1e-07	0.994434602
200	164	2015	0	2.5e-07	0.961644222
200	164	2015	0	5e-07	0.804745848
200	164	2015	0	1e-06	0.28981587
200	164	2015	0	2e-06	0.175910173
200	164	2015	0	4e-06	0.95203213
200	164	2015	0	6e-06	0.908055745
200	164	2015	0	1e-05	0.980844156
200	164	2015	0	1.4e-05	0.741118173
200	164	2015	1e-09	0	0.156879062
200	164	2015	1e-09	1e-07	0.107944951
200	164	2015	1e-09	2.5e-07	0.980075713
200	164	2015	1e-09	5e-07	0.924637215
200	164	2015	1e-09	1e-06	0.892465261
200	164	2015	1e-09	2e-06	0.715140534
200	164	2015	1e-09	4e-06	0.184695186
200	164	2015	1e-09	6e-06	0.084756183
200	164	2015	1e-09	1e-05	0.905697262
200	164	2015	1e-09	1.4e-05	0.888801857
200	164	2015	2.5e-09	0	0.857925683
200	164	2015	2.5e-09	1e-07	0.522583523
200	164	2015	2.5e-09	2.5e-07	0.089977399
200	164	2015	2.5e-09	5e-07	0.082525509
200	164	2015	2.5e-09	1e-06	0.893739922
200	164	2015	2.5e-09	2e-06	0.907794584
200	164	2015	2.5e-09	4e-06	0.779814457
200	164	2015	2.5e-09	6e-06	0.266699044
200	164	2015	2.5e-09	1e-05	0.079282717
200	164	2015	2.5e-09	1.4e-05	0.070102806
200	164	2015	5e-09	0	0.765069132
200	164	2015	5e-09	1e-07	0.774004639
200	164	2015	5e-09	2.5e-07	0.46796594
200	164	2015	5e-09	5e-07	0.094437429
200	164	2015	5e-09	1e-06	0.066608546
200	164	2015	5e-09	2e-06	0.064572378
200	164	2015	5e-09	4e-06	0.208181067
200	164	2015	5e-09	6e-06	0.131542607
200	164	2015	5e-09	1e-05	0.081339666
200	164	2015	5e-09	1.4e-05	0.061415492
200	164	2015	7.5e-09	0	0.059110406
200	164	2015	7.5e-09	1e-07	0.063832592
200	164	2015	7.5e-09	2.5e-07	0.087540119
200	164	2015	7.5e-09	5e-07	0.07849556
200	164	2015	7.5e-09	1e-06	0.069967157
200	164	2015	7.5e-09	2e-06	0.056027791
200	164	2015	7.5e-09	4e-06	0.062799015
200	164	2015	7.5e-09	6e-06	0.05812701
200	164	2015	7.5e-09	1e-05	0.069107881
200	164	2015	7.5e-09	1.4e-05	0.05864521
200	164	2015	1e-08	0	0.052332168
200	164	2015	1e-08	1e-07	0.051804972
200	164	2015	1e-08	2.5e-07	0.055538948
200	164	2015	1e-08	5e-07	0.053959576
200	164	2015	1e-08	1e-06	0.058164732
200	164	2015	1e-08	2e-06	0.050204987
200	164	2015	1e-08	4e-06	0.041159152
200	164	2015	1e-08	6e-06	0.040071776
200	164	2015	1e-08	1e-05	0.040496806
200	164	2015	1e-08	1.4e-05	0.043531381
201	164	2015	0	0	1
201	164	2015	0	1e-07	1.024682687
201	164	2015	0	2.5e-07	1.067721263
201	164	2015	0	5e-07	0.939261778
201	164	2015	0	1e-06	0.608992607
201	164	2015	0	2e-06	0.518513483
201	164	2015	0	4e-06	0.989244664
201	164	2015	0	6e-06	1.090132841
201	164	2015	0	1e-05	1.084028707
201	164	2015	0	1.4e-05	1.062433186
201	164	2015	1e-09	0	0.825924728
201	164	2015	1e-09	1e-07	0.61085346
201	164	2015	1e-09	2.5e-07	1.039406208
201	164	2015	1e-09	5e-07	1.093090581
201	164	2015	1e-09	1e-06	1.059835057
201	164	2015	1e-09	2e-06	1.033801156
201	164	2015	1e-09	4e-06	0.787725133
201	164	2015	1e-09	6e-06	0.613107005
201	164	2015	1e-09	1e-05	0.988086536
201	164	2015	1e-09	1.4e-05	1.033339207
201	164	2015	2.5e-09	0	0.985616606
201	164	2015	2.5e-09	1e-07	0.989868465
201	164	2015	2.5e-09	2.5e-07	0.670658255
201	164	2015	2.5e-09	5e-07	0.569868473
201	164	2015	2.5e-09	1e-06	0.920120622
201	164	2015	2.5e-09	2e-06	0.989825986
201	164	2015	2.5e-09	4e-06	0.977867841
201	164	2015	2.5e-09	6e-06	0.864627437
201	164	2015	2.5e-09	1e-05	0.6136578
201	164	2015	2.5e-09	1.4e-05	0.510372342
201	164	2015	5e-09	0	0.833569696
201	164	2015	5e-09	1e-07	0.890020815
201	164	2015	5e-09	2.5e-07	0.861350013
201	164	2015	5e-09	5e-07	0.578740243
201	164	2015	5e-09	1e-06	0.470272031
201	164	2015	5e-09	2e-06	0.469058939
201	164	2015	5e-09	4e-06	0.774337993
201	164	2015	5e-09	6e-06	0.793406831
201	164	2015	5e-09	1e-05	0.770673027
201	164	2015	5e-09	1.4e-05	0.522143083
201	164	2015	7.5e-09	0	0.46577597
201	164	2015	7.5e-09	1e-07	0.445817441
201	164	2015	7.5e-09	2.5e-07	0.715884201
201	164	2015	7.5e-09	5e-07	0.74818254
201	164	2015	7.5e-09	1e-06	0.684382901
201	164	2015	7.5e-09	2e-06	0.491603942
201	164	2015	7.5e-09	4e-06	0.427809399
201	164	2015	7.5e-09	6e-06	0.427076391
201	164	2015	7.5e-09	1e-05	0.623636014
201	164	2015	7.5e-09	1.4e-05	0.643631992
201	164	2015	1e-08	0	0.569690488
201	164	2015	1e-08	1e-07	0.434216301
201	164	2015	1e-08	2.5e-07	0.440836957
201	164	2015	1e-08	5e-07	0.42454445
201	164	2015	1e-08	1e-06	0.504875568
201	164	2015	1e-08	2e-06	0.542010823
201	164	2015	1e-08	4e-06	0.413683508
201	164	2015	1e-08	6e-06	0.389209135
201	164	2015	1e-08	1e-05	0.381687026
201	164	2015	1e-08	1.4e-05	0.390907721
202	164	2015	0	0	1
202	164	2015	0	1e-07	0.968756309
202	164	2015	0	2.5e-07	1.020238321
202	164	2015	0	5e-07	0.964355675
202	164	2015	0	1e-06	0.896780449
202	164	2015	0	2e-06	0.89478699
202	164	2015	0	4e-06	0.953255617
202	164	2015	0	6e-06	0.993294143
202	164	2015	0	1e-05	0.998407029
202	164	2015	0	1.4e-05	0.959576671
202	164	2015	1e-09	0	0.956828705
202	164	2015	1e-09	1e-07	0.888915821
202	164	2015	1e-09	2.5e-07	0.964158887
202	164	2015	1e-09	5e-07	0.977762463
202	164	2015	1e-09	1e-06	0.973194263
202	164	2015	1e-09	2e-06	0.992793758
202	164	2015	1e-09	4e-06	0.945052776
202	164	2015	1e-09	6e-06	0.948937845
202	164	2015	1e-09	1e-05	0.933951109
202	164	2015	1e-09	1.4e-05	0.959896763
202	164	2015	2.5e-09	0	0.984495518
202	164	2015	2.5e-09	1e-07	0.977308665
202	164	2015	2.5e-09	2.5e-07	0.931796844
202	164	2015	2.5e-09	5e-07	0.90090179
202	164	2015	2.5e-09	1e-06	0.916323255
202	164	2015	2.5e-09	2e-06	0.986821881
202	164	2015	2.5e-09	4e-06	0.957383398
202	164	2015	2.5e-09	6e-06	0.929050857
202	164	2015	2.5e-09	1e-05	0.909546716
202	164	2015	2.5e-09	1.4e-05	0.837809785
202	164	2015	5e-09	0	0.838088468
202	164	2015	5e-09	1e-07	0.820557334
202	164	2015	5e-09	2.5e-07	0.856214889
202	164	2015	5e-09	5e-07	0.754049569
202	164	2015	5e-09	1e-06	0.72584674
202	164	2015	5e-09	2e-06	0.720388877
202	164	2015	5e-09	4e-06	0.685501429
202	164	2015	5e-09	6e-06	0.82279757
202	164	2015	5e-09	1e-05	0.748347739
202	164	2015	5e-09	1.4e-05	0.691615136
202	164	2015	7.5e-09	0	0.667030071
202	164	2015	7.5e-09	1e-07	0.645276979
202	164	2015	7.5e-09	2.5e-07	0.659239792
202	164	2015	7.5e-09	5e-07	0.67652944
202	164	2015	7.5e-09	1e-06	0.646833162
202	164	2015	7.5e-09	2e-06	0.652554148
202	164	2015	7.5e-09	4e-06	0.599426002
202	164	2015	7.5e-09	6e-06	0.580054062
202	164	2015	7.5e-09	1e-05	0.693983458
202	164	2015	7.5e-09	1.4e-05	0.656177136
202	164	2015	1e-08	0	0.628404393
202	164	2015	1e-08	1e-07	0.583351545
202	164	2015	1e-08	2.5e-07	0.541654123
202	164	2015	1e-08	5e-07	0.552312505
202	164	2015	1e-08	1e-06	0.576942423
202	164	2015	1e-08	2e-06	0.548475109
202	164	2015	1e-08	4e-06	0.528838213
202	164	2015	1e-08	6e-06	0.538450515
202	164	2015	1e-08	1e-05	0.517987096
202	164	2015	1e-08	1.4e-05	0.562909417
203	164	2015	0	0	1
203	164	2015	0	1e-07	0.999722015
203	164	2015	0	2.5e-07	1.014342942
203	164	2015	0	5e-07	0.989749234
203	164	2015	0	1e-06	0.977858501
203	164	2015	0	2e-06	1.017767784
203	164	2015	0	4e-06	0.991320123
203	164	2015	0	6e-06	0.990655729
203	164	2015	0	1e-05	0.978942792
203	164	2015	0	1.4e-05	0.982140208
203	164	2015	1e-09	0	0.99436814
203	164	2015	1e-09	1e-07	0.967160635
203	164	2015	1e-09	2.5e-07	0.987265528
203	164	2015	1e-09	5e-07	0.975322751
203	164	2015	1e-09	1e-06	0.958203629
203	164	2015	1e-09	2e-06	0.980584276
203	164	2015	1e-09	4e-06	0.950312032
203	164	2015	1e-09	6e-06	0.984737252
203	164	2015	1e-09	1e-05	0.979751028
203	164	2015	1e-09	1.4e-05	0.93198163
203	164	2015	2.5e-09	0	0.938890818
203	164	2015	2.5e-09	1e-07	0.926202586
203	164	2015	2.5e-09	2.5e-07	0.917326084
203	164	2015	2.5e-09	5e-07	0.901685255
203	164	2015	2.5e-09	1e-06	0.915650748
203	164	2015	2.5e-09	2e-06	0.917143456
203	164	2015	2.5e-09	4e-06	0.902412495
203	164	2015	2.5e-09	6e-06	0.881536552
203	164	2015	2.5e-09	1e-05	0.849741694
203	164	2015	2.5e-09	1.4e-05	0.751698858
203	164	2015	5e-09	0	0.870305258
203	164	2015	5e-09	1e-07	0.845148282
203	164	2015	5e-09	2.5e-07	0.806492776
203	164	2015	5e-09	5e-07	0.69533307
203	164	2015	5e-09	1e-06	0.588366477
203	164	2015	5e-09	2e-06	0.450353291
203	164	2015	5e-09	4e-06	0.536923347
203	164	2015	5e-09	6e-06	0.496303727
203	164	2015	5e-09	1e-05	0.368382339
203	164	2015	5e-09	1.4e-05	0.243815063
203	164	2015	7.5e-09	0	0.235637638
203	164	2015	7.5e-09	1e-07	0.217547019
203	164	2015	7.5e-09	2.5e-07	0.441942272
203	164	2015	7.5e-09	5e-07	0.373928434
203	164	2015	7.5e-09	1e-06	0.284547631
203	164	2015	7.5e-09	2e-06	0.232443741
203	164	2015	7.5e-09	4e-06	0.212345238
203	164	2015	7.5e-09	6e-06	0.218123605
203	164	2015	7.5e-09	1e-05	0.380038176
203	164	2015	7.5e-09	1.4e-05	0.341552797
203	164	2015	1e-08	0	0.249361202
203	164	2015	1e-08	1e-07	0.215899024
203	164	2015	1e-08	2.5e-07	0.218220107
203	164	2015	1e-08	5e-07	0.226286856
203	164	2015	1e-08	1e-06	0.374263138
203	164	2015	1e-08	2e-06	0.299619501
203	164	2015	1e-08	4e-06	0.265197741
203	164	2015	1e-08	6e-06	0.242006654
203	164	2015	1e-08	1e-05	0.228619987
203	164	2015	1e-08	1.4e-05	0.235317681
16	164	2015	0	0	1
16	164	2015	0	1e-07	0.994909977
16	164	2015	0	2.5e-07	0.705098768
16	164	2015	0	5e-07	0.037752564
16	164	2015	0	1e-06	0.033534906
16	164	2015	0	2e-06	0.0357429
16	164	2015	0	4e-06	0.95628387
16	164	2015	0	6e-06	0.973919776
16	164	2015	0	1e-05	0.59099044
16	164	2015	0	1.4e-05	0.030996822
16	164	2015	1e-09	0	0.03603435
16	164	2015	1e-09	1e-07	0.039384567
16	164	2015	1e-09	2.5e-07	0.956514639
16	164	2015	1e-09	5e-07	0.913258789
16	164	2015	1e-09	1e-06	0.576532713
16	164	2015	1e-09	2e-06	0.032540866
16	164	2015	1e-09	4e-06	0.037002132
16	164	2015	1e-09	6e-06	0.036712143
16	164	2015	1e-09	1e-05	0.946628697
16	164	2015	1e-09	1.4e-05	0.931584317
16	164	2015	2.5e-09	0	0.308881803
16	164	2015	2.5e-09	1e-07	0.029835374
16	164	2015	2.5e-09	2.5e-07	0.038785086
16	164	2015	2.5e-09	5e-07	0.043159192
16	164	2015	2.5e-09	1e-06	0.943721298
16	164	2015	2.5e-09	2e-06	0.924163037
16	164	2015	2.5e-09	4e-06	0.078835668
16	164	2015	2.5e-09	6e-06	0.030857747
16	164	2015	2.5e-09	1e-05	0.036410252
16	164	2015	2.5e-09	1.4e-05	0.044800403
16	164	2015	5e-09	0	0.921476198
16	164	2015	5e-09	1e-07	0.549329
16	164	2015	5e-09	2.5e-07	0.030585072
16	164	2015	5e-09	5e-07	0.032222654
16	164	2015	5e-09	1e-06	0.041935209
16	164	2015	5e-09	2e-06	0.044580963
16	164	2015	5e-09	4e-06	0.586374224
16	164	2015	5e-09	6e-06	0.057093021
16	164	2015	5e-09	1e-05	0.029908575
16	164	2015	5e-09	1.4e-05	0.038648078
16	164	2015	7.5e-09	0	0.039886736
16	164	2015	7.5e-09	1e-07	0.046882062
16	164	2015	7.5e-09	2.5e-07	0.208170606
16	164	2015	7.5e-09	5e-07	0.03474385
16	164	2015	7.5e-09	1e-06	0.027707208
16	164	2015	7.5e-09	2e-06	0.038771047
16	164	2015	7.5e-09	4e-06	0.04390431
16	164	2015	7.5e-09	6e-06	0.05134612
16	164	2015	7.5e-09	1e-05	0.08198107
16	164	2015	7.5e-09	1.4e-05	0.030733442
16	164	2015	1e-08	0	0.026406373
16	164	2015	1e-08	1e-07	0.036139092
16	164	2015	1e-08	2.5e-07	0.045406281
16	164	2015	1e-08	5e-07	0.046750528
16	164	2015	1e-08	1e-06	0.059004988
16	164	2015	1e-08	2e-06	0.029626701
16	164	2015	1e-08	4e-06	0.028543761
16	164	2015	1e-08	6e-06	0.03301705
16	164	2015	1e-08	1e-05	0.044831891
16	164	2015	1e-08	1.4e-05	0.044069791
116	164	2015	0	0	1
116	164	2015	0	1e-07	0.971641086
116	164	2015	0	2.5e-07	0.916997753
116	164	2015	0	5e-07	0.926529614
116	164	2015	0	1e-06	0.879409273
116	164	2015	0	2e-06	0.787066949
116	164	2015	0	4e-06	0.966355235
116	164	2015	0	6e-06	0.973493733
116	164	2015	0	1e-05	0.970546614
116	164	2015	0	1.4e-05	0.96173308
116	164	2015	1e-09	0	0.929095366
116	164	2015	1e-09	1e-07	0.799125261
116	164	2015	1e-09	2.5e-07	0.98535749
116	164	2015	1e-09	5e-07	0.979582468
116	164	2015	1e-09	1e-06	0.964244645
116	164	2015	1e-09	2e-06	0.958820573
116	164	2015	1e-09	4e-06	0.869893679
116	164	2015	1e-09	6e-06	0.681850143
116	164	2015	1e-09	1e-05	0.972097233
116	164	2015	1e-09	1.4e-05	0.963686688
116	164	2015	2.5e-09	0	0.956367184
116	164	2015	2.5e-09	1e-07	0.926047054
116	164	2015	2.5e-09	2.5e-07	0.771387896
116	164	2015	2.5e-09	5e-07	0.587074845
116	164	2015	2.5e-09	1e-06	0.933390345
116	164	2015	2.5e-09	2e-06	0.903729037
116	164	2015	2.5e-09	4e-06	0.858013736
116	164	2015	2.5e-09	6e-06	0.786467008
116	164	2015	2.5e-09	1e-05	0.580583664
116	164	2015	2.5e-09	1.4e-05	0.439227317
116	164	2015	5e-09	0	0.797350432
116	164	2015	5e-09	1e-07	0.776762465
116	164	2015	5e-09	2.5e-07	0.682644502
116	164	2015	5e-09	5e-07	0.464787492
116	164	2015	5e-09	1e-06	0.343939568
116	164	2015	5e-09	2e-06	0.285309174
116	164	2015	5e-09	4e-06	0.471777066
116	164	2015	5e-09	6e-06	0.425660688
116	164	2015	5e-09	1e-05	0.329119825
116	164	2015	5e-09	1.4e-05	0.288991529
116	164	2015	7.5e-09	0	0.241292566
116	164	2015	7.5e-09	1e-07	0.24533482
116	164	2015	7.5e-09	2.5e-07	0.369617998
116	164	2015	7.5e-09	5e-07	0.304787542
116	164	2015	7.5e-09	1e-06	0.256189237
116	164	2015	7.5e-09	2e-06	0.263543714
116	164	2015	7.5e-09	4e-06	0.247925059
116	164	2015	7.5e-09	6e-06	0.232022773
116	164	2015	7.5e-09	1e-05	0.281998598
116	164	2015	7.5e-09	1.4e-05	0.293358058
116	164	2015	1e-08	0	0.227192567
116	164	2015	1e-08	1e-07	0.227676486
116	164	2015	1e-08	2.5e-07	0.238771648
116	164	2015	1e-08	5e-07	0.242510918
116	164	2015	1e-08	1e-06	0.280996465
116	164	2015	1e-08	2e-06	0.258625165
116	164	2015	1e-08	4e-06	0.227828891
116	164	2015	1e-08	6e-06	0.235233593
116	164	2015	1e-08	1e-05	0.251394014
116	164	2015	1e-08	1.4e-05	0.226880618
20	164	2015	0	0	1
20	164	2015	0	1e-07	0.992356692
20	164	2015	0	2.5e-07	1.03453699
20	164	2015	0	5e-07	0.981901795
20	164	2015	0	1e-06	0.806247091
20	164	2015	0	2e-06	0.494916412
20	164	2015	0	4e-06	1.061369158
20	164	2015	0	6e-06	1.0475384
20	164	2015	0	1e-05	1.023253933
20	164	2015	0	1.4e-05	1.032909271
20	164	2015	1e-09	0	0.837985669
20	164	2015	1e-09	1e-07	0.539299317
20	164	2015	1e-09	2.5e-07	1.077288876
20	164	2015	1e-09	5e-07	1.068126492
20	164	2015	1e-09	1e-06	1.031416694
20	164	2015	1e-09	2e-06	1.028940293
20	164	2015	1e-09	4e-06	0.721079434
20	164	2015	1e-09	6e-06	0.454235258
20	164	2015	1e-09	1e-05	1.039765145
20	164	2015	1e-09	1.4e-05	1.045777699
20	164	2015	2.5e-09	0	1.048729548
20	164	2015	2.5e-09	1e-07	0.999591194
20	164	2015	2.5e-09	2.5e-07	0.716279911
20	164	2015	2.5e-09	5e-07	0.47146871
20	164	2015	2.5e-09	1e-06	1.090525093
20	164	2015	2.5e-09	2e-06	1.0581097
20	164	2015	2.5e-09	4e-06	1.074397167
20	164	2015	2.5e-09	6e-06	0.957416853
20	164	2015	2.5e-09	1e-05	0.674832354
20	164	2015	2.5e-09	1.4e-05	0.455295095
20	164	2015	5e-09	0	1.033487559
20	164	2015	5e-09	1e-07	1.020582259
20	164	2015	5e-09	2.5e-07	1.011503599
20	164	2015	5e-09	5e-07	0.697320378
20	164	2015	5e-09	1e-06	0.448724614
20	164	2015	5e-09	2e-06	0.404170912
20	164	2015	5e-09	4e-06	0.949904235
20	164	2015	5e-09	6e-06	0.864679237
20	164	2015	5e-09	1e-05	0.46663247
20	164	2015	5e-09	1.4e-05	0.277984318
20	164	2015	7.5e-09	0	0.235700895
20	164	2015	7.5e-09	1e-07	0.22487347
20	164	2015	7.5e-09	2.5e-07	0.447260093
20	164	2015	7.5e-09	5e-07	0.326600558
20	164	2015	7.5e-09	1e-06	0.222483616
20	164	2015	7.5e-09	2e-06	0.170399145
20	164	2015	7.5e-09	4e-06	0.152806387
20	164	2015	7.5e-09	6e-06	0.134660002
20	164	2015	7.5e-09	1e-05	0.145627713
20	164	2015	7.5e-09	1.4e-05	0.173405089
20	164	2015	1e-08	0	0.147790099
20	164	2015	1e-08	1e-07	0.112370705
20	164	2015	1e-08	2.5e-07	0.105962163
20	164	2015	1e-08	5e-07	0.102635989
20	164	2015	1e-08	1e-06	0.133644497
20	164	2015	1e-08	2e-06	0.164671143
20	164	2015	1e-08	4e-06	0.142387316
20	164	2015	1e-08	6e-06	0.100674322
20	164	2015	1e-08	1e-05	0.095189982
20	164	2015	1e-08	1.4e-05	0.080023779
23	164	2015	0	0	1
23	164	2015	0	1e-07	0.991162606
23	164	2015	0	2.5e-07	0.819294828
23	164	2015	0	5e-07	0.117574728
23	164	2015	0	1e-06	0.095870899
23	164	2015	0	2e-06	0.095598186
23	164	2015	0	4e-06	1.043979107
23	164	2015	0	6e-06	1.005560466
23	164	2015	0	1e-05	0.646158203
23	164	2015	0	1.4e-05	0.10626691
23	164	2015	1e-09	0	0.096364634
23	164	2015	1e-09	1e-07	0.096749756
23	164	2015	1e-09	2.5e-07	1.034868492
23	164	2015	1e-09	5e-07	1.018518234
23	164	2015	1e-09	1e-06	0.675892118
23	164	2015	1e-09	2e-06	0.10787248
23	164	2015	1e-09	4e-06	0.091458674
23	164	2015	1e-09	6e-06	0.095583431
23	164	2015	1e-09	1e-05	1.003150688
23	164	2015	1e-09	1.4e-05	0.987792698
23	164	2015	2.5e-09	0	0.343646062
23	164	2015	2.5e-09	1e-07	0.09563508
23	164	2015	2.5e-09	2.5e-07	0.093088394
23	164	2015	2.5e-09	5e-07	0.091015183
23	164	2015	2.5e-09	1e-06	0.997673314
23	164	2015	2.5e-09	2e-06	0.917524812
23	164	2015	2.5e-09	4e-06	0.160972688
23	164	2015	2.5e-09	6e-06	0.085337097
23	164	2015	2.5e-09	1e-05	0.094126682
23	164	2015	2.5e-09	1.4e-05	0.091460401
23	164	2015	5e-09	0	0.943051312
23	164	2015	5e-09	1e-07	0.637627687
23	164	2015	5e-09	2.5e-07	0.099074942
23	164	2015	5e-09	5e-07	0.086862185
23	164	2015	5e-09	1e-06	0.092181259
23	164	2015	5e-09	2e-06	0.090710495
23	164	2015	5e-09	4e-06	0.541480105
23	164	2015	5e-09	6e-06	0.121511129
23	164	2015	5e-09	1e-05	0.079043513
23	164	2015	5e-09	1.4e-05	0.087856728
23	164	2015	7.5e-09	0	0.092330509
23	164	2015	7.5e-09	1e-07	0.091832585
23	164	2015	7.5e-09	2.5e-07	0.251662995
23	164	2015	7.5e-09	5e-07	0.075447562
23	164	2015	7.5e-09	1e-06	0.081004118
23	164	2015	7.5e-09	2e-06	0.082110312
23	164	2015	7.5e-09	4e-06	0.07914553
23	164	2015	7.5e-09	6e-06	0.088358828
23	164	2015	7.5e-09	1e-05	0.109045421
23	164	2015	7.5e-09	1.4e-05	0.082867446
23	164	2015	1e-08	0	0.094575975
23	164	2015	1e-08	1e-07	0.09482592
23	164	2015	1e-08	2.5e-07	0.087346209
23	164	2015	1e-08	5e-07	0.08294082
23	164	2015	1e-08	1e-06	0.09501998
23	164	2015	1e-08	2e-06	0.086704422
23	164	2015	1e-08	4e-06	0.098407442
23	164	2015	1e-08	6e-06	0.091566756
23	164	2015	1e-08	1e-05	0.086090778
23	164	2015	1e-08	1.4e-05	0.0892551
204	164	2015	0	0	1
204	164	2015	0	1e-07	1.011186172
204	164	2015	0	2.5e-07	0.912323276
204	164	2015	0	5e-07	0.128408797
204	164	2015	0	1e-06	0.067698353
204	164	2015	0	2e-06	0.066756976
204	164	2015	0	4e-06	0.98980017
204	164	2015	0	6e-06	0.992787706
204	164	2015	0	1e-05	0.844416132
204	164	2015	0	1.4e-05	0.141245111
204	164	2015	1e-09	0	0.076723597
204	164	2015	1e-09	1e-07	0.070948826
204	164	2015	1e-09	2.5e-07	0.995582304
204	164	2015	1e-09	5e-07	0.962328087
204	164	2015	1e-09	1e-06	0.856442245
204	164	2015	1e-09	2e-06	0.13263639
204	164	2015	1e-09	4e-06	0.077071354
204	164	2015	1e-09	6e-06	0.071137185
204	164	2015	1e-09	1e-05	0.991005023
204	164	2015	1e-09	1.4e-05	0.97111908
204	164	2015	2.5e-09	0	0.68823925
204	164	2015	2.5e-09	1e-07	0.092044177
204	164	2015	2.5e-09	2.5e-07	0.08223302
204	164	2015	2.5e-09	5e-07	0.067037516
204	164	2015	2.5e-09	1e-06	1.005118212
204	164	2015	2.5e-09	2e-06	0.963318018
204	164	2015	2.5e-09	4e-06	0.408464115
204	164	2015	2.5e-09	6e-06	0.105613986
204	164	2015	2.5e-09	1e-05	0.074511707
204	164	2015	2.5e-09	1.4e-05	0.066948416
204	164	2015	5e-09	0	0.979435502
204	164	2015	5e-09	1e-07	0.880198514
204	164	2015	5e-09	2.5e-07	0.229381227
204	164	2015	5e-09	5e-07	0.078747075
204	164	2015	5e-09	1e-06	0.074700717
204	164	2015	5e-09	2e-06	0.070871206
204	164	2015	5e-09	4e-06	0.537039455
204	164	2015	5e-09	6e-06	0.223441644
204	164	2015	5e-09	1e-05	0.105229862
204	164	2015	5e-09	1.4e-05	0.080596958
204	164	2015	7.5e-09	0	0.07273657
204	164	2015	7.5e-09	1e-07	0.085022206
204	164	2015	7.5e-09	2.5e-07	0.261502799
204	164	2015	7.5e-09	5e-07	0.133892444
204	164	2015	7.5e-09	1e-06	0.091493957
204	164	2015	7.5e-09	2e-06	0.078379587
204	164	2015	7.5e-09	4e-06	0.079389466
204	164	2015	7.5e-09	6e-06	0.089695082
204	164	2015	7.5e-09	1e-05	0.182363286
204	164	2015	7.5e-09	1.4e-05	0.121850844
204	164	2015	1e-08	0	0.09458935
204	164	2015	1e-08	1e-07	0.085266175
204	164	2015	1e-08	2.5e-07	0.082310856
204	164	2015	1e-08	5e-07	0.087120997
204	164	2015	1e-08	1e-06	0.169058924
204	164	2015	1e-08	2e-06	0.115250224
204	164	2015	1e-08	4e-06	0.100431411
204	164	2015	1e-08	6e-06	0.093776223
204	164	2015	1e-08	1e-05	0.089702872
204	164	2015	1e-08	1.4e-05	0.086657327
205	164	2015	0	0	1
205	164	2015	0	1e-07	1.022825754
205	164	2015	0	2.5e-07	0.990438862
205	164	2015	0	5e-07	0.929075275
205	164	2015	0	1e-06	0.924181581
205	164	2015	0	2e-06	0.629725501
205	164	2015	0	4e-06	1.061523884
205	164	2015	0	6e-06	0.997514959
205	164	2015	0	1e-05	1.053542349
205	164	2015	0	1.4e-05	0.934852706
205	164	2015	1e-09	0	0.965320232
205	164	2015	1e-09	1e-07	0.631486925
205	164	2015	1e-09	2.5e-07	0.978486947
205	164	2015	1e-09	5e-07	1.028687343
205	164	2015	1e-09	1e-06	0.985830401
205	164	2015	1e-09	2e-06	0.934242686
205	164	2015	1e-09	4e-06	1.060044935
205	164	2015	1e-09	6e-06	0.648925918
205	164	2015	1e-09	1e-05	0.961245267
205	164	2015	1e-09	1.4e-05	0.962314578
205	164	2015	2.5e-09	0	0.997638933
205	164	2015	2.5e-09	1e-07	0.919829797
205	164	2015	2.5e-09	2.5e-07	0.907287408
205	164	2015	2.5e-09	5e-07	0.580511447
205	164	2015	2.5e-09	1e-06	0.844501231
205	164	2015	2.5e-09	2e-06	0.868402022
205	164	2015	2.5e-09	4e-06	0.939106562
205	164	2015	2.5e-09	6e-06	0.878686037
205	164	2015	2.5e-09	1e-05	0.898203994
205	164	2015	2.5e-09	1.4e-05	0.502107704
205	164	2015	5e-09	0	0.442838976
205	164	2015	5e-09	1e-07	0.378688498
205	164	2015	5e-09	2.5e-07	0.343368535
205	164	2015	5e-09	5e-07	0.34607606
205	164	2015	5e-09	1e-06	0.334760159
205	164	2015	5e-09	2e-06	0.230275878
205	164	2015	5e-09	4e-06	0.189775455
205	164	2015	5e-09	6e-06	0.197309963
205	164	2015	5e-09	1e-05	0.227395007
205	164	2015	5e-09	1.4e-05	0.220115034
205	164	2015	7.5e-09	0	0.22465201
205	164	2015	7.5e-09	1e-07	0.198777336
205	164	2015	7.5e-09	2.5e-07	0.137464251
205	164	2015	7.5e-09	5e-07	0.121175777
205	164	2015	7.5e-09	1e-06	0.142593473
205	164	2015	7.5e-09	2e-06	0.135331846
205	164	2015	7.5e-09	4e-06	0.167305897
205	164	2015	7.5e-09	6e-06	0.164433775
205	164	2015	7.5e-09	1e-05	0.114287783
205	164	2015	7.5e-09	1.4e-05	0.095594325
205	164	2015	1e-08	0	0.109589081
205	164	2015	1e-08	1e-07	0.120277345
205	164	2015	1e-08	2.5e-07	0.130036638
205	164	2015	1e-08	5e-07	0.125334387
205	164	2015	1e-08	1e-06	0.111748287
205	164	2015	1e-08	2e-06	0.099650029
205	164	2015	1e-08	4e-06	0.102316444
205	164	2015	1e-08	6e-06	0.108305097
205	164	2015	1e-08	1e-05	0.102609346
205	164	2015	1e-08	1.4e-05	0.107404247
21	164	2015	0	0	1
21	164	2015	0	1e-07	0.994957467
21	164	2015	0	2.5e-07	0.927424126
21	164	2015	0	5e-07	0.805613503
21	164	2015	0	1e-06	0.732515926
21	164	2015	0	2e-06	0.707322039
21	164	2015	0	4e-06	0.997337731
21	164	2015	0	6e-06	0.958419369
21	164	2015	0	1e-05	0.924006626
21	164	2015	0	1.4e-05	0.79906782
21	164	2015	1e-09	0	0.7234411
21	164	2015	1e-09	1e-07	0.724046809
21	164	2015	1e-09	2.5e-07	0.980334927
21	164	2015	1e-09	5e-07	0.938340059
21	164	2015	1e-09	1e-06	0.933537852
21	164	2015	1e-09	2e-06	0.786706845
21	164	2015	1e-09	4e-06	0.742218733
21	164	2015	1e-09	6e-06	0.721169779
21	164	2015	1e-09	1e-05	0.944754303
21	164	2015	1e-09	1.4e-05	0.907511883
21	164	2015	2.5e-09	0	0.854742585
21	164	2015	2.5e-09	1e-07	0.76126246
21	164	2015	2.5e-09	2.5e-07	0.702842997
21	164	2015	2.5e-09	5e-07	0.652982121
21	164	2015	2.5e-09	1e-06	0.920642448
21	164	2015	2.5e-09	2e-06	0.883381298
21	164	2015	2.5e-09	4e-06	0.797491666
21	164	2015	2.5e-09	6e-06	0.653883041
21	164	2015	2.5e-09	1e-05	0.594944543
21	164	2015	2.5e-09	1.4e-05	0.543995743
21	164	2015	5e-09	0	0.760004499
21	164	2015	5e-09	1e-07	0.638154338
21	164	2015	5e-09	2.5e-07	0.524162537
21	164	2015	5e-09	5e-07	0.353746249
21	164	2015	5e-09	1e-06	0.33160948
21	164	2015	5e-09	2e-06	0.272718246
21	164	2015	5e-09	4e-06	0.335054787
21	164	2015	5e-09	6e-06	0.226839956
21	164	2015	5e-09	1e-05	0.190097864
21	164	2015	5e-09	1.4e-05	0.146965762
21	164	2015	7.5e-09	0	0.128951525
21	164	2015	7.5e-09	1e-07	0.122058569
21	164	2015	7.5e-09	2.5e-07	0.196367285
21	164	2015	7.5e-09	5e-07	0.16719809
21	164	2015	7.5e-09	1e-06	0.141798557
21	164	2015	7.5e-09	2e-06	0.104974816
21	164	2015	7.5e-09	4e-06	0.094602174
21	164	2015	7.5e-09	6e-06	0.099667354
21	164	2015	7.5e-09	1e-05	0.15421139
21	164	2015	7.5e-09	1.4e-05	0.14331011
21	164	2015	1e-08	0	0.12479748
21	164	2015	1e-08	1e-07	0.117720507
21	164	2015	1e-08	2.5e-07	0.101472175
21	164	2015	1e-08	5e-07	0.107340687
21	164	2015	1e-08	1e-06	0.141376811
21	164	2015	1e-08	2e-06	0.134536196
21	164	2015	1e-08	4e-06	0.132496741
21	164	2015	1e-08	6e-06	0.112999674
21	164	2015	1e-08	1e-05	0.115650272
21	164	2015	1e-08	1.4e-05	0.114153542
195	164	2015	0	0	1
195	164	2015	0	1e-07	1.027753461
195	164	2015	0	2.5e-07	1.031685113
195	164	2015	0	5e-07	0.808789964
195	164	2015	0	1e-06	0.362240295
195	164	2015	0	2e-06	0.295172803
195	164	2015	0	4e-06	1.036388096
195	164	2015	0	6e-06	1.009823018
195	164	2015	0	1e-05	1.056419355
195	164	2015	0	1.4e-05	0.856180728
195	164	2015	1e-09	0	0.507527208
195	164	2015	1e-09	1e-07	0.307495791
195	164	2015	1e-09	2.5e-07	1.027356299
195	164	2015	1e-09	5e-07	1.029458312
195	164	2015	1e-09	1e-06	1.047147628
195	164	2015	1e-09	2e-06	0.847046504
195	164	2015	1e-09	4e-06	0.418851595
195	164	2015	1e-09	6e-06	0.317447139
195	164	2015	1e-09	1e-05	1.037809792
195	164	2015	1e-09	1.4e-05	1.062854773
195	164	2015	2.5e-09	0	1.037403285
195	164	2015	2.5e-09	1e-07	0.735214817
195	164	2015	2.5e-09	2.5e-07	0.375372515
195	164	2015	2.5e-09	5e-07	0.273749242
195	164	2015	2.5e-09	1e-06	1.033598494
195	164	2015	2.5e-09	2e-06	1.00644364
195	164	2015	2.5e-09	4e-06	0.915969626
195	164	2015	2.5e-09	6e-06	0.440518511
195	164	2015	2.5e-09	1e-05	0.251569985
195	164	2015	2.5e-09	1.4e-05	0.19181638
195	164	2015	5e-09	0	0.668657408
195	164	2015	5e-09	1e-07	0.567152389
195	164	2015	5e-09	2.5e-07	0.338342863
195	164	2015	5e-09	5e-07	0.204511642
195	164	2015	5e-09	1e-06	0.129034122
195	164	2015	5e-09	2e-06	0.105821448
195	164	2015	5e-09	4e-06	0.14562574
195	164	2015	5e-09	6e-06	0.130868764
195	164	2015	5e-09	1e-05	0.12110312
195	164	2015	5e-09	1.4e-05	0.076821452
195	164	2015	7.5e-09	0	0.062427458
195	164	2015	7.5e-09	1e-07	0.057943617
195	164	2015	7.5e-09	2.5e-07	0.078693418
195	164	2015	7.5e-09	5e-07	0.07018053
195	164	2015	7.5e-09	1e-06	0.072892863
195	164	2015	7.5e-09	2e-06	0.06781923
195	164	2015	7.5e-09	4e-06	0.045134701
195	164	2015	7.5e-09	6e-06	0.049348977
195	164	2015	7.5e-09	1e-05	0.042026253
195	164	2015	7.5e-09	1.4e-05	0.046538623
195	164	2015	1e-08	0	0.049171041
195	164	2015	1e-08	1e-07	0.056444427
195	164	2015	1e-08	2.5e-07	0.049506379
195	164	2015	1e-08	5e-07	0.033039056
195	164	2015	1e-08	1e-06	0.037424243
195	164	2015	1e-08	2e-06	0.043330283
195	164	2015	1e-08	4e-06	0.041983354
195	164	2015	1e-08	6e-06	0.040493899
195	164	2015	1e-08	1e-05	0.040575857
195	164	2015	1e-08	1.4e-05	0.047973101
195	164	2015	0	0	1
195	164	2015	0	1e-07	1.027753461
195	164	2015	0	2.5e-07	1.031685113
195	164	2015	0	5e-07	0.808789964
195	164	2015	0	1e-06	0.362240295
195	164	2015	0	2e-06	0.295172803
195	164	2015	0	4e-06	1.036388096
195	164	2015	0	6e-06	1.009823018
195	164	2015	0	1e-05	1.056419355
195	164	2015	0	1.4e-05	0.856180728
195	164	2015	1e-09	0	0.507527208
195	164	2015	1e-09	1e-07	0.307495791
195	164	2015	1e-09	2.5e-07	1.027356299
195	164	2015	1e-09	5e-07	1.029458312
195	164	2015	1e-09	1e-06	1.047147628
195	164	2015	1e-09	2e-06	0.847046504
195	164	2015	1e-09	4e-06	0.418851595
195	164	2015	1e-09	6e-06	0.317447139
195	164	2015	1e-09	1e-05	1.037809792
195	164	2015	1e-09	1.4e-05	1.062854773
195	164	2015	2.5e-09	0	1.037403285
195	164	2015	2.5e-09	1e-07	0.735214817
195	164	2015	2.5e-09	2.5e-07	0.375372515
195	164	2015	2.5e-09	5e-07	0.273749242
195	164	2015	2.5e-09	1e-06	1.033598494
195	164	2015	2.5e-09	2e-06	1.00644364
195	164	2015	2.5e-09	4e-06	0.915969626
195	164	2015	2.5e-09	6e-06	0.440518511
195	164	2015	2.5e-09	1e-05	0.251569985
195	164	2015	2.5e-09	1.4e-05	0.19181638
195	164	2015	5e-09	0	0.668657408
195	164	2015	5e-09	1e-07	0.567152389
195	164	2015	5e-09	2.5e-07	0.338342863
195	164	2015	5e-09	5e-07	0.204511642
195	164	2015	5e-09	1e-06	0.129034122
195	164	2015	5e-09	2e-06	0.105821448
195	164	2015	5e-09	4e-06	0.14562574
195	164	2015	5e-09	6e-06	0.130868764
195	164	2015	5e-09	1e-05	0.12110312
195	164	2015	5e-09	1.4e-05	0.076821452
195	164	2015	7.5e-09	0	0.062427458
195	164	2015	7.5e-09	1e-07	0.057943617
195	164	2015	7.5e-09	2.5e-07	0.078693418
195	164	2015	7.5e-09	5e-07	0.07018053
195	164	2015	7.5e-09	1e-06	0.072892863
195	164	2015	7.5e-09	2e-06	0.06781923
195	164	2015	7.5e-09	4e-06	0.045134701
195	164	2015	7.5e-09	6e-06	0.049348977
195	164	2015	7.5e-09	1e-05	0.042026253
195	164	2015	7.5e-09	1.4e-05	0.046538623
195	164	2015	1e-08	0	0.049171041
195	164	2015	1e-08	1e-07	0.056444427
195	164	2015	1e-08	2.5e-07	0.049506379
195	164	2015	1e-08	5e-07	0.033039056
195	164	2015	1e-08	1e-06	0.037424243
195	164	2015	1e-08	2e-06	0.043330283
195	164	2015	1e-08	4e-06	0.041983354
195	164	2015	1e-08	6e-06	0.040493899
195	164	2015	1e-08	1e-05	0.040575857
195	164	2015	1e-08	1.4e-05	0.047973101
206	164	2015	0	0	1
206	164	2015	0	1e-07	0.989849297
206	164	2015	0	2.5e-07	0.999490473
206	164	2015	0	5e-07	0.954546845
206	164	2015	0	1e-06	0.724563041
206	164	2015	0	2e-06	0.479900816
206	164	2015	0	4e-06	0.988754695
206	164	2015	0	6e-06	1.011864727
206	164	2015	0	1e-05	0.996936013
206	164	2015	0	1.4e-05	0.976965813
206	164	2015	1e-09	0	0.71816536
206	164	2015	1e-09	1e-07	0.470760649
206	164	2015	1e-09	2.5e-07	0.987221325
206	164	2015	1e-09	5e-07	1.008294934
206	164	2015	1e-09	1e-06	0.979795489
206	164	2015	1e-09	2e-06	0.937915773
206	164	2015	1e-09	4e-06	0.710464304
206	164	2015	1e-09	6e-06	0.472607491
206	164	2015	1e-09	1e-05	0.994137344
206	164	2015	1e-09	1.4e-05	1.028474322
206	164	2015	2.5e-09	0	0.985029624
206	164	2015	2.5e-09	1e-07	0.965739571
206	164	2015	2.5e-09	2.5e-07	0.711505649
206	164	2015	2.5e-09	5e-07	0.459671618
206	164	2015	2.5e-09	1e-06	0.991612394
206	164	2015	2.5e-09	2e-06	0.980272379
206	164	2015	2.5e-09	4e-06	0.979315259
206	164	2015	2.5e-09	6e-06	0.916586283
206	164	2015	2.5e-09	1e-05	0.642421345
206	164	2015	2.5e-09	1.4e-05	0.458087203
206	164	2015	5e-09	0	0.978963579
206	164	2015	5e-09	1e-07	0.981963372
206	164	2015	5e-09	2.5e-07	0.973370924
206	164	2015	5e-09	5e-07	0.733918542
206	164	2015	5e-09	1e-06	0.457899967
206	164	2015	5e-09	2e-06	0.403119293
206	164	2015	5e-09	4e-06	0.682898049
206	164	2015	5e-09	6e-06	0.624409075
206	164	2015	5e-09	1e-05	0.484869213
206	164	2015	5e-09	1.4e-05	0.332019553
206	164	2015	7.5e-09	0	0.312653833
206	164	2015	7.5e-09	1e-07	0.323086577
206	164	2015	7.5e-09	2.5e-07	0.307015545
206	164	2015	7.5e-09	5e-07	0.272314862
206	164	2015	7.5e-09	1e-06	0.267170655
206	164	2015	7.5e-09	2e-06	0.24232897
206	164	2015	7.5e-09	4e-06	0.265103985
206	164	2015	7.5e-09	6e-06	0.272601016
206	164	2015	7.5e-09	1e-05	0.241434663
206	164	2015	7.5e-09	1.4e-05	0.191365819
206	164	2015	1e-08	0	0.197700322
206	164	2015	1e-08	1e-07	0.214398765
206	164	2015	1e-08	2.5e-07	0.244410199
206	164	2015	1e-08	5e-07	0.254775165
206	164	2015	1e-08	1e-06	0.243099186
206	164	2015	1e-08	2e-06	0.212759012
206	164	2015	1e-08	4e-06	0.2172615
206	164	2015	1e-08	6e-06	0.231873361
206	164	2015	1e-08	1e-05	0.239926579
206	164	2015	1e-08	1.4e-05	0.258692703
25	164	2015	0	0	1
25	164	2015	0	1e-07	0.990228538
25	164	2015	0	2.5e-07	1.001423603
25	164	2015	0	5e-07	1.011027781
25	164	2015	0	1e-06	0.785461556
25	164	2015	0	2e-06	0.662309569
25	164	2015	0	4e-06	1.00150471
25	164	2015	0	6e-06	0.986182393
25	164	2015	0	1e-05	1.000144976
25	164	2015	0	1.4e-05	1.003214772
25	164	2015	1e-09	0	0.885050321
25	164	2015	1e-09	1e-07	0.555556764
25	164	2015	1e-09	2.5e-07	1.033233547
25	164	2015	1e-09	5e-07	1.009643187
25	164	2015	1e-09	1e-06	0.989664053
25	164	2015	1e-09	2e-06	0.984440109
25	164	2015	1e-09	4e-06	0.844090487
25	164	2015	1e-09	6e-06	0.485912732
25	164	2015	1e-09	1e-05	1.020596954
25	164	2015	1e-09	1.4e-05	0.995040887
25	164	2015	2.5e-09	0	0.978890407
25	164	2015	2.5e-09	1e-07	0.955123547
25	164	2015	2.5e-09	2.5e-07	0.796238222
25	164	2015	2.5e-09	5e-07	0.309837791
25	164	2015	2.5e-09	1e-06	0.978367051
25	164	2015	2.5e-09	2e-06	0.95558225
25	164	2015	2.5e-09	4e-06	0.945026469
25	164	2015	2.5e-09	6e-06	0.896808802
25	164	2015	2.5e-09	1e-05	0.614986448
25	164	2015	2.5e-09	1.4e-05	0.133686662
25	164	2015	5e-09	0	0.951704495
25	164	2015	5e-09	1e-07	0.936955533
25	164	2015	5e-09	2.5e-07	0.900970346
25	164	2015	5e-09	5e-07	0.713240442
25	164	2015	5e-09	1e-06	0.23967235
25	164	2015	5e-09	2e-06	0.100111496
25	164	2015	5e-09	4e-06	0.696118361
25	164	2015	5e-09	6e-06	0.669829348
25	164	2015	5e-09	1e-05	0.424493574
25	164	2015	5e-09	1.4e-05	0.175569214
25	164	2015	7.5e-09	0	0.054061002
25	164	2015	7.5e-09	1e-07	0.048737725
25	164	2015	7.5e-09	2.5e-07	0.457690379
25	164	2015	7.5e-09	5e-07	0.401966152
25	164	2015	7.5e-09	1e-06	0.187847097
25	164	2015	7.5e-09	2e-06	0.06724945
25	164	2015	7.5e-09	4e-06	0.05062781
25	164	2015	7.5e-09	6e-06	0.050274767
25	164	2015	7.5e-09	1e-05	0.205282276
25	164	2015	7.5e-09	1.4e-05	0.160547986
25	164	2015	1e-08	0	0.078401463
25	164	2015	1e-08	1e-07	0.060988878
25	164	2015	1e-08	2.5e-07	0.053495944
25	164	2015	1e-08	5e-07	0.055503985
25	164	2015	1e-08	1e-06	0.125026509
25	164	2015	1e-08	2e-06	0.087573687
25	164	2015	1e-08	4e-06	0.064913721
25	164	2015	1e-08	6e-06	0.058147416
25	164	2015	1e-08	1e-05	0.062024665
25	164	2015	1e-08	1.4e-05	0.063652283
26	164	2015	0	0	1
26	164	2015	0	1e-07	0.991701619
26	164	2015	0	2.5e-07	0.865048838
26	164	2015	0	5e-07	0.119655409
26	164	2015	0	1e-06	0.05245878
26	164	2015	0	2e-06	0.042043412
26	164	2015	0	4e-06	0.986792676
26	164	2015	0	6e-06	0.975513734
26	164	2015	0	1e-05	0.836890741
26	164	2015	0	1.4e-05	0.099020446
26	164	2015	1e-09	0	0.047924103
26	164	2015	1e-09	1e-07	0.039556876
26	164	2015	1e-09	2.5e-07	0.986360459
26	164	2015	1e-09	5e-07	0.970880224
26	164	2015	1e-09	1e-06	0.836132328
26	164	2015	1e-09	2e-06	0.107126341
26	164	2015	1e-09	4e-06	0.050636944
26	164	2015	1e-09	6e-06	0.044961178
26	164	2015	1e-09	1e-05	1.005111672
26	164	2015	1e-09	1.4e-05	0.965015354
26	164	2015	2.5e-09	0	0.649762879
26	164	2015	2.5e-09	1e-07	0.064327241
26	164	2015	2.5e-09	2.5e-07	0.043860931
26	164	2015	2.5e-09	5e-07	0.037888195
26	164	2015	2.5e-09	1e-06	0.887860149
26	164	2015	2.5e-09	2e-06	0.829450459
26	164	2015	2.5e-09	4e-06	0.343302701
26	164	2015	2.5e-09	6e-06	0.057332423
26	164	2015	2.5e-09	1e-05	0.037051935
26	164	2015	2.5e-09	1.4e-05	0.034235523
26	164	2015	5e-09	0	0.711395137
26	164	2015	5e-09	1e-07	0.481211588
26	164	2015	5e-09	2.5e-07	0.094111099
26	164	2015	5e-09	5e-07	0.036290433
26	164	2015	5e-09	1e-06	0.038059241
26	164	2015	5e-09	2e-06	0.028394714
26	164	2015	5e-09	4e-06	0.394059536
26	164	2015	5e-09	6e-06	0.116801165
26	164	2015	5e-09	1e-05	0.035248203
26	164	2015	5e-09	1.4e-05	0.030765685
26	164	2015	7.5e-09	0	0.029802394
26	164	2015	7.5e-09	1e-07	0.027776997
26	164	2015	7.5e-09	2.5e-07	0.199886954
26	164	2015	7.5e-09	5e-07	0.047196935
26	164	2015	7.5e-09	1e-06	0.027763472
26	164	2015	7.5e-09	2e-06	0.023234481
26	164	2015	7.5e-09	4e-06	0.025318259
26	164	2015	7.5e-09	6e-06	0.024803736
26	164	2015	7.5e-09	1e-05	0.088116857
26	164	2015	7.5e-09	1.4e-05	0.029417445
26	164	2015	1e-08	0	0.023621043
26	164	2015	1e-08	1e-07	0.027925532
26	164	2015	1e-08	2.5e-07	0.023797401
26	164	2015	1e-08	5e-07	0.023618504
26	164	2015	1e-08	1e-06	0.071143943
26	164	2015	1e-08	2e-06	0.030261718
26	164	2015	1e-08	4e-06	0.023362606
26	164	2015	1e-08	6e-06	0.023940398
26	164	2015	1e-08	1e-05	0.024230716
26	164	2015	1e-08	1.4e-05	0.024522815
6	164	2015	0	0	1
6	164	2015	0	1e-07	1.022870325
6	164	2015	0	2.5e-07	0.916196637
6	164	2015	0	5e-07	0.642501506
6	164	2015	0	1e-06	0.480321627
6	164	2015	0	2e-06	0.438314151
6	164	2015	0	4e-06	0.99896601
6	164	2015	0	6e-06	1.042885218
6	164	2015	0	1e-05	0.919476812
6	164	2015	0	1.4e-05	0.58602516
6	164	2015	1e-09	0	0.452308452
6	164	2015	1e-09	1e-07	0.437268694
6	164	2015	1e-09	2.5e-07	1.038366128
6	164	2015	1e-09	5e-07	1.01460547
6	164	2015	1e-09	1e-06	0.922638721
6	164	2015	1e-09	2e-06	0.520859239
6	164	2015	1e-09	4e-06	0.424915384
6	164	2015	1e-09	6e-06	0.412989759
6	164	2015	1e-09	1e-05	0.989293538
6	164	2015	1e-09	1.4e-05	0.966650202
6	164	2015	2.5e-09	0	0.849726891
6	164	2015	2.5e-09	1e-07	0.482060931
6	164	2015	2.5e-09	2.5e-07	0.414193996
6	164	2015	2.5e-09	5e-07	0.431131375
6	164	2015	2.5e-09	1e-06	0.972448663
6	164	2015	2.5e-09	2e-06	0.884577468
6	164	2015	2.5e-09	4e-06	0.63049102
6	164	2015	2.5e-09	6e-06	0.4364372
6	164	2015	2.5e-09	1e-05	0.410939495
6	164	2015	2.5e-09	1.4e-05	0.389521779
6	164	2015	5e-09	0	0.723909262
6	164	2015	5e-09	1e-07	0.635752414
6	164	2015	5e-09	2.5e-07	0.434362216
6	164	2015	5e-09	5e-07	0.421037868
6	164	2015	5e-09	1e-06	0.396037118
6	164	2015	5e-09	2e-06	0.394182509
6	164	2015	5e-09	4e-06	0.458409489
6	164	2015	5e-09	6e-06	0.406100076
6	164	2015	5e-09	1e-05	0.398275678
6	164	2015	5e-09	1.4e-05	0.384906418
6	164	2015	7.5e-09	0	0.411800266
6	164	2015	7.5e-09	1e-07	0.403341372
6	164	2015	7.5e-09	2.5e-07	0.417962189
6	164	2015	7.5e-09	5e-07	0.36292868
6	164	2015	7.5e-09	1e-06	0.377697742
6	164	2015	7.5e-09	2e-06	0.38672068
6	164	2015	7.5e-09	4e-06	0.40207078
6	164	2015	7.5e-09	6e-06	0.369141121
6	164	2015	7.5e-09	1e-05	0.396555236
6	164	2015	7.5e-09	1.4e-05	0.396306404
6	164	2015	1e-08	0	0.396628095
6	164	2015	1e-08	1e-07	0.389805552
6	164	2015	1e-08	2.5e-07	0.409845664
6	164	2015	1e-08	5e-07	0.403851276
6	164	2015	1e-08	1e-06	0.379759767
6	164	2015	1e-08	2e-06	0.382718479
6	164	2015	1e-08	4e-06	0.379765439
6	164	2015	1e-08	6e-06	0.365800523
6	164	2015	1e-08	1e-05	0.3848399
6	164	2015	1e-08	1.4e-05	0.410326526
207	164	2015	0	0	1
207	164	2015	0	1e-07	0.985422637
207	164	2015	0	2.5e-07	0.976059417
207	164	2015	0	5e-07	0.846949517
207	164	2015	0	1e-06	0.302770452
207	164	2015	0	2e-06	0.128269102
207	164	2015	0	4e-06	0.952760547
207	164	2015	0	6e-06	0.994314204
207	164	2015	0	1e-05	0.989215661
207	164	2015	0	1.4e-05	0.875690533
207	164	2015	1e-09	0	0.443557746
207	164	2015	1e-09	1e-07	0.150216378
207	164	2015	1e-09	2.5e-07	0.978549601
207	164	2015	1e-09	5e-07	1.023213116
207	164	2015	1e-09	1e-06	0.932075884
207	164	2015	1e-09	2e-06	0.830383095
207	164	2015	1e-09	4e-06	0.370401276
207	164	2015	1e-09	6e-06	0.14666435
207	164	2015	1e-09	1e-05	0.953490364
207	164	2015	1e-09	1.4e-05	1.008865248
207	164	2015	2.5e-09	0	0.920528182
207	164	2015	2.5e-09	1e-07	0.798530287
207	164	2015	2.5e-09	2.5e-07	0.380055135
207	164	2015	2.5e-09	5e-07	0.143343124
207	164	2015	2.5e-09	1e-06	0.973105055
207	164	2015	2.5e-09	2e-06	0.953530097
207	164	2015	2.5e-09	4e-06	0.933226566
207	164	2015	2.5e-09	6e-06	0.727980522
207	164	2015	2.5e-09	1e-05	0.251733616
207	164	2015	2.5e-09	1.4e-05	0.139733638
207	164	2015	5e-09	0	0.913388741
207	164	2015	5e-09	1e-07	0.922439012
207	164	2015	5e-09	2.5e-07	0.848901062
207	164	2015	5e-09	5e-07	0.341847349
207	164	2015	5e-09	1e-06	0.13248013
207	164	2015	5e-09	2e-06	0.127973293
207	164	2015	5e-09	4e-06	0.761398083
207	164	2015	5e-09	6e-06	0.761735495
207	164	2015	5e-09	1e-05	0.449109379
207	164	2015	5e-09	1.4e-05	0.138672573
207	164	2015	7.5e-09	0	0.125246833
207	164	2015	7.5e-09	1e-07	0.124417036
207	164	2015	7.5e-09	2.5e-07	0.441466703
207	164	2015	7.5e-09	5e-07	0.352226804
207	164	2015	7.5e-09	1e-06	0.179969923
207	164	2015	7.5e-09	2e-06	0.120853809
207	164	2015	7.5e-09	4e-06	0.120597248
207	164	2015	7.5e-09	6e-06	0.11844205
207	164	2015	7.5e-09	1e-05	0.173855064
207	164	2015	7.5e-09	1.4e-05	0.134020301
207	164	2015	1e-08	0	0.101484755
207	164	2015	1e-08	1e-07	0.109510326
207	164	2015	1e-08	2.5e-07	0.117638809
207	164	2015	1e-08	5e-07	0.126695479
207	164	2015	1e-08	1e-06	0.120676895
207	164	2015	1e-08	2e-06	0.130333749
207	164	2015	1e-08	4e-06	0.122462749
207	164	2015	1e-08	6e-06	0.108557908
207	164	2015	1e-08	1e-05	0.124139943
207	164	2015	1e-08	1.4e-05	0.135514782
9	164	2015	0	0	1
9	164	2015	0	1e-07	0.987735689
9	164	2015	0	2.5e-07	0.965807451
9	164	2015	0	5e-07	0.835955745
9	164	2015	0	1e-06	0.504935983
9	164	2015	0	2e-06	0.471553717
9	164	2015	0	4e-06	0.959998378
9	164	2015	0	6e-06	0.975822436
9	164	2015	0	1e-05	0.943871661
9	164	2015	0	1.4e-05	0.807784814
9	164	2015	1e-09	0	0.5244899
9	164	2015	1e-09	1e-07	0.478619494
9	164	2015	1e-09	2.5e-07	0.952657338
9	164	2015	1e-09	5e-07	0.947020103
9	164	2015	1e-09	1e-06	0.898520238
9	164	2015	1e-09	2e-06	0.708223579
9	164	2015	1e-09	4e-06	0.518394722
9	164	2015	1e-09	6e-06	0.477232426
9	164	2015	1e-09	1e-05	0.937414219
9	164	2015	1e-09	1.4e-05	0.954364164
9	164	2015	2.5e-09	0	0.855562179
9	164	2015	2.5e-09	1e-07	0.662810103
9	164	2015	2.5e-09	2.5e-07	0.513737742
9	164	2015	2.5e-09	5e-07	0.476165567
9	164	2015	2.5e-09	1e-06	0.908450517
9	164	2015	2.5e-09	2e-06	0.916026526
9	164	2015	2.5e-09	4e-06	0.837842301
9	164	2015	2.5e-09	6e-06	0.597779871
9	164	2015	2.5e-09	1e-05	0.489759126
9	164	2015	2.5e-09	1.4e-05	0.476339412
9	164	2015	5e-09	0	0.804743551
9	164	2015	5e-09	1e-07	0.796097771
9	164	2015	5e-09	2.5e-07	0.717290362
9	164	2015	5e-09	5e-07	0.555439016
9	164	2015	5e-09	1e-06	0.504541301
9	164	2015	5e-09	2e-06	0.478498042
9	164	2015	5e-09	4e-06	0.460167582
9	164	2015	5e-09	6e-06	0.448377932
9	164	2015	5e-09	1e-05	0.448176841
9	164	2015	5e-09	1.4e-05	0.446282258
9	164	2015	7.5e-09	0	0.465106017
9	164	2015	7.5e-09	1e-07	0.442275947
9	164	2015	7.5e-09	2.5e-07	0.372696975
9	164	2015	7.5e-09	5e-07	0.327472989
9	164	2015	7.5e-09	1e-06	0.369683651
9	164	2015	7.5e-09	2e-06	0.393041478
9	164	2015	7.5e-09	4e-06	0.462122772
9	164	2015	7.5e-09	6e-06	0.390752527
9	164	2015	7.5e-09	1e-05	0.283397526
9	164	2015	7.5e-09	1.4e-05	0.285709328
9	164	2015	1e-08	0	0.320459895
9	164	2015	1e-08	1e-07	0.31678727
9	164	2015	1e-08	2.5e-07	0.349001201
9	164	2015	1e-08	5e-07	0.35607659
9	164	2015	1e-08	1e-06	0.260070944
9	164	2015	1e-08	2e-06	0.243742469
9	164	2015	1e-08	4e-06	0.309164922
9	164	2015	1e-08	6e-06	0.343933117
9	164	2015	1e-08	1e-05	0.339682136
9	164	2015	1e-08	1.4e-05	0.376810187
9	164	2015	0	0	1
9	164	2015	0	1e-07	0.987735689
9	164	2015	0	2.5e-07	0.965807451
9	164	2015	0	5e-07	0.835955745
9	164	2015	0	1e-06	0.504935983
9	164	2015	0	2e-06	0.471553717
9	164	2015	0	4e-06	0.959998378
9	164	2015	0	6e-06	0.975822436
9	164	2015	0	1e-05	0.943871661
9	164	2015	0	1.4e-05	0.807784814
9	164	2015	1e-09	0	0.5244899
9	164	2015	1e-09	1e-07	0.478619494
9	164	2015	1e-09	2.5e-07	0.952657338
9	164	2015	1e-09	5e-07	0.947020103
9	164	2015	1e-09	1e-06	0.898520238
9	164	2015	1e-09	2e-06	0.708223579
9	164	2015	1e-09	4e-06	0.518394722
9	164	2015	1e-09	6e-06	0.477232426
9	164	2015	1e-09	1e-05	0.937414219
9	164	2015	1e-09	1.4e-05	0.954364164
9	164	2015	2.5e-09	0	0.855562179
9	164	2015	2.5e-09	1e-07	0.662810103
9	164	2015	2.5e-09	2.5e-07	0.513737742
9	164	2015	2.5e-09	5e-07	0.476165567
9	164	2015	2.5e-09	1e-06	0.908450517
9	164	2015	2.5e-09	2e-06	0.916026526
9	164	2015	2.5e-09	4e-06	0.837842301
9	164	2015	2.5e-09	6e-06	0.597779871
9	164	2015	2.5e-09	1e-05	0.489759126
9	164	2015	2.5e-09	1.4e-05	0.476339412
9	164	2015	5e-09	0	0.804743551
9	164	2015	5e-09	1e-07	0.796097771
9	164	2015	5e-09	2.5e-07	0.717290362
9	164	2015	5e-09	5e-07	0.555439016
9	164	2015	5e-09	1e-06	0.504541301
9	164	2015	5e-09	2e-06	0.478498042
9	164	2015	5e-09	4e-06	0.460167582
9	164	2015	5e-09	6e-06	0.448377932
9	164	2015	5e-09	1e-05	0.448176841
9	164	2015	5e-09	1.4e-05	0.446282258
9	164	2015	7.5e-09	0	0.465106017
9	164	2015	7.5e-09	1e-07	0.442275947
9	164	2015	7.5e-09	2.5e-07	0.372696975
9	164	2015	7.5e-09	5e-07	0.327472989
9	164	2015	7.5e-09	1e-06	0.369683651
9	164	2015	7.5e-09	2e-06	0.393041478
9	164	2015	7.5e-09	4e-06	0.462122772
9	164	2015	7.5e-09	6e-06	0.390752527
9	164	2015	7.5e-09	1e-05	0.283397526
9	164	2015	7.5e-09	1.4e-05	0.285709328
9	164	2015	1e-08	0	0.320459895
9	164	2015	1e-08	1e-07	0.31678727
9	164	2015	1e-08	2.5e-07	0.349001201
9	164	2015	1e-08	5e-07	0.35607659
9	164	2015	1e-08	1e-06	0.260070944
9	164	2015	1e-08	2e-06	0.243742469
9	164	2015	1e-08	4e-06	0.309164922
9	164	2015	1e-08	6e-06	0.343933117
9	164	2015	1e-08	1e-05	0.339682136
9	164	2015	1e-08	1.4e-05	0.376810187
208	164	2015	0	0	1
208	164	2015	0	1e-07	0.994498964
208	164	2015	0	2.5e-07	0.934404318
208	164	2015	0	5e-07	0.808597102
208	164	2015	0	1e-06	0.657107932
208	164	2015	0	2e-06	0.590949717
208	164	2015	0	4e-06	0.961474048
208	164	2015	0	6e-06	0.982555721
208	164	2015	0	1e-05	0.994704027
208	164	2015	0	1.4e-05	0.831996307
208	164	2015	1e-09	0	0.662186458
208	164	2015	1e-09	1e-07	0.576796548
208	164	2015	1e-09	2.5e-07	0.942864007
208	164	2015	1e-09	5e-07	0.988867948
208	164	2015	1e-09	1e-06	0.919950046
208	164	2015	1e-09	2e-06	0.796721702
208	164	2015	1e-09	4e-06	0.647459533
208	164	2015	1e-09	6e-06	0.536918193
208	164	2015	1e-09	1e-05	0.977480814
208	164	2015	1e-09	1.4e-05	0.958460147
208	164	2015	2.5e-09	0	0.914575689
208	164	2015	2.5e-09	1e-07	0.748717743
208	164	2015	2.5e-09	2.5e-07	0.618114126
208	164	2015	2.5e-09	5e-07	0.552794451
208	164	2015	2.5e-09	1e-06	0.934201225
208	164	2015	2.5e-09	2e-06	0.938333984
208	164	2015	2.5e-09	4e-06	0.819513666
208	164	2015	2.5e-09	6e-06	0.661296615
208	164	2015	2.5e-09	1e-05	0.568908589
208	164	2015	2.5e-09	1.4e-05	0.547865341
208	164	2015	5e-09	0	0.85697986
208	164	2015	5e-09	1e-07	0.772735459
208	164	2015	5e-09	2.5e-07	0.652245873
208	164	2015	5e-09	5e-07	0.521674202
208	164	2015	5e-09	1e-06	0.492919818
208	164	2015	5e-09	2e-06	0.505429184
208	164	2015	5e-09	4e-06	0.639936778
208	164	2015	5e-09	6e-06	0.590530434
208	164	2015	5e-09	1e-05	0.513927066
208	164	2015	5e-09	1.4e-05	0.501695251
208	164	2015	7.5e-09	0	0.502176936
208	164	2015	7.5e-09	1e-07	0.481251233
208	164	2015	7.5e-09	2.5e-07	0.525406497
208	164	2015	7.5e-09	5e-07	0.499287847
208	164	2015	7.5e-09	1e-06	0.448042427
208	164	2015	7.5e-09	2e-06	0.425430406
208	164	2015	7.5e-09	4e-06	0.429580729
208	164	2015	7.5e-09	6e-06	0.441076441
208	164	2015	7.5e-09	1e-05	0.485079759
208	164	2015	7.5e-09	1.4e-05	0.443398046
208	164	2015	1e-08	0	0.422550485
208	164	2015	1e-08	1e-07	0.425477179
208	164	2015	1e-08	2.5e-07	0.42577021
208	164	2015	1e-08	5e-07	0.429165981
208	164	2015	1e-08	1e-06	0.422902752
208	164	2015	1e-08	2e-06	0.430945942
208	164	2015	1e-08	4e-06	0.38102251
208	164	2015	1e-08	6e-06	0.409778477
208	164	2015	1e-08	1e-05	0.391668347
208	164	2015	1e-08	1.4e-05	0.415370301
40	164	2015	0	0	1
40	164	2015	0	1e-07	1.033010533
40	164	2015	0	2.5e-07	0.927920626
40	164	2015	0	5e-07	0.668236922
40	164	2015	0	1e-06	0.36932871
40	164	2015	0	2e-06	0.336175976
40	164	2015	0	4e-06	1.02933046
40	164	2015	0	6e-06	1.040648432
40	164	2015	0	1e-05	0.929620576
40	164	2015	0	1.4e-05	0.658284535
40	164	2015	1e-09	0	0.393838524
40	164	2015	1e-09	1e-07	0.347894987
40	164	2015	1e-09	2.5e-07	0.997637428
40	164	2015	1e-09	5e-07	1.025611996
40	164	2015	1e-09	1e-06	0.873998159
40	164	2015	1e-09	2e-06	0.577924608
40	164	2015	1e-09	4e-06	0.364793469
40	164	2015	1e-09	6e-06	0.340340627
40	164	2015	1e-09	1e-05	1.000751276
40	164	2015	1e-09	1.4e-05	0.98121922
40	164	2015	2.5e-09	0	0.82031824
40	164	2015	2.5e-09	1e-07	0.467138184
40	164	2015	2.5e-09	2.5e-07	0.343741144
40	164	2015	2.5e-09	5e-07	0.322950131
40	164	2015	2.5e-09	1e-06	0.987837073
40	164	2015	2.5e-09	2e-06	0.942743503
40	164	2015	2.5e-09	4e-06	0.727042103
40	164	2015	2.5e-09	6e-06	0.389436998
40	164	2015	2.5e-09	1e-05	0.338614979
40	164	2015	2.5e-09	1.4e-05	0.316961667
40	164	2015	5e-09	0	0.930503598
40	164	2015	5e-09	1e-07	0.845599665
40	164	2015	5e-09	2.5e-07	0.585647887
40	164	2015	5e-09	5e-07	0.35385503
40	164	2015	5e-09	1e-06	0.32168192
40	164	2015	5e-09	2e-06	0.317441433
40	164	2015	5e-09	4e-06	0.766967411
40	164	2015	5e-09	6e-06	0.656731319
40	164	2015	5e-09	1e-05	0.354748219
40	164	2015	5e-09	1.4e-05	0.310849184
40	164	2015	7.5e-09	0	0.307956254
40	164	2015	7.5e-09	1e-07	0.297527172
40	164	2015	7.5e-09	2.5e-07	0.642298956
40	164	2015	7.5e-09	5e-07	0.42913286
40	164	2015	7.5e-09	1e-06	0.305127019
40	164	2015	7.5e-09	2e-06	0.273941289
40	164	2015	7.5e-09	4e-06	0.310826723
40	164	2015	7.5e-09	6e-06	0.295019908
40	164	2015	7.5e-09	1e-05	0.364090953
40	164	2015	7.5e-09	1.4e-05	0.339157152
40	164	2015	1e-08	0	0.289138906
40	164	2015	1e-08	1e-07	0.295526087
40	164	2015	1e-08	2.5e-07	0.275479899
40	164	2015	1e-08	5e-07	0.281369626
40	164	2015	1e-08	1e-06	0.298307823
40	164	2015	1e-08	2e-06	0.277357922
40	164	2015	1e-08	4e-06	0.280037448
40	164	2015	1e-08	6e-06	0.282111056
40	164	2015	1e-08	1e-05	0.301794811
40	164	2015	1e-08	1.4e-05	0.286027634
209	164	2015	0	0	1
209	164	2015	0	1e-07	0.962788361
209	164	2015	0	2.5e-07	0.77750664
209	164	2015	0	5e-07	0.411269989
209	164	2015	0	1e-06	0.26198085
209	164	2015	0	2e-06	0.220303545
209	164	2015	0	4e-06	1.01443788
209	164	2015	0	6e-06	0.97279891
209	164	2015	0	1e-05	0.81978089
209	164	2015	0	1.4e-05	0.463921532
209	164	2015	1e-09	0	0.252864313
209	164	2015	1e-09	1e-07	0.23035509
209	164	2015	1e-09	2.5e-07	1.045718358
209	164	2015	1e-09	5e-07	0.931873982
209	164	2015	1e-09	1e-06	0.739414707
209	164	2015	1e-09	2e-06	0.40821844
209	164	2015	1e-09	4e-06	0.260076475
209	164	2015	1e-09	6e-06	0.237850969
209	164	2015	1e-09	1e-05	1.004355251
209	164	2015	1e-09	1.4e-05	0.887654697
209	164	2015	2.5e-09	0	0.672916185
209	164	2015	2.5e-09	1e-07	0.325616507
209	164	2015	2.5e-09	2.5e-07	0.241981163
209	164	2015	2.5e-09	5e-07	0.221770838
209	164	2015	2.5e-09	1e-06	0.947220294
209	164	2015	2.5e-09	2e-06	0.720333814
209	164	2015	2.5e-09	4e-06	0.456110505
209	164	2015	2.5e-09	6e-06	0.267895266
209	164	2015	2.5e-09	1e-05	0.219473777
209	164	2015	2.5e-09	1.4e-05	0.22613462
209	164	2015	5e-09	0	0.662424363
209	164	2015	5e-09	1e-07	0.376219712
209	164	2015	5e-09	2.5e-07	0.237116998
209	164	2015	5e-09	5e-07	0.19349181
209	164	2015	5e-09	1e-06	0.185882249
209	164	2015	5e-09	2e-06	0.210090336
209	164	2015	5e-09	4e-06	0.415874894
209	164	2015	5e-09	6e-06	0.175323633
209	164	2015	5e-09	1e-05	0.167751321
209	164	2015	5e-09	1.4e-05	0.179780067
209	164	2015	7.5e-09	0	0.182716981
209	164	2015	7.5e-09	1e-07	0.199193189
209	164	2015	7.5e-09	2.5e-07	0.311778527
209	164	2015	7.5e-09	5e-07	0.155571973
209	164	2015	7.5e-09	1e-06	0.17140933
209	164	2015	7.5e-09	2e-06	0.175168493
209	164	2015	7.5e-09	4e-06	0.197958681
209	164	2015	7.5e-09	6e-06	0.198167485
209	164	2015	7.5e-09	1e-05	0.254811219
209	164	2015	7.5e-09	1.4e-05	0.161496228
209	164	2015	1e-08	0	0.18049165
209	164	2015	1e-08	1e-07	0.184884421
209	164	2015	1e-08	2.5e-07	0.201699357
209	164	2015	1e-08	5e-07	0.218878359
209	164	2015	1e-08	1e-06	0.234765121
209	164	2015	1e-08	2e-06	0.178660036
209	164	2015	1e-08	4e-06	0.193472722
209	164	2015	1e-08	6e-06	0.199840939
209	164	2015	1e-08	1e-05	0.216749116
209	164	2015	1e-08	1.4e-05	0.226834846
28	164	2015	0	0	1
28	164	2015	0	1e-07	0.915119805
28	164	2015	0	2.5e-07	0.782682708
28	164	2015	0	5e-07	0.435193786
28	164	2015	0	1e-06	0.161369397
28	164	2015	0	2e-06	0.117520672
28	164	2015	0	4e-06	1.015648006
28	164	2015	0	6e-06	0.916519431
28	164	2015	0	1e-05	0.749169024
28	164	2015	0	1.4e-05	0.417186073
28	164	2015	1e-09	0	0.1613458
28	164	2015	1e-09	1e-07	0.130106374
28	164	2015	1e-09	2.5e-07	1.00230705
28	164	2015	1e-09	5e-07	0.929317827
28	164	2015	1e-09	1e-06	0.711566725
28	164	2015	1e-09	2e-06	0.366581472
28	164	2015	1e-09	4e-06	0.159101062
28	164	2015	1e-09	6e-06	0.118732481
28	164	2015	1e-09	1e-05	1.017459872
28	164	2015	1e-09	1.4e-05	0.893154474
28	164	2015	2.5e-09	0	0.673687842
28	164	2015	2.5e-09	1e-07	0.292921326
28	164	2015	2.5e-09	2.5e-07	0.176065287
28	164	2015	2.5e-09	5e-07	0.130538004
28	164	2015	2.5e-09	1e-06	0.945683312
28	164	2015	2.5e-09	2e-06	0.759871606
28	164	2015	2.5e-09	4e-06	0.516191458
28	164	2015	2.5e-09	6e-06	0.213385085
28	164	2015	2.5e-09	1e-05	0.130648904
28	164	2015	2.5e-09	1.4e-05	0.112586849
28	164	2015	5e-09	0	0.770583638
28	164	2015	5e-09	1e-07	0.541181215
28	164	2015	5e-09	2.5e-07	0.361950434
28	164	2015	5e-09	5e-07	0.157282914
28	164	2015	5e-09	1e-06	0.115009377
28	164	2015	5e-09	2e-06	0.101346823
28	164	2015	5e-09	4e-06	0.297931405
28	164	2015	5e-09	6e-06	0.230255049
28	164	2015	5e-09	1e-05	0.16813101
28	164	2015	5e-09	1.4e-05	0.103576061
28	164	2015	7.5e-09	0	0.105673035
28	164	2015	7.5e-09	1e-07	0.090259948
28	164	2015	7.5e-09	2.5e-07	0.164824382
28	164	2015	7.5e-09	5e-07	0.138854904
28	164	2015	7.5e-09	1e-06	0.10872578
28	164	2015	7.5e-09	2e-06	0.084639281
28	164	2015	7.5e-09	4e-06	0.086098942
28	164	2015	7.5e-09	6e-06	0.089513763
28	164	2015	7.5e-09	1e-05	0.093052735
28	164	2015	7.5e-09	1.4e-05	0.079099446
28	164	2015	1e-08	0	0.077548069
28	164	2015	1e-08	1e-07	0.079122598
28	164	2015	1e-08	2.5e-07	0.084266881
28	164	2015	1e-08	5e-07	0.081724724
28	164	2015	1e-08	1e-06	0.08066427
28	164	2015	1e-08	2e-06	0.077213826
28	164	2015	1e-08	4e-06	0.080615234
28	164	2015	1e-08	6e-06	0.091530479
28	164	2015	1e-08	1e-05	0.086724998
28	164	2015	1e-08	1.4e-05	0.096832359
210	164	2015	0	0	1
210	164	2015	0	1e-07	0.983999553
210	164	2015	0	2.5e-07	0.99395817
210	164	2015	0	5e-07	0.973584338
210	164	2015	0	1e-06	0.957852007
210	164	2015	0	2e-06	0.995040712
210	164	2015	0	4e-06	1.029136962
210	164	2015	0	6e-06	1.008176491
210	164	2015	0	1e-05	0.964241735
210	164	2015	0	1.4e-05	0.994945974
210	164	2015	1e-09	0	1.00100816
210	164	2015	1e-09	1e-07	0.957202597
210	164	2015	1e-09	2.5e-07	1.00985169
210	164	2015	1e-09	5e-07	0.990369784
210	164	2015	1e-09	1e-06	0.96782185
210	164	2015	1e-09	2e-06	1.026376569
210	164	2015	1e-09	4e-06	0.938211352
210	164	2015	1e-09	6e-06	0.958039014
210	164	2015	1e-09	1e-05	0.979929337
210	164	2015	1e-09	1.4e-05	0.964802107
210	164	2015	2.5e-09	0	0.951712255
210	164	2015	2.5e-09	1e-07	0.983745483
210	164	2015	2.5e-09	2.5e-07	0.952078704
210	164	2015	2.5e-09	5e-07	0.931170755
210	164	2015	2.5e-09	1e-06	0.965023959
210	164	2015	2.5e-09	2e-06	0.958154726
210	164	2015	2.5e-09	4e-06	0.948954211
210	164	2015	2.5e-09	6e-06	0.945881207
210	164	2015	2.5e-09	1e-05	0.921537999
210	164	2015	2.5e-09	1.4e-05	0.887169775
210	164	2015	5e-09	0	0.910254958
210	164	2015	5e-09	1e-07	0.885010658
210	164	2015	5e-09	2.5e-07	0.874772274
210	164	2015	5e-09	5e-07	0.846397581
210	164	2015	5e-09	1e-06	0.786581824
210	164	2015	5e-09	2e-06	0.759265359
210	164	2015	5e-09	4e-06	0.723650932
210	164	2015	5e-09	6e-06	0.697198321
210	164	2015	5e-09	1e-05	0.672362219
210	164	2015	5e-09	1.4e-05	0.648018993
210	164	2015	7.5e-09	0	0.653681592
210	164	2015	7.5e-09	1e-07	0.649925974
210	164	2015	7.5e-09	2.5e-07	0.600939622
210	164	2015	7.5e-09	5e-07	0.585690296
210	164	2015	7.5e-09	1e-06	0.558712353
210	164	2015	7.5e-09	2e-06	0.574409024
210	164	2015	7.5e-09	4e-06	0.587384709
210	164	2015	7.5e-09	6e-06	0.589843852
210	164	2015	7.5e-09	1e-05	0.454783975
210	164	2015	7.5e-09	1.4e-05	0.46603143
210	164	2015	1e-08	0	0.489823825
210	164	2015	1e-08	1e-07	0.507539864
210	164	2015	1e-08	2.5e-07	0.506181581
210	164	2015	1e-08	5e-07	0.510354535
210	164	2015	1e-08	1e-06	0.435140548
210	164	2015	1e-08	2e-06	0.444128177
210	164	2015	1e-08	4e-06	0.452793622
210	164	2015	1e-08	6e-06	0.481930837
210	164	2015	1e-08	1e-05	0.491594517
210	164	2015	1e-08	1.4e-05	0.486835638
7	164	2015	0	0	1
7	164	2015	0	1e-07	1.005036864
7	164	2015	0	2.5e-07	0.926016838
7	164	2015	0	5e-07	0.716944601
7	164	2015	0	1e-06	0.557652999
7	164	2015	0	2e-06	0.588568199
7	164	2015	0	4e-06	0.909660302
7	164	2015	0	6e-06	0.955080362
7	164	2015	0	1e-05	0.838417878
7	164	2015	0	1.4e-05	0.753683496
7	164	2015	1e-09	0	0.571189536
7	164	2015	1e-09	1e-07	0.526574433
7	164	2015	1e-09	2.5e-07	0.922077053
7	164	2015	1e-09	5e-07	0.898800521
7	164	2015	1e-09	1e-06	0.788259924
7	164	2015	1e-09	2e-06	0.614864043
7	164	2015	1e-09	4e-06	0.551553836
7	164	2015	1e-09	6e-06	0.498023649
7	164	2015	1e-09	1e-05	0.899442724
7	164	2015	1e-09	1.4e-05	0.885817433
7	164	2015	2.5e-09	0	0.820969088
7	164	2015	2.5e-09	1e-07	0.573786262
7	164	2015	2.5e-09	2.5e-07	0.489949805
7	164	2015	2.5e-09	5e-07	0.513976259
7	164	2015	2.5e-09	1e-06	0.822975092
7	164	2015	2.5e-09	2e-06	0.811324637
7	164	2015	2.5e-09	4e-06	0.732183314
7	164	2015	2.5e-09	6e-06	0.494063815
7	164	2015	2.5e-09	1e-05	0.458176282
7	164	2015	2.5e-09	1.4e-05	0.475151557
7	164	2015	5e-09	0	0.807074839
7	164	2015	5e-09	1e-07	0.727115469
7	164	2015	5e-09	2.5e-07	0.511347387
7	164	2015	5e-09	5e-07	0.415707077
7	164	2015	5e-09	1e-06	0.447923638
7	164	2015	5e-09	2e-06	0.449838254
7	164	2015	5e-09	4e-06	0.675933516
7	164	2015	5e-09	6e-06	0.523369497
7	164	2015	5e-09	1e-05	0.411754053
7	164	2015	5e-09	1.4e-05	0.385572821
7	164	2015	7.5e-09	0	0.414227873
7	164	2015	7.5e-09	1e-07	0.412946385
7	164	2015	7.5e-09	2.5e-07	0.56707805
7	164	2015	7.5e-09	5e-07	0.438545563
7	164	2015	7.5e-09	1e-06	0.390429323
7	164	2015	7.5e-09	2e-06	0.384351028
7	164	2015	7.5e-09	4e-06	0.387657824
7	164	2015	7.5e-09	6e-06	0.410665041
7	164	2015	7.5e-09	1e-05	0.441993132
7	164	2015	7.5e-09	1.4e-05	0.368753248
7	164	2015	1e-08	0	0.343529257
7	164	2015	1e-08	1e-07	0.364546476
7	164	2015	1e-08	2.5e-07	0.350883508
7	164	2015	1e-08	5e-07	0.378368708
7	164	2015	1e-08	1e-06	0.406111115
7	164	2015	1e-08	2e-06	0.361682429
7	164	2015	1e-08	4e-06	0.342402641
7	164	2015	1e-08	6e-06	0.340532951
7	164	2015	1e-08	1e-05	0.356570263
7	164	2015	1e-08	1.4e-05	0.37733442
211	164	2015	0	0	1
211	164	2015	0	1e-07	0.851291773
211	164	2015	0	2.5e-07	0.555494612
211	164	2015	0	5e-07	0.027175356
211	164	2015	0	1e-06	0.01223231
211	164	2015	0	2e-06	0.012703452
211	164	2015	0	4e-06	0.958024963
211	164	2015	0	6e-06	0.82003793
211	164	2015	0	1e-05	0.489577461
211	164	2015	0	1.4e-05	0.013518748
211	164	2015	1e-09	0	0.013596345
211	164	2015	1e-09	1e-07	0.012241004
211	164	2015	1e-09	2.5e-07	1.077282758
211	164	2015	1e-09	5e-07	0.818566309
211	164	2015	1e-09	1e-06	0.530630994
211	164	2015	1e-09	2e-06	0.009829958
211	164	2015	1e-09	4e-06	0.011402352
211	164	2015	1e-09	6e-06	0.012146864
211	164	2015	1e-09	1e-05	1.037569792
211	164	2015	1e-09	1.4e-05	0.857260608
211	164	2015	2.5e-09	0	0.339558541
211	164	2015	2.5e-09	1e-07	0.009779932
211	164	2015	2.5e-09	2.5e-07	0.010182748
211	164	2015	2.5e-09	5e-07	0.012460659
211	164	2015	2.5e-09	1e-06	0.98730724
211	164	2015	2.5e-09	2e-06	0.67730049
211	164	2015	2.5e-09	4e-06	0.136397016
211	164	2015	2.5e-09	6e-06	0.008579025
211	164	2015	2.5e-09	1e-05	0.00888547
211	164	2015	2.5e-09	1.4e-05	0.013245753
211	164	2015	5e-09	0	0.35082177
211	164	2015	5e-09	1e-07	0.211145043
211	164	2015	5e-09	2.5e-07	0.028906852
211	164	2015	5e-09	5e-07	0.009664484
211	164	2015	5e-09	1e-06	0.009800777
211	164	2015	5e-09	2e-06	0.010208509
211	164	2015	5e-09	4e-06	0.029794448
211	164	2015	5e-09	6e-06	0.013704462
211	164	2015	5e-09	1e-05	0.007409318
211	164	2015	5e-09	1.4e-05	0.006196677
211	164	2015	7.5e-09	0	0.009810129
211	164	2015	7.5e-09	1e-07	0.008178717
211	164	2015	7.5e-09	2.5e-07	0.017686321
211	164	2015	7.5e-09	5e-07	0.006382664
211	164	2015	7.5e-09	1e-06	0.006087801
211	164	2015	7.5e-09	2e-06	0.007321244
211	164	2015	7.5e-09	4e-06	0.007621739
211	164	2015	7.5e-09	6e-06	0.006306912
211	164	2015	7.5e-09	1e-05	0.016185097
211	164	2015	7.5e-09	1.4e-05	0.004556089
211	164	2015	1e-08	0	0.005884859
211	164	2015	1e-08	1e-07	0.007221003
211	164	2015	1e-08	2.5e-07	0.007525913
211	164	2015	1e-08	5e-07	0.008210594
211	164	2015	1e-08	1e-06	0.013359813
211	164	2015	1e-08	2e-06	0.005711774
211	164	2015	1e-08	4e-06	0.006148556
211	164	2015	1e-08	6e-06	0.006077753
211	164	2015	1e-08	1e-05	0.008205647
211	164	2015	1e-08	1.4e-05	0.008550684
186	164	2015	0	0	1
186	164	2015	0	1e-07	0.997417578
186	164	2015	0	2.5e-07	0.985417587
186	164	2015	0	5e-07	0.774021038
186	164	2015	0	1e-06	0.351745869
186	164	2015	0	2e-06	0.187849754
186	164	2015	0	4e-06	1.057667927
186	164	2015	0	6e-06	1.030754656
186	164	2015	0	1e-05	0.972629932
186	164	2015	0	1.4e-05	0.633511876
186	164	2015	1e-09	0	0.306940729
186	164	2015	1e-09	1e-07	0.151223823
186	164	2015	1e-09	2.5e-07	1.018753688
186	164	2015	1e-09	5e-07	1.070285073
186	164	2015	1e-09	1e-06	0.956385912
186	164	2015	1e-09	2e-06	0.670516761
186	164	2015	1e-09	4e-06	0.262866908
186	164	2015	1e-09	6e-06	0.170036901
186	164	2015	1e-09	1e-05	1.011938932
186	164	2015	1e-09	1.4e-05	0.982771901
186	164	2015	2.5e-09	0	0.936722487
186	164	2015	2.5e-09	1e-07	0.545829217
186	164	2015	2.5e-09	2.5e-07	0.239318405
186	164	2015	2.5e-09	5e-07	0.203299513
186	164	2015	2.5e-09	1e-06	0.954980011
186	164	2015	2.5e-09	2e-06	0.917437538
186	164	2015	2.5e-09	4e-06	0.658064303
186	164	2015	2.5e-09	6e-06	0.278308637
186	164	2015	2.5e-09	1e-05	0.160605553
186	164	2015	2.5e-09	1.4e-05	0.1529324
186	164	2015	5e-09	0	0.648371943
186	164	2015	5e-09	1e-07	0.448852034
186	164	2015	5e-09	2.5e-07	0.285437464
186	164	2015	5e-09	5e-07	0.157359294
186	164	2015	5e-09	1e-06	0.147672867
186	164	2015	5e-09	2e-06	0.135942492
186	164	2015	5e-09	4e-06	0.19961563
186	164	2015	5e-09	6e-06	0.159869485
186	164	2015	5e-09	1e-05	0.122810088
186	164	2015	5e-09	1.4e-05	0.110148497
186	164	2015	7.5e-09	0	0.123587537
186	164	2015	7.5e-09	1e-07	0.151970539
186	164	2015	7.5e-09	2.5e-07	0.135427051
186	164	2015	7.5e-09	5e-07	0.12277426
186	164	2015	7.5e-09	1e-06	0.113344404
186	164	2015	7.5e-09	2e-06	0.108302245
186	164	2015	7.5e-09	4e-06	0.124455042
186	164	2015	7.5e-09	6e-06	0.129597685
186	164	2015	7.5e-09	1e-05	0.10713603
186	164	2015	7.5e-09	1.4e-05	0.11581275
186	164	2015	1e-08	0	0.110588044
186	164	2015	1e-08	1e-07	0.12699042
186	164	2015	1e-08	2.5e-07	0.143460202
186	164	2015	1e-08	5e-07	0.181907648
186	164	2015	1e-08	1e-06	0.106013152
186	164	2015	1e-08	2e-06	0.102809652
186	164	2015	1e-08	4e-06	0.115074013
186	164	2015	1e-08	6e-06	0.147338762
186	164	2015	1e-08	1e-05	0.17601028
186	164	2015	1e-08	1.4e-05	0.180712242
212	164	2015	0	0	1
212	164	2015	0	1e-07	0.978855741
212	164	2015	0	2.5e-07	1.016236361
212	164	2015	0	5e-07	1.011545616
212	164	2015	0	1e-06	1.017941668
212	164	2015	0	2e-06	1.015031426
212	164	2015	0	4e-06	1.014140074
212	164	2015	0	6e-06	1.007184147
212	164	2015	0	1e-05	1.018735066
212	164	2015	0	1.4e-05	1.044751184
212	164	2015	1e-09	0	1.00290786
212	164	2015	1e-09	1e-07	1.036828064
212	164	2015	1e-09	2.5e-07	1.039640652
212	164	2015	1e-09	5e-07	0.999302399
212	164	2015	1e-09	1e-06	1.03496758
212	164	2015	1e-09	2e-06	1.02033688
212	164	2015	1e-09	4e-06	1.031738072
212	164	2015	1e-09	6e-06	1.043073561
212	164	2015	1e-09	1e-05	1.020905436
212	164	2015	1e-09	1.4e-05	1.010344032
212	164	2015	2.5e-09	0	1.039694011
212	164	2015	2.5e-09	1e-07	1.009053822
212	164	2015	2.5e-09	2.5e-07	1.019359854
212	164	2015	2.5e-09	5e-07	1.01480464
212	164	2015	2.5e-09	1e-06	1.002667574
212	164	2015	2.5e-09	2e-06	0.977489747
212	164	2015	2.5e-09	4e-06	1.004456249
212	164	2015	2.5e-09	6e-06	1.011228339
212	164	2015	2.5e-09	1e-05	1.021964778
212	164	2015	2.5e-09	1.4e-05	0.991849233
212	164	2015	5e-09	0	0.95787985
212	164	2015	5e-09	1e-07	0.950883127
212	164	2015	5e-09	2.5e-07	0.967826889
212	164	2015	5e-09	5e-07	0.976940134
212	164	2015	5e-09	1e-06	0.938731486
212	164	2015	5e-09	2e-06	0.918618565
212	164	2015	5e-09	4e-06	0.834062219
212	164	2015	5e-09	6e-06	0.843287362
212	164	2015	5e-09	1e-05	0.867910583
212	164	2015	5e-09	1.4e-05	0.813507462
212	164	2015	7.5e-09	0	0.771056818
212	164	2015	7.5e-09	1e-07	0.734235715
212	164	2015	7.5e-09	2.5e-07	0.705103562
212	164	2015	7.5e-09	5e-07	0.732891882
212	164	2015	7.5e-09	1e-06	0.751909302
212	164	2015	7.5e-09	2e-06	0.672481217
212	164	2015	7.5e-09	4e-06	0.634671012
212	164	2015	7.5e-09	6e-06	0.643883792
212	164	2015	7.5e-09	1e-05	0.512805404
212	164	2015	7.5e-09	1.4e-05	0.523942253
212	164	2015	1e-08	0	0.528581619
212	164	2015	1e-08	1e-07	0.496073828
212	164	2015	1e-08	2.5e-07	0.483358735
212	164	2015	1e-08	5e-07	0.47892013
212	164	2015	1e-08	1e-06	0.48669231
212	164	2015	1e-08	2e-06	0.518352774
212	164	2015	1e-08	4e-06	0.518230434
212	164	2015	1e-08	6e-06	0.505898379
212	164	2015	1e-08	1e-05	0.497673381
212	164	2015	1e-08	1.4e-05	0.493987497
213	164	2015	0	0	1
213	164	2015	0	1e-07	1.018138104
213	164	2015	0	2.5e-07	0.995612502
213	164	2015	0	5e-07	0.972661363
213	164	2015	0	1e-06	0.814601823
213	164	2015	0	2e-06	0.627681312
213	164	2015	0	4e-06	1.013606103
213	164	2015	0	6e-06	1.005244901
213	164	2015	0	1e-05	0.983819492
213	164	2015	0	1.4e-05	0.96185728
213	164	2015	1e-09	0	0.821718466
213	164	2015	1e-09	1e-07	0.580754175
213	164	2015	1e-09	2.5e-07	0.995517673
213	164	2015	1e-09	5e-07	1.000110159
213	164	2015	1e-09	1e-06	0.988151521
213	164	2015	1e-09	2e-06	0.975161447
213	164	2015	1e-09	4e-06	0.79715779
213	164	2015	1e-09	6e-06	0.579550782
213	164	2015	1e-09	1e-05	1.053895776
213	164	2015	1e-09	1.4e-05	1.027700547
213	164	2015	2.5e-09	0	0.970257273
213	164	2015	2.5e-09	1e-07	0.955778468
213	164	2015	2.5e-09	2.5e-07	0.819803855
213	164	2015	2.5e-09	5e-07	0.615245126
213	164	2015	2.5e-09	1e-06	0.984719556
213	164	2015	2.5e-09	2e-06	0.977024136
213	164	2015	2.5e-09	4e-06	0.978992061
213	164	2015	2.5e-09	6e-06	0.935674442
213	164	2015	2.5e-09	1e-05	0.780073274
213	164	2015	2.5e-09	1.4e-05	0.558297632
213	164	2015	5e-09	0	1.049920131
213	164	2015	5e-09	1e-07	0.987091338
213	164	2015	5e-09	2.5e-07	1.011878922
213	164	2015	5e-09	5e-07	0.901986218
213	164	2015	5e-09	1e-06	0.63072906
213	164	2015	5e-09	2e-06	0.492395803
213	164	2015	5e-09	4e-06	0.997443182
213	164	2015	5e-09	6e-06	0.955923986
213	164	2015	5e-09	1e-05	0.92408526
213	164	2015	5e-09	1.4e-05	0.764093721
213	164	2015	7.5e-09	0	0.485560768
213	164	2015	7.5e-09	1e-07	0.430332452
213	164	2015	7.5e-09	2.5e-07	0.839816434
213	164	2015	7.5e-09	5e-07	0.835258802
213	164	2015	7.5e-09	1e-06	0.780186278
213	164	2015	7.5e-09	2e-06	0.603156294
213	164	2015	7.5e-09	4e-06	0.450144348
213	164	2015	7.5e-09	6e-06	0.423635212
213	164	2015	7.5e-09	1e-05	0.562777612
213	164	2015	7.5e-09	1.4e-05	0.510955494
213	164	2015	1e-08	0	0.485616091
213	164	2015	1e-08	1e-07	0.436449516
213	164	2015	1e-08	2.5e-07	0.382624058
213	164	2015	1e-08	5e-07	0.365527259
213	164	2015	1e-08	1e-06	0.453679749
213	164	2015	1e-08	2e-06	0.439510525
213	164	2015	1e-08	4e-06	0.412039493
213	164	2015	1e-08	6e-06	0.394475624
213	164	2015	1e-08	1e-05	0.370066844
213	164	2015	1e-08	1.4e-05	0.354537033
39	164	2015	0	0	1
39	164	2015	0	1e-07	1.029511869
39	164	2015	0	2.5e-07	1.013302788
39	164	2015	0	5e-07	1.044046633
39	164	2015	0	1e-06	1.024125389
39	164	2015	0	2e-06	0.995026491
39	164	2015	0	4e-06	1.051100692
39	164	2015	0	6e-06	1.045191359
39	164	2015	0	1e-05	1.06572417
39	164	2015	0	1.4e-05	1.06112256
39	164	2015	1e-09	0	1.04162929
39	164	2015	1e-09	1e-07	1.041465754
39	164	2015	1e-09	2.5e-07	1.063729276
39	164	2015	1e-09	5e-07	1.035270235
39	164	2015	1e-09	1e-06	1.040673743
39	164	2015	1e-09	2e-06	1.068360482
39	164	2015	1e-09	4e-06	1.056838363
39	164	2015	1e-09	6e-06	1.025898951
39	164	2015	1e-09	1e-05	1.000954551
39	164	2015	1e-09	1.4e-05	1.034336728
39	164	2015	2.5e-09	0	1.048315022
39	164	2015	2.5e-09	1e-07	1.058919966
39	164	2015	2.5e-09	2.5e-07	1.019813242
39	164	2015	2.5e-09	5e-07	1.063462092
39	164	2015	2.5e-09	1e-06	0.968837336
39	164	2015	2.5e-09	2e-06	0.936210629
39	164	2015	2.5e-09	4e-06	0.94535708
39	164	2015	2.5e-09	6e-06	0.912745117
39	164	2015	2.5e-09	1e-05	0.905851722
39	164	2015	2.5e-09	1.4e-05	0.801732112
39	164	2015	5e-09	0	0.699733922
39	164	2015	5e-09	1e-07	0.705099537
39	164	2015	5e-09	2.5e-07	0.681829821
39	164	2015	5e-09	5e-07	0.643793051
39	164	2015	5e-09	1e-06	0.583422944
39	164	2015	5e-09	2e-06	0.530802805
39	164	2015	5e-09	4e-06	0.387070607
39	164	2015	5e-09	6e-06	0.376774759
39	164	2015	5e-09	1e-05	0.327748623
39	164	2015	5e-09	1.4e-05	0.333085323
39	164	2015	7.5e-09	0	0.346970426
39	164	2015	7.5e-09	1e-07	0.340493314
39	164	2015	7.5e-09	2.5e-07	0.273055567
39	164	2015	7.5e-09	5e-07	0.262702722
39	164	2015	7.5e-09	1e-06	0.268402652
39	164	2015	7.5e-09	2e-06	0.268616416
39	164	2015	7.5e-09	4e-06	0.287424949
39	164	2015	7.5e-09	6e-06	0.292366577
39	164	2015	7.5e-09	1e-05	0.225540643
39	164	2015	7.5e-09	1.4e-05	0.242024182
39	164	2015	1e-08	0	0.222873859
39	164	2015	1e-08	1e-07	0.219780525
39	164	2015	1e-08	2.5e-07	0.236788854
39	164	2015	1e-08	5e-07	0.237279403
39	164	2015	1e-08	1e-06	0.249189834
39	164	2015	1e-08	2e-06	0.216840759
39	164	2015	1e-08	4e-06	0.216567068
39	164	2015	1e-08	6e-06	0.213698544
39	164	2015	1e-08	1e-05	0.206175309
39	164	2015	1e-08	1.4e-05	0.231538452
