name	drugA	drugB	concA	concB	hsa
197	164	2015	0	0	0
197	164	2015	0	1e-07	0
197	164	2015	0	2.5e-07	0
197	164	2015	0	5e-07	0
197	164	2015	0	1e-06	0
197	164	2015	0	2e-06	0
197	164	2015	0	4e-06	0
197	164	2015	0	6e-06	-0.0407062839999999
197	164	2015	0	1e-05	-0.015113511
197	164	2015	0	1.4e-05	-0.0570954040000001
197	164	2015	1e-09	0	-0.305234656
197	164	2015	1e-09	1e-07	-0.585957771
197	164	2015	1e-09	2.5e-07	0
197	164	2015	1e-09	5e-07	-0.00967117500000001
197	164	2015	1e-09	1e-06	-0.00953754399999994
197	164	2015	1e-09	2e-06	-0.070707467
197	164	2015	1e-09	4e-06	-0.401814045
197	164	2015	1e-09	6e-06	-0.672487233
197	164	2015	1e-09	1e-05	0
197	164	2015	1e-09	1.4e-05	-0.0118334759999999
197	164	2015	2.5e-09	0	-0.0368610660000002
197	164	2015	2.5e-09	1e-07	-0.122920969
197	164	2015	2.5e-09	2.5e-07	-0.387506675
197	164	2015	2.5e-09	5e-07	-0.708457201
197	164	2015	2.5e-09	1e-06	0
197	164	2015	2.5e-09	2e-06	-0.0199096159999999
197	164	2015	2.5e-09	4e-06	-0.0359729859999999
197	164	2015	2.5e-09	6e-06	-0.156274922
197	164	2015	2.5e-09	1e-05	-0.479880182
197	164	2015	2.5e-09	1.4e-05	-0.73196106
197	164	2015	5e-09	0	0
197	164	2015	5e-09	1e-07	-0.0340138450000001
197	164	2015	5e-09	2.5e-07	-0.0609662540000001
197	164	2015	5e-09	5e-07	-0.331786253
197	164	2015	5e-09	1e-06	-0.6439668
197	164	2015	5e-09	2e-06	-0.766949711
197	164	2015	5e-09	4e-06	0
197	164	2015	5e-09	6e-06	-0.19921753
197	164	2015	5e-09	1e-05	-0.367691756
197	164	2015	5e-09	1.4e-05	-0.669105568
197	164	2015	7.5e-09	0	-0.659034029
197	164	2015	7.5e-09	1e-07	-0.679680082
197	164	2015	7.5e-09	2.5e-07	0
197	164	2015	7.5e-09	5e-07	-0.391106392
197	164	2015	7.5e-09	1e-06	-0.576507511
197	164	2015	7.5e-09	2e-06	-0.779356212
197	164	2015	7.5e-09	4e-06	-0.526746405
197	164	2015	7.5e-09	6e-06	-0.534516435
197	164	2015	7.5e-09	1e-05	0
197	164	2015	7.5e-09	1.4e-05	-0.697119632
197	164	2015	1e-08	0	-0.79847998
197	164	2015	1e-08	1e-07	-0.834716366
197	164	2015	1e-08	2.5e-07	-0.434301786
197	164	2015	1e-08	5e-07	-0.303392117
197	164	2015	1e-08	1e-06	0
197	164	2015	1e-08	2e-06	-0.80057705
197	164	2015	1e-08	4e-06	-0.821668542
197	164	2015	1e-08	6e-06	-0.83491214
197	164	2015	1e-08	1e-05	-0.437832249
197	164	2015	1e-08	1.4e-05	-0.30665615
5	164	2015	0	0	0
5	164	2015	0	1e-07	0
5	164	2015	0	2.5e-07	0
5	164	2015	0	5e-07	0
5	164	2015	0	1e-06	0
5	164	2015	0	2e-06	0
5	164	2015	0	4e-06	0
5	164	2015	0	6e-06	-0.0383525960000001
5	164	2015	0	1e-05	-0.0122401719999999
5	164	2015	0	1.4e-05	-0.020127914
5	164	2015	1e-09	0	-0.293514684
5	164	2015	1e-09	1e-07	-0.420603425
5	164	2015	1e-09	2.5e-07	0
5	164	2015	1e-09	5e-07	-0.06863805
5	164	2015	1e-09	1e-06	-0.0274783210000001
5	164	2015	1e-09	2e-06	-0.00669276400000001
5	164	2015	1e-09	4e-06	-0.225614401
5	164	2015	1e-09	6e-06	-0.379224626
5	164	2015	1e-09	1e-05	0
5	164	2015	1e-09	1.4e-05	-0.0813847100000001
5	164	2015	2.5e-09	0	-0.033165935
5	164	2015	2.5e-09	1e-07	-0.0345664149999999
5	164	2015	2.5e-09	2.5e-07	-0.301549186
5	164	2015	2.5e-09	5e-07	-0.433850799
5	164	2015	2.5e-09	1e-06	0
5	164	2015	2.5e-09	2e-06	-0.090906573
5	164	2015	2.5e-09	4e-06	-0.0398570980000001
5	164	2015	2.5e-09	6e-06	-0.0508551240000001
5	164	2015	2.5e-09	1e-05	-0.291356597
5	164	2015	2.5e-09	1.4e-05	-0.382050042
5	164	2015	5e-09	0	0
5	164	2015	5e-09	1e-07	-0.125337081
5	164	2015	5e-09	2.5e-07	-0.060653865
5	164	2015	5e-09	5e-07	-0.22874088
5	164	2015	5e-09	1e-06	-0.379438042
5	164	2015	5e-09	2e-06	-0.413363176
5	164	2015	5e-09	4e-06	0
5	164	2015	5e-09	6e-06	-0.320175269
5	164	2015	5e-09	1e-05	-0.360395853
5	164	2015	5e-09	1.4e-05	-0.43101322
5	164	2015	7.5e-09	0	-0.231447054
5	164	2015	7.5e-09	1e-07	-0.258703377
5	164	2015	7.5e-09	2.5e-07	0
5	164	2015	7.5e-09	5e-07	-0.446431494
5	164	2015	7.5e-09	1e-06	-0.445185339
5	164	2015	7.5e-09	2e-06	-0.478884771
5	164	2015	7.5e-09	4e-06	-0.263661332
5	164	2015	7.5e-09	6e-06	-0.134455715
5	164	2015	7.5e-09	1e-05	0
5	164	2015	7.5e-09	1.4e-05	-0.529633078
5	164	2015	1e-08	0	-0.510924295
5	164	2015	1e-08	1e-07	-0.515129509
5	164	2015	1e-08	2.5e-07	-0.292018953
5	164	2015	1e-08	5e-07	-0.136326814
5	164	2015	1e-08	1e-06	0
5	164	2015	1e-08	2e-06	-0.544062856
5	164	2015	1e-08	4e-06	-0.49973975
5	164	2015	1e-08	6e-06	-0.51998209
5	164	2015	1e-08	1e-05	-0.286509558
5	164	2015	1e-08	1.4e-05	-0.127442815
198	164	2015	0	0	0
198	164	2015	0	1e-07	0
198	164	2015	0	2.5e-07	0
198	164	2015	0	5e-07	0
198	164	2015	0	1e-06	0
198	164	2015	0	2e-06	0
198	164	2015	0	4e-06	0
198	164	2015	0	6e-06	0.031240492
198	164	2015	0	1e-05	0.0269805580000001
198	164	2015	0	1.4e-05	-0.338176246
198	164	2015	1e-09	0	-0.877057056
198	164	2015	1e-09	1e-07	-0.953663694
198	164	2015	1e-09	2.5e-07	0
198	164	2015	1e-09	5e-07	0.00664735000000022
198	164	2015	1e-09	1e-06	0.029226773
198	164	2015	1e-09	2e-06	-0.510335095
198	164	2015	1e-09	4e-06	-0.92488532
198	164	2015	1e-09	6e-06	-0.954608944
198	164	2015	1e-09	1e-05	0
198	164	2015	1e-09	1.4e-05	-0.00776989200000003
198	164	2015	2.5e-09	0	-0.11357242
198	164	2015	2.5e-09	1e-07	-0.673009258
198	164	2015	2.5e-09	2.5e-07	-0.986850702
198	164	2015	2.5e-09	5e-07	-1.003348693
198	164	2015	2.5e-09	1e-06	0
198	164	2015	2.5e-09	2e-06	-0.0283485639999999
198	164	2015	2.5e-09	4e-06	-0.184030427
198	164	2015	2.5e-09	6e-06	-0.891601175
198	164	2015	2.5e-09	1e-05	-0.971752909
198	164	2015	2.5e-09	1.4e-05	-0.973416663
198	164	2015	5e-09	0	0
198	164	2015	5e-09	1e-07	-0.123437386
198	164	2015	5e-09	2.5e-07	-0.637840016
198	164	2015	5e-09	5e-07	-0.808641005
198	164	2015	5e-09	1e-06	-0.814532206
198	164	2015	5e-09	2e-06	-0.816266486
198	164	2015	5e-09	4e-06	0
198	164	2015	5e-09	6e-06	-0.668596706
198	164	2015	5e-09	1e-05	-0.922383358
198	164	2015	5e-09	1.4e-05	-0.468897136
198	164	2015	7.5e-09	0	-0.370595171
198	164	2015	7.5e-09	1e-07	-0.367295597
198	164	2015	7.5e-09	2.5e-07	0
198	164	2015	7.5e-09	5e-07	-0.917470731
198	164	2015	7.5e-09	1e-06	-0.934462247
198	164	2015	7.5e-09	2e-06	-0.471910063
198	164	2015	7.5e-09	4e-06	-0.117499518
198	164	2015	7.5e-09	6e-06	-0.117772174
198	164	2015	7.5e-09	1e-05	0
198	164	2015	7.5e-09	1.4e-05	-0.983383911
198	164	2015	1e-08	0	-0.930262231
198	164	2015	1e-08	1e-07	-0.468326817
198	164	2015	1e-08	2.5e-07	-0.059611771
198	164	2015	1e-08	5e-07	-0.029958062
198	164	2015	1e-08	1e-06	0
198	164	2015	1e-08	2e-06	-0.98177826
198	164	2015	1e-08	4e-06	-0.930455339
198	164	2015	1e-08	6e-06	-0.469071436
198	164	2015	1e-08	1e-05	-0.057835082
198	164	2015	1e-08	1.4e-05	-0.008745251
94	164	2015	0	0	0
94	164	2015	0	1e-07	0
94	164	2015	0	2.5e-07	0
94	164	2015	0	5e-07	0
94	164	2015	0	1e-06	0
94	164	2015	0	2e-06	0
94	164	2015	0	4e-06	0
94	164	2015	0	6e-06	0.0201376839999998
94	164	2015	0	1e-05	0.0296253330000002
94	164	2015	0	1.4e-05	0.00211892800000001
94	164	2015	1e-09	0	-0.00665629499999994
94	164	2015	1e-09	1e-07	-0.065565646
94	164	2015	1e-09	2.5e-07	0
94	164	2015	1e-09	5e-07	-0.003896151
94	164	2015	1e-09	1e-06	-0.0133157640000002
94	164	2015	1e-09	2e-06	-0.052340444
94	164	2015	1e-09	4e-06	-0.0274514910000001
94	164	2015	1e-09	6e-06	-0.104185361
94	164	2015	1e-09	1e-05	0
94	164	2015	1e-09	1.4e-05	-0.0174413380000001
94	164	2015	2.5e-09	0	0.0227369450000001
94	164	2015	2.5e-09	1e-07	0.0129190670000001
94	164	2015	2.5e-09	2.5e-07	0.024009623
94	164	2015	2.5e-09	5e-07	-0.214675766
94	164	2015	2.5e-09	1e-06	0
94	164	2015	2.5e-09	2e-06	-0.0136419189999999
94	164	2015	2.5e-09	4e-06	-0.0125599029999999
94	164	2015	2.5e-09	6e-06	-0.0340527680000001
94	164	2015	2.5e-09	1e-05	-0.280590302
94	164	2015	2.5e-09	1.4e-05	-0.511747599
94	164	2015	5e-09	0	0
94	164	2015	5e-09	1e-07	0.0269109159999998
94	164	2015	5e-09	2.5e-07	-0.00132117199999996
94	164	2015	5e-09	5e-07	-0.262085529
94	164	2015	5e-09	1e-06	-0.502369332
94	164	2015	5e-09	2e-06	-0.636948718
94	164	2015	5e-09	4e-06	0
94	164	2015	5e-09	6e-06	-0.293405571
94	164	2015	5e-09	1e-05	-0.37477723
94	164	2015	5e-09	1.4e-05	-0.658103356
94	164	2015	7.5e-09	0	-0.660031668
94	164	2015	7.5e-09	1e-07	-0.490987304
94	164	2015	7.5e-09	2.5e-07	0
94	164	2015	7.5e-09	5e-07	-0.634594887
94	164	2015	7.5e-09	1e-06	-0.63915405
94	164	2015	7.5e-09	2e-06	-0.778682221
94	164	2015	7.5e-09	4e-06	-0.722695378
94	164	2015	7.5e-09	6e-06	-0.521808693
94	164	2015	7.5e-09	1e-05	0
94	164	2015	7.5e-09	1.4e-05	-0.751857806
94	164	2015	1e-08	0	-0.766337618
94	164	2015	1e-08	1e-07	-0.837449217
94	164	2015	1e-08	2.5e-07	-0.748384496
94	164	2015	1e-08	5e-07	-0.580719705
94	164	2015	1e-08	1e-06	0
94	164	2015	1e-08	2e-06	-0.780351415
94	164	2015	1e-08	4e-06	-0.757634369
94	164	2015	1e-08	6e-06	-0.838846323
94	164	2015	1e-08	1e-05	-0.763555751
94	164	2015	1e-08	1.4e-05	-0.573061789
199	164	2015	0	0	0
199	164	2015	0	1e-07	0
199	164	2015	0	2.5e-07	0
199	164	2015	0	5e-07	0
199	164	2015	0	1e-06	0
199	164	2015	0	2e-06	0
199	164	2015	0	4e-06	0
199	164	2015	0	6e-06	-0.0141945109999999
199	164	2015	0	1e-05	0.0112930630000001
199	164	2015	0	1.4e-05	-0.264075944
199	164	2015	1e-09	0	-0.872034498
199	164	2015	1e-09	1e-07	-0.990482672
199	164	2015	1e-09	2.5e-07	0
199	164	2015	1e-09	5e-07	-0.0429680610000001
199	164	2015	1e-09	1e-06	-0.013187472
199	164	2015	1e-09	2e-06	-0.50087604
199	164	2015	1e-09	4e-06	-0.966107557
199	164	2015	1e-09	6e-06	-0.996457535
199	164	2015	1e-09	1e-05	0
199	164	2015	1e-09	1.4e-05	-0.032820617
199	164	2015	2.5e-09	0	-0.138051943
199	164	2015	2.5e-09	1e-07	-0.759517959
199	164	2015	2.5e-09	2.5e-07	-0.959443508
199	164	2015	2.5e-09	5e-07	-0.972243333
199	164	2015	2.5e-09	1e-06	0
199	164	2015	2.5e-09	2e-06	-0.137443843
199	164	2015	2.5e-09	4e-06	-0.550782287
199	164	2015	2.5e-09	6e-06	-0.925515682
199	164	2015	2.5e-09	1e-05	-0.965432532
199	164	2015	2.5e-09	1.4e-05	-0.972329809
199	164	2015	5e-09	0	0
199	164	2015	5e-09	1e-07	-0.49607915
199	164	2015	5e-09	2.5e-07	-0.78022791
199	164	2015	5e-09	5e-07	-0.745709328
199	164	2015	5e-09	1e-06	-0.672221286
199	164	2015	5e-09	2e-06	-0.670355418
199	164	2015	5e-09	4e-06	0
199	164	2015	5e-09	6e-06	-0.873291493
199	164	2015	5e-09	1e-05	-0.911685179
199	164	2015	5e-09	1.4e-05	-0.757995167
199	164	2015	7.5e-09	0	-0.290846251
199	164	2015	7.5e-09	1e-07	-0.293079245
199	164	2015	7.5e-09	2.5e-07	0
199	164	2015	7.5e-09	5e-07	-0.950111535
199	164	2015	7.5e-09	1e-06	-0.924053863
199	164	2015	7.5e-09	2e-06	-0.760281735
199	164	2015	7.5e-09	4e-06	-0.110348066
199	164	2015	7.5e-09	6e-06	-0.107126384
199	164	2015	7.5e-09	1e-05	0
199	164	2015	7.5e-09	1.4e-05	-0.97072821
199	164	2015	1e-08	0	-0.919517451
199	164	2015	1e-08	1e-07	-0.753922382
199	164	2015	1e-08	2.5e-07	-0.102148928
199	164	2015	1e-08	5e-07	-0.027598342
199	164	2015	1e-08	1e-06	0
199	164	2015	1e-08	2e-06	-0.974824966
199	164	2015	1e-08	4e-06	-0.917108529
199	164	2015	1e-08	6e-06	-0.750119577
199	164	2015	1e-08	1e-05	-0.100632026
199	164	2015	1e-08	1.4e-05	-0.019699829
200	164	2015	0	0	0
200	164	2015	0	1e-07	0
200	164	2015	0	2.5e-07	0
200	164	2015	0	5e-07	0
200	164	2015	0	1e-06	0
200	164	2015	0	2e-06	0
200	164	2015	0	4e-06	0
200	164	2015	0	6e-06	-0.0863788570000001
200	164	2015	0	1e-05	0.019199934
200	164	2015	0	1.4e-05	-0.210913957
200	164	2015	1e-09	0	-0.795153068
200	164	2015	1e-09	1e-07	-0.844087179
200	164	2015	1e-09	2.5e-07	0
200	164	2015	1e-09	5e-07	-0.0697973870000001
200	164	2015	1e-09	1e-06	-0.087610452
200	164	2015	1e-09	2e-06	-0.264935179
200	164	2015	1e-09	4e-06	-0.795380527
200	164	2015	1e-09	6e-06	-0.89531953
200	164	2015	1e-09	1e-05	0
200	164	2015	1e-09	1.4e-05	-0.105632745
200	164	2015	2.5e-09	0	-0.103718539
200	164	2015	2.5e-09	1e-07	-0.383113739
200	164	2015	2.5e-09	2.5e-07	-0.815719863
200	164	2015	2.5e-09	5e-07	-0.823171753
200	164	2015	2.5e-09	1e-06	0
200	164	2015	2.5e-09	2e-06	-0.0866400180000001
200	164	2015	2.5e-09	4e-06	-0.181829765
200	164	2015	2.5e-09	6e-06	-0.627040878
200	164	2015	2.5e-09	1e-05	-0.814457205
200	164	2015	2.5e-09	1.4e-05	-0.823637116
200	164	2015	5e-09	0	0
200	164	2015	5e-09	1e-07	-0.220429963
200	164	2015	5e-09	2.5e-07	-0.493678282
200	164	2015	5e-09	5e-07	-0.710308419
200	164	2015	5e-09	1e-06	-0.698460586
200	164	2015	5e-09	2e-06	-0.700496754
200	164	2015	5e-09	4e-06	0
200	164	2015	5e-09	6e-06	-0.862891995
200	164	2015	5e-09	1e-05	-0.880304556
200	164	2015	5e-09	1.4e-05	-0.743330356
200	164	2015	7.5e-09	0	-0.230705464
200	164	2015	7.5e-09	1e-07	-0.144348475
200	164	2015	7.5e-09	2.5e-07	0
200	164	2015	7.5e-09	5e-07	-0.915939042
200	164	2015	7.5e-09	1e-06	-0.891677065
200	164	2015	7.5e-09	2e-06	-0.748718057
200	164	2015	7.5e-09	4e-06	-0.227016855
200	164	2015	7.5e-09	6e-06	-0.117783163
200	164	2015	7.5e-09	1e-05	0
200	164	2015	7.5e-09	1.4e-05	-0.935789392
200	164	2015	1e-08	0	-0.909312054
200	164	2015	1e-08	1e-07	-0.752940876
200	164	2015	1e-08	2.5e-07	-0.234276922
200	164	2015	1e-08	5e-07	-0.121950597
200	164	2015	1e-08	1e-06	0
200	164	2015	1e-08	2e-06	-0.944229615
200	164	2015	1e-08	4e-06	-0.92048507
200	164	2015	1e-08	6e-06	-0.764674072
200	164	2015	1e-08	1e-05	-0.249319064
200	164	2015	1e-08	1.4e-05	-0.132378792
201	164	2015	0	0	0
201	164	2015	0	1e-07	0
201	164	2015	0	2.5e-07	0
201	164	2015	0	5e-07	0
201	164	2015	0	1e-06	0
201	164	2015	0	2e-06	0
201	164	2015	0	4e-06	0
201	164	2015	0	6e-06	0.0654501539999998
201	164	2015	0	1e-05	0.0163074440000001
201	164	2015	0	1.4e-05	0.0731885220000001
201	164	2015	1e-09	0	-0.163319936
201	164	2015	1e-09	1e-07	-0.378391204
201	164	2015	1e-09	2.5e-07	0
201	164	2015	1e-09	5e-07	0.0536843730000001
201	164	2015	1e-09	1e-06	-0.00788620600000002
201	164	2015	1e-09	2e-06	-0.00560505199999994
201	164	2015	1e-09	4e-06	-0.251681075
201	164	2015	1e-09	6e-06	-0.426299203
201	164	2015	1e-09	1e-05	0
201	164	2015	1e-09	1.4e-05	0.00865651999999997
201	164	2015	2.5e-09	0	-0.082104657
201	164	2015	2.5e-09	1e-07	0.00178192899999999
201	164	2015	2.5e-09	2.5e-07	-0.317428281
201	164	2015	2.5e-09	5e-07	-0.418218063
201	164	2015	2.5e-09	1e-06	0
201	164	2015	2.5e-09	2e-06	-0.0348567010000001
201	164	2015	2.5e-09	4e-06	-0.0898534219999999
201	164	2015	2.5e-09	6e-06	-0.074634341
201	164	2015	2.5e-09	1e-05	-0.306462822
201	164	2015	2.5e-09	1.4e-05	-0.40974828
201	164	2015	5e-09	0	0
201	164	2015	5e-09	1e-07	-0.134661872
201	164	2015	5e-09	2.5e-07	-0.20637125
201	164	2015	5e-09	5e-07	-0.360521535
201	164	2015	5e-09	1e-06	-0.363297665
201	164	2015	5e-09	2e-06	-0.364510757
201	164	2015	5e-09	4e-06	0
201	164	2015	5e-09	6e-06	-0.231275856
201	164	2015	5e-09	1e-05	-0.297048236
201	164	2015	5e-09	1.4e-05	-0.417118695
201	164	2015	7.5e-09	0	-0.308562023
201	164	2015	7.5e-09	1e-07	-0.328520552
201	164	2015	7.5e-09	2.5e-07	0
201	164	2015	7.5e-09	5e-07	-0.276500147
201	164	2015	7.5e-09	1e-06	-0.383338362
201	164	2015	7.5e-09	2e-06	-0.447657836
201	164	2015	7.5e-09	4e-06	-0.288074802
201	164	2015	7.5e-09	6e-06	-0.28880781
201	164	2015	7.5e-09	1e-05	0
201	164	2015	7.5e-09	1.4e-05	-0.381050695
201	164	2015	1e-08	0	-0.498030775
201	164	2015	1e-08	1e-07	-0.505045477
201	164	2015	1e-08	2.5e-07	-0.182799057
201	164	2015	1e-08	5e-07	-0.199091564
201	164	2015	1e-08	1e-06	0
201	164	2015	1e-08	2e-06	-0.482671864
201	164	2015	1e-08	4e-06	-0.654037755
201	164	2015	1e-08	6e-06	-0.550052643
201	164	2015	1e-08	1e-05	-0.227305581
201	164	2015	1e-08	1.4e-05	-0.127605762
202	164	2015	0	0	0
202	164	2015	0	1e-07	0
202	164	2015	0	2.5e-07	0
202	164	2015	0	5e-07	0
202	164	2015	0	1e-06	0
202	164	2015	0	2e-06	0
202	164	2015	0	4e-06	0
202	164	2015	0	6e-06	0.0245378339999999
202	164	2015	0	1e-05	-0.021831292
202	164	2015	0	1.4e-05	-0.00477900399999996
202	164	2015	1e-09	0	0.00357308799999984
202	164	2015	1e-09	1e-07	-0.0643397960000001
202	164	2015	1e-09	2.5e-07	0
202	164	2015	1e-09	5e-07	0.00900615399999992
202	164	2015	1e-09	1e-06	-0.0470440579999999
202	164	2015	1e-09	2e-06	0.0284380830000001
202	164	2015	1e-09	4e-06	-0.019106111
202	164	2015	1e-09	6e-06	-0.015221042
202	164	2015	1e-09	1e-05	0
202	164	2015	1e-09	1.4e-05	-0.00885954600000005
202	164	2015	2.5e-09	0	-0.035742803
202	164	2015	2.5e-09	1e-07	0.0129529900000001
202	164	2015	2.5e-09	2.5e-07	-0.00215426500000007
202	164	2015	2.5e-09	5e-07	-0.033049319
202	164	2015	2.5e-09	1e-06	0
202	164	2015	2.5e-09	2e-06	0.018065572
202	164	2015	2.5e-09	4e-06	-0.0628549229999999
202	164	2015	2.5e-09	6e-06	-0.0353048179999999
202	164	2015	2.5e-09	1e-05	-0.0067765390000001
202	164	2015	2.5e-09	1.4e-05	-0.07851347
202	164	2015	5e-09	0	0
202	164	2015	5e-09	1e-07	-0.148198975
202	164	2015	5e-09	2.5e-07	-0.164023432
202	164	2015	5e-09	5e-07	-0.210306106
202	164	2015	5e-09	1e-06	-0.170933709
202	164	2015	5e-09	2e-06	-0.174398113
202	164	2015	5e-09	4e-06	0
202	164	2015	5e-09	6e-06	-0.145958739
202	164	2015	5e-09	1e-05	-0.271890582
202	164	2015	5e-09	1.4e-05	-0.272740539
202	164	2015	7.5e-09	0	-0.229750378
202	164	2015	7.5e-09	1e-07	-0.249510011
202	164	2015	7.5e-09	2.5e-07	0
202	164	2015	7.5e-09	5e-07	-0.292226869
202	164	2015	7.5e-09	1e-06	-0.373405159
202	164	2015	7.5e-09	2e-06	-0.311801527
202	164	2015	7.5e-09	4e-06	-0.297354447
202	164	2015	7.5e-09	6e-06	-0.314732928
202	164	2015	7.5e-09	1e-05	0
202	164	2015	7.5e-09	1.4e-05	-0.312579173
202	164	2015	1e-08	0	-0.391833928
202	164	2015	1e-08	1e-07	-0.38100413
202	164	2015	1e-08	2.5e-07	-0.355126326
202	164	2015	1e-08	5e-07	-0.342474485
202	164	2015	1e-08	1e-06	0
202	164	2015	1e-08	2e-06	-0.4202812
202	164	2015	1e-08	4e-06	-0.491400108
202	164	2015	1e-08	6e-06	-0.42590516
202	164	2015	1e-08	1e-05	-0.378793353
202	164	2015	1e-08	1.4e-05	-0.331877573
203	164	2015	0	0	0
203	164	2015	0	1e-07	0
203	164	2015	0	2.5e-07	0
203	164	2015	0	5e-07	0
203	164	2015	0	1e-06	0
203	164	2015	0	2e-06	0
203	164	2015	0	4e-06	0
203	164	2015	0	6e-06	-0.00906628600000005
203	164	2015	0	1e-05	-0.0354001500000001
203	164	2015	0	1.4e-05	-0.00917991499999999
203	164	2015	1e-09	0	0.00304801699999999
203	164	2015	1e-09	1e-07	-0.0506071489999998
203	164	2015	1e-09	2.5e-07	0
203	164	2015	1e-09	5e-07	-0.024399264
203	164	2015	1e-09	1e-06	-0.056139313
203	164	2015	1e-09	2e-06	-0.00916495800000007
203	164	2015	1e-09	4e-06	-0.036953496
203	164	2015	1e-09	6e-06	-0.0330305319999999
203	164	2015	1e-09	1e-05	0
203	164	2015	1e-09	1.4e-05	-0.067740385
203	164	2015	2.5e-09	0	-0.0754521240000001
203	164	2015	2.5e-09	1e-07	-0.0635466480000001
203	164	2015	2.5e-09	2.5e-07	-0.062424944
203	164	2015	2.5e-09	5e-07	-0.116082529
203	164	2015	2.5e-09	1e-06	0
203	164	2015	2.5e-09	2e-06	-0.082578559
203	164	2015	2.5e-09	4e-06	-0.111930447
203	164	2015	2.5e-09	6e-06	-0.108212682
203	164	2015	2.5e-09	1e-05	-0.128116807
203	164	2015	2.5e-09	1.4e-05	-0.266068926
203	164	2015	5e-09	0	0
203	164	2015	5e-09	1e-07	-0.154573733
203	164	2015	5e-09	2.5e-07	-0.207850166
203	164	2015	5e-09	5e-07	-0.294416164
203	164	2015	5e-09	1e-06	-0.389492024
203	164	2015	5e-09	2e-06	-0.567414493
203	164	2015	5e-09	4e-06	0
203	164	2015	5e-09	6e-06	-0.503418288
203	164	2015	5e-09	1e-05	-0.645960603
203	164	2015	5e-09	1.4e-05	-0.745934171
203	164	2015	7.5e-09	0	-0.742220863
203	164	2015	7.5e-09	1e-07	-0.800220765
203	164	2015	7.5e-09	2.5e-07	0
203	164	2015	7.5e-09	5e-07	-0.625793581
203	164	2015	7.5e-09	1e-06	-0.729795311
203	164	2015	7.5e-09	2e-06	-0.757305493
203	164	2015	7.5e-09	4e-06	-0.765513263
203	164	2015	7.5e-09	6e-06	-0.799644179
203	164	2015	7.5e-09	1e-05	0
203	164	2015	7.5e-09	1.4e-05	-0.658169218
203	164	2015	1e-08	0	-0.76498174
203	164	2015	1e-08	1e-07	-0.77385021
203	164	2015	1e-08	2.5e-07	-0.759638394
203	164	2015	1e-08	5e-07	-0.791480928
203	164	2015	1e-08	1e-06	0
203	164	2015	1e-08	2e-06	-0.700102514
203	164	2015	1e-08	4e-06	-0.749145201
203	164	2015	1e-08	6e-06	-0.74774258
203	164	2015	1e-08	1e-05	-0.749238514
203	164	2015	1e-08	1.4e-05	-0.782450103
16	164	2015	0	0	0
16	164	2015	0	1e-07	0
16	164	2015	0	2.5e-07	0
16	164	2015	0	5e-07	0
16	164	2015	0	1e-06	0
16	164	2015	0	2e-06	0
16	164	2015	0	4e-06	0
16	164	2015	0	6e-06	-0.0209902009999999
16	164	2015	0	1e-05	-0.36529343
16	164	2015	0	1.4e-05	-0.925287048
16	164	2015	1e-09	0	-0.92024952
16	164	2015	1e-09	1e-07	-0.916899303
16	164	2015	1e-09	2.5e-07	0
16	164	2015	1e-09	5e-07	-0.0816511879999999
16	164	2015	1e-09	1e-06	-0.379981926
16	164	2015	1e-09	2e-06	-0.923973773
16	164	2015	1e-09	4e-06	-0.919512507
16	164	2015	1e-09	6e-06	-0.919802496
16	164	2015	1e-09	1e-05	0
16	164	2015	1e-09	1.4e-05	-0.06332566
16	164	2015	2.5e-09	0	-0.637746894
16	164	2015	2.5e-09	1e-07	-0.916793323
16	164	2015	2.5e-09	2.5e-07	-0.907843611
16	164	2015	2.5e-09	5e-07	-0.903469505
16	164	2015	2.5e-09	1e-06	0
16	164	2015	2.5e-09	2e-06	-0.0707469399999999
16	164	2015	2.5e-09	4e-06	-0.86488563
16	164	2015	2.5e-09	6e-06	-0.912863551
16	164	2015	2.5e-09	1e-05	-0.907311046
16	164	2015	2.5e-09	1.4e-05	-0.898920895
16	164	2015	5e-09	0	0
16	164	2015	5e-09	1e-07	-0.445580977
16	164	2015	5e-09	2.5e-07	-0.890891126
16	164	2015	5e-09	5e-07	-0.889253544
16	164	2015	5e-09	1e-06	-0.879540989
16	164	2015	5e-09	2e-06	-0.876895235
16	164	2015	5e-09	4e-06	0
16	164	2015	5e-09	6e-06	-0.937816956
16	164	2015	5e-09	1e-05	-0.675190193
16	164	2015	5e-09	1.4e-05	-0.547726146
16	164	2015	7.5e-09	0	-0.546487488
16	164	2015	7.5e-09	1e-07	-0.539492162
16	164	2015	7.5e-09	2.5e-07	0
16	164	2015	7.5e-09	5e-07	-0.960166127
16	164	2015	7.5e-09	1e-06	-0.67739156
16	164	2015	7.5e-09	2e-06	-0.169399559
16	164	2015	7.5e-09	4e-06	-0.164266296
16	164	2015	7.5e-09	6e-06	-0.156824486
16	164	2015	7.5e-09	1e-05	0
16	164	2015	7.5e-09	1.4e-05	-0.964176535
16	164	2015	1e-08	0	-0.678692395
16	164	2015	1e-08	1e-07	-0.045841978
16	164	2015	1e-08	2.5e-07	-0.036574789
16	164	2015	1e-08	5e-07	-0.035230542
16	164	2015	1e-08	1e-06	0
16	164	2015	1e-08	2e-06	-0.965283276
16	164	2015	1e-08	4e-06	-0.676555007
16	164	2015	1e-08	6e-06	-0.025987938
16	164	2015	1e-08	1e-05	-0.014173097
16	164	2015	1e-08	1.4e-05	-0.014935197
116	164	2015	0	0	0
116	164	2015	0	1e-07	0
116	164	2015	0	2.5e-07	0
116	164	2015	0	5e-07	0
116	164	2015	0	1e-06	0
116	164	2015	0	2e-06	0
116	164	2015	0	4e-06	0
116	164	2015	0	6e-06	0.00185264700000005
116	164	2015	0	1e-05	0.00419137899999996
116	164	2015	0	1.4e-05	-0.00462215499999999
116	164	2015	1e-09	0	-0.0372598690000001
116	164	2015	1e-09	1e-07	-0.167229974
116	164	2015	1e-09	2.5e-07	0
116	164	2015	1e-09	5e-07	-0.00577502199999998
116	164	2015	1e-09	1e-06	-0.021112845
116	164	2015	1e-09	2e-06	-0.026536917
116	164	2015	1e-09	4e-06	-0.115463811
116	164	2015	1e-09	6e-06	-0.303507347
116	164	2015	1e-09	1e-05	0
116	164	2015	1e-09	1.4e-05	-0.00841054499999998
116	164	2015	2.5e-09	0	-0.015730049
116	164	2015	2.5e-09	1e-07	-0.0460501789999999
116	164	2015	2.5e-09	2.5e-07	-0.200709337
116	164	2015	2.5e-09	5e-07	-0.385022388
116	164	2015	2.5e-09	1e-06	0
116	164	2015	2.5e-09	2e-06	-0.067912049
116	164	2015	2.5e-09	4e-06	-0.0753766090000001
116	164	2015	2.5e-09	6e-06	-0.146923337
116	164	2015	2.5e-09	1e-05	-0.352806681
116	164	2015	2.5e-09	1.4e-05	-0.494163028
116	164	2015	5e-09	0	0
116	164	2015	5e-09	1e-07	-0.194878621
116	164	2015	5e-09	2.5e-07	-0.234353251
116	164	2015	5e-09	5e-07	-0.461742122
116	164	2015	5e-09	1e-06	-0.535469705
116	164	2015	5e-09	2e-06	-0.512041258
116	164	2015	5e-09	4e-06	0
116	164	2015	5e-09	6e-06	-0.545980398
116	164	2015	5e-09	1e-05	-0.587877928
116	164	2015	5e-09	1.4e-05	-0.637538085
116	164	2015	7.5e-09	0	-0.638116707
116	164	2015	7.5e-09	1e-07	-0.541732129
116	164	2015	7.5e-09	2.5e-07	0
116	164	2015	7.5e-09	5e-07	-0.666853544
116	164	2015	7.5e-09	1e-06	-0.660808516
116	164	2015	7.5e-09	2e-06	-0.6629859
116	164	2015	7.5e-09	4e-06	-0.631484214
116	164	2015	7.5e-09	6e-06	-0.555044176
116	164	2015	7.5e-09	1e-05	0
116	164	2015	7.5e-09	1.4e-05	-0.678283028
116	164	2015	1e-08	0	-0.689805186
116	164	2015	1e-08	1e-07	-0.698853128
116	164	2015	1e-08	2.5e-07	-0.640637625
116	164	2015	1e-08	5e-07	-0.544556031
116	164	2015	1e-08	1e-06	0
116	164	2015	1e-08	2e-06	-0.713015921
116	164	2015	1e-08	4e-06	-0.689168862
116	164	2015	1e-08	6e-06	-0.691296021
116	164	2015	1e-08	1e-05	-0.628015259
116	164	2015	1e-08	1.4e-05	-0.560186331
20	164	2015	0	0	0
20	164	2015	0	1e-07	0
20	164	2015	0	2.5e-07	0
20	164	2015	0	5e-07	0
20	164	2015	0	1e-06	0
20	164	2015	0	2e-06	0
20	164	2015	0	4e-06	0
20	164	2015	0	6e-06	-0.0138307579999999
20	164	2015	0	1e-05	-0.0381152250000001
20	164	2015	0	1.4e-05	-0.0284598869999999
20	164	2015	1e-09	0	-0.223383489
20	164	2015	1e-09	1e-07	-0.522069841
20	164	2015	1e-09	2.5e-07	0
20	164	2015	1e-09	5e-07	-0.00916238399999997
20	164	2015	1e-09	1e-06	-0.045872182
20	164	2015	1e-09	2e-06	-0.0483485829999999
20	164	2015	1e-09	4e-06	-0.356209442
20	164	2015	1e-09	6e-06	-0.623053618
20	164	2015	1e-09	1e-05	0
20	164	2015	1e-09	1.4e-05	0.00601255399999999
20	164	2015	2.5e-09	0	0.00896440299999995
20	164	2015	2.5e-09	1e-07	-0.0401739510000002
20	164	2015	2.5e-09	2.5e-07	-0.323485234
20	164	2015	2.5e-09	5e-07	-0.568296435
20	164	2015	2.5e-09	1e-06	0
20	164	2015	2.5e-09	2e-06	-0.0324153929999999
20	164	2015	2.5e-09	4e-06	-0.0161279259999998
20	164	2015	2.5e-09	6e-06	-0.13310824
20	164	2015	2.5e-09	1e-05	-0.415692739
20	164	2015	2.5e-09	1.4e-05	-0.635229998
20	164	2015	5e-09	0	0
20	164	2015	5e-09	1e-07	-0.0129052999999999
20	164	2015	5e-09	2.5e-07	-0.023033391
20	164	2015	5e-09	5e-07	-0.336167181
20	164	2015	5e-09	1e-06	-0.584762945
20	164	2015	5e-09	2e-06	-0.629316647
20	164	2015	5e-09	4e-06	0
20	164	2015	5e-09	6e-06	-0.127677455
20	164	2015	5e-09	1e-05	-0.56790452
20	164	2015	5e-09	1.4e-05	-0.703917477
20	164	2015	7.5e-09	0	-0.71420334
20	164	2015	7.5e-09	1e-07	-0.725030765
20	164	2015	7.5e-09	2.5e-07	0
20	164	2015	7.5e-09	5e-07	-0.665756134
20	164	2015	7.5e-09	1e-06	-0.812053374
20	164	2015	7.5e-09	2e-06	-0.81150265
20	164	2015	7.5e-09	4e-06	-0.653440704
20	164	2015	7.5e-09	6e-06	-0.36025641
20	164	2015	7.5e-09	1e-05	0
20	164	2015	7.5e-09	1.4e-05	-0.818951603
20	164	2015	1e-08	0	-0.886746891
20	164	2015	1e-08	1e-07	-0.86953109
20	164	2015	1e-08	2.5e-07	-0.700284928
20	164	2015	1e-08	5e-07	-0.392280423
20	164	2015	1e-08	1e-06	0
20	164	2015	1e-08	2e-06	-0.827685549
20	164	2015	1e-08	4e-06	-0.892149674
20	164	2015	1e-08	6e-06	-0.881227473
20	164	2015	1e-08	1e-05	-0.711057109
20	164	2015	1e-08	1.4e-05	-0.414892633
23	164	2015	0	0	0
23	164	2015	0	1e-07	0
23	164	2015	0	2.5e-07	0
23	164	2015	0	5e-07	0
23	164	2015	0	1e-06	0
23	164	2015	0	2e-06	0
23	164	2015	0	4e-06	0
23	164	2015	0	6e-06	-0.0384186410000001
23	164	2015	0	1e-05	-0.397820904
23	164	2015	0	1.4e-05	-0.937712197
23	164	2015	1e-09	0	-0.947614473
23	164	2015	1e-09	1e-07	-0.947229351
23	164	2015	1e-09	2.5e-07	0
23	164	2015	1e-09	5e-07	-0.0163502579999999
23	164	2015	1e-09	1e-06	-0.358976374
23	164	2015	1e-09	2e-06	-0.926996012
23	164	2015	1e-09	4e-06	-0.943409818
23	164	2015	1e-09	6e-06	-0.939285061
23	164	2015	1e-09	1e-05	0
23	164	2015	1e-09	1.4e-05	-0.01535799
23	164	2015	2.5e-09	0	-0.659504626
23	164	2015	2.5e-09	1e-07	-0.907515608
23	164	2015	2.5e-09	2.5e-07	-0.910062294
23	164	2015	2.5e-09	5e-07	-0.912135505
23	164	2015	2.5e-09	1e-06	0
23	164	2015	2.5e-09	2e-06	-0.080148502
23	164	2015	2.5e-09	4e-06	-0.836700626
23	164	2015	2.5e-09	6e-06	-0.912336217
23	164	2015	2.5e-09	1e-05	-0.903546632
23	164	2015	2.5e-09	1.4e-05	-0.906212913
23	164	2015	5e-09	0	0
23	164	2015	5e-09	1e-07	-0.353534919
23	164	2015	5e-09	2.5e-07	-0.84397637
23	164	2015	5e-09	5e-07	-0.856189127
23	164	2015	5e-09	1e-06	-0.850870053
23	164	2015	5e-09	2e-06	-0.852340817
23	164	2015	5e-09	4e-06	0
23	164	2015	5e-09	6e-06	-0.869651477
23	164	2015	5e-09	1e-05	-0.740251315
23	164	2015	5e-09	1.4e-05	-0.453623377
23	164	2015	7.5e-09	0	-0.449149596
23	164	2015	7.5e-09	1e-07	-0.44964752
23	164	2015	7.5e-09	2.5e-07	0
23	164	2015	7.5e-09	5e-07	-0.915715044
23	164	2015	7.5e-09	1e-06	-0.73829071
23	164	2015	7.5e-09	2e-06	-0.169552683
23	164	2015	7.5e-09	4e-06	-0.172517465
23	164	2015	7.5e-09	6e-06	-0.163304167
23	164	2015	7.5e-09	1e-05	0
23	164	2015	7.5e-09	1.4e-05	-0.90829516
23	164	2015	1e-08	0	-0.724718853
23	164	2015	1e-08	1e-07	-0.022748808
23	164	2015	1e-08	2.5e-07	-0.021699212
23	164	2015	1e-08	5e-07	-0.026104601
23	164	2015	1e-08	1e-06	0
23	164	2015	1e-08	2e-06	-0.904458184
23	164	2015	1e-08	4e-06	-0.720887386
23	164	2015	1e-08	6e-06	-0.026007972
23	164	2015	1e-08	1e-05	-0.00978012099999997
23	164	2015	1e-08	1.4e-05	-0.00634308599999999
204	164	2015	0	0	0
204	164	2015	0	1e-07	0
204	164	2015	0	2.5e-07	0
204	164	2015	0	5e-07	0
204	164	2015	0	1e-06	0
204	164	2015	0	2e-06	0
204	164	2015	0	4e-06	0
204	164	2015	0	6e-06	-0.0183984659999999
204	164	2015	0	1e-05	-0.145384038
204	164	2015	0	1.4e-05	-0.848555059
204	164	2015	1e-09	0	-0.913076573
204	164	2015	1e-09	1e-07	-0.918851344
204	164	2015	1e-09	2.5e-07	0
204	164	2015	1e-09	5e-07	-0.0488580849999998
204	164	2015	1e-09	1e-06	-0.139140059
204	164	2015	1e-09	2e-06	-0.862945914
204	164	2015	1e-09	4e-06	-0.91851095
204	164	2015	1e-09	6e-06	-0.924445119
204	164	2015	1e-09	1e-05	0
204	164	2015	1e-09	1.4e-05	-0.0400670919999999
204	164	2015	2.5e-09	0	-0.302765773
204	164	2015	2.5e-09	1e-07	-0.898960846
204	164	2015	2.5e-09	2.5e-07	-0.908772003
204	164	2015	2.5e-09	5e-07	-0.923967507
204	164	2015	2.5e-09	1e-06	0
204	164	2015	2.5e-09	2e-06	-0.0478681539999998
204	164	2015	2.5e-09	4e-06	-0.596654097
204	164	2015	2.5e-09	6e-06	-0.899504226
204	164	2015	2.5e-09	1e-05	-0.930606505
204	164	2015	2.5e-09	1.4e-05	-0.938169796
204	164	2015	5e-09	0	0
204	164	2015	5e-09	1e-07	-0.130987658
204	164	2015	5e-09	2.5e-07	-0.750054275
204	164	2015	5e-09	5e-07	-0.900688427
204	164	2015	5e-09	1e-06	-0.904734785
204	164	2015	5e-09	2e-06	-0.908564296
204	164	2015	5e-09	4e-06	0
204	164	2015	5e-09	6e-06	-0.787744528
204	164	2015	5e-09	1e-05	-0.807093414
204	164	2015	5e-09	1.4e-05	-0.456442497
204	164	2015	7.5e-09	0	-0.464302885
204	164	2015	7.5e-09	1e-07	-0.452017249
204	164	2015	7.5e-09	2.5e-07	0
204	164	2015	7.5e-09	5e-07	-0.877293728
204	164	2015	7.5e-09	1e-06	-0.820829319
204	164	2015	7.5e-09	2e-06	-0.183123212
204	164	2015	7.5e-09	4e-06	-0.182113333
204	164	2015	7.5e-09	6e-06	-0.171807717
204	164	2015	7.5e-09	1e-05	0
204	164	2015	7.5e-09	1.4e-05	-0.889335328
204	164	2015	1e-08	0	-0.817733926
204	164	2015	1e-08	1e-07	-0.097097111
204	164	2015	1e-08	2.5e-07	-0.10005243
204	164	2015	1e-08	5e-07	-0.095242289
204	164	2015	1e-08	1e-06	0
204	164	2015	1e-08	2e-06	-0.895935948
204	164	2015	1e-08	4e-06	-0.811891865
204	164	2015	1e-08	6e-06	-0.075282701
204	164	2015	1e-08	1e-05	-0.079356052
204	164	2015	1e-08	1.4e-05	-0.082401597
205	164	2015	0	0	0
205	164	2015	0	1e-07	0
205	164	2015	0	2.5e-07	0
205	164	2015	0	5e-07	0
205	164	2015	0	1e-06	0
205	164	2015	0	2e-06	0
205	164	2015	0	4e-06	0
205	164	2015	0	6e-06	-0.0640089250000001
205	164	2015	0	1e-05	-0.00798153500000012
205	164	2015	0	1.4e-05	-0.126671178
205	164	2015	1e-09	0	-0.0962036520000001
205	164	2015	1e-09	1e-07	-0.430036959
205	164	2015	1e-09	2.5e-07	0
205	164	2015	1e-09	5e-07	0.00586158900000001
205	164	2015	1e-09	1e-06	-0.00460846100000012
205	164	2015	1e-09	2e-06	-0.044244261
205	164	2015	1e-09	4e-06	0.081557988
205	164	2015	1e-09	6e-06	-0.329561029
205	164	2015	1e-09	1e-05	0
205	164	2015	1e-09	1.4e-05	-0.0605111760000001
205	164	2015	2.5e-09	0	0.00720007099999989
205	164	2015	2.5e-09	1e-07	-0.04141547
205	164	2015	2.5e-09	2.5e-07	-0.0539578590000001
205	164	2015	2.5e-09	5e-07	-0.38073382
205	164	2015	2.5e-09	1e-06	0
205	164	2015	2.5e-09	2e-06	-0.154423732
205	164	2015	2.5e-09	4e-06	-0.0513323000000001
205	164	2015	2.5e-09	6e-06	-0.0503892379999999
205	164	2015	2.5e-09	1e-05	-0.025977587
205	164	2015	2.5e-09	1.4e-05	-0.342393527
205	164	2015	5e-09	0	0
205	164	2015	5e-09	1e-07	-0.644137256
205	164	2015	5e-09	2.5e-07	-0.647070327
205	164	2015	5e-09	5e-07	-0.582999215
205	164	2015	5e-09	1e-06	-0.589421422
205	164	2015	5e-09	2e-06	-0.399449623
205	164	2015	5e-09	4e-06	0
205	164	2015	5e-09	6e-06	-0.825515791
205	164	2015	5e-09	1e-05	-0.763043855
205	164	2015	5e-09	1.4e-05	-0.708960241
205	164	2015	7.5e-09	0	-0.699529571
205	164	2015	7.5e-09	1e-07	-0.430948165
205	164	2015	7.5e-09	2.5e-07	0
205	164	2015	7.5e-09	5e-07	-0.901649977
205	164	2015	7.5e-09	1e-06	-0.847845389
205	164	2015	7.5e-09	2e-06	-0.793743429
205	164	2015	7.5e-09	4e-06	-0.756875684
205	164	2015	7.5e-09	6e-06	-0.465291726
205	164	2015	7.5e-09	1e-05	0
205	164	2015	7.5e-09	1.4e-05	-0.927231429
205	164	2015	1e-08	0	-0.880849781
205	164	2015	1e-08	1e-07	-0.80879793
205	164	2015	1e-08	2.5e-07	-0.794144943
205	164	2015	1e-08	5e-07	-0.504391114
205	164	2015	1e-08	1e-06	0
205	164	2015	1e-08	2e-06	-0.923175725
205	164	2015	1e-08	4e-06	-0.888122418
205	164	2015	1e-08	6e-06	-0.820770178
205	164	2015	1e-08	1e-05	-0.821572235
205	164	2015	1e-08	1.4e-05	-0.522321254
21	164	2015	0	0	0
21	164	2015	0	1e-07	0
21	164	2015	0	2.5e-07	0
21	164	2015	0	5e-07	0
21	164	2015	0	1e-06	0
21	164	2015	0	2e-06	0
21	164	2015	0	4e-06	0
21	164	2015	0	6e-06	-0.038918362
21	164	2015	0	1e-05	-0.073331105
21	164	2015	0	1.4e-05	-0.198269911
21	164	2015	1e-09	0	-0.273896631
21	164	2015	1e-09	1e-07	-0.273290922
21	164	2015	1e-09	2.5e-07	0
21	164	2015	1e-09	5e-07	-0.056617408
21	164	2015	1e-09	1e-06	-0.0467970750000001
21	164	2015	1e-09	2e-06	-0.193628082
21	164	2015	1e-09	4e-06	-0.238116194
21	164	2015	1e-09	6e-06	-0.259165148
21	164	2015	1e-09	1e-05	0
21	164	2015	1e-09	1.4e-05	-0.087445584
21	164	2015	2.5e-09	0	-0.0900117179999999
21	164	2015	2.5e-09	1e-07	-0.183491843
21	164	2015	2.5e-09	2.5e-07	-0.241911306
21	164	2015	2.5e-09	5e-07	-0.291772182
21	164	2015	2.5e-09	1e-06	0
21	164	2015	2.5e-09	2e-06	-0.111576169
21	164	2015	2.5e-09	4e-06	-0.12993246
21	164	2015	2.5e-09	6e-06	-0.266759407
21	164	2015	2.5e-09	1e-05	-0.325697905
21	164	2015	2.5e-09	1.4e-05	-0.376646705
21	164	2015	5e-09	0	0
21	164	2015	5e-09	1e-07	-0.356803129
21	164	2015	5e-09	2.5e-07	-0.403261589
21	164	2015	5e-09	5e-07	-0.451867254
21	164	2015	5e-09	1e-06	-0.428395019
21	164	2015	5e-09	2e-06	-0.487286253
21	164	2015	5e-09	4e-06	0
21	164	2015	5e-09	6e-06	-0.768117511
21	164	2015	5e-09	1e-05	-0.737326262
21	164	2015	5e-09	1.4e-05	-0.658647741
21	164	2015	7.5e-09	0	-0.603564401
21	164	2015	7.5e-09	1e-07	-0.58526347
21	164	2015	7.5e-09	2.5e-07	0
21	164	2015	7.5e-09	5e-07	-0.827759377
21	164	2015	7.5e-09	1e-06	-0.785625569
21	164	2015	7.5e-09	2e-06	-0.700638687
21	164	2015	7.5e-09	4e-06	-0.637913752
21	164	2015	7.5e-09	6e-06	-0.607654685
21	164	2015	7.5e-09	1e-05	0
21	164	2015	7.5e-09	1.4e-05	-0.851647357
21	164	2015	1e-08	0	-0.802626646
21	164	2015	1e-08	1e-07	-0.687892996
21	164	2015	1e-08	2.5e-07	-0.631043751
21	164	2015	1e-08	5e-07	-0.599981352
21	164	2015	1e-08	1e-06	0
21	164	2015	1e-08	2e-06	-0.860421271
21	164	2015	1e-08	4e-06	-0.794927385
21	164	2015	1e-08	6e-06	-0.692613829
21	164	2015	1e-08	1e-05	-0.616865654
21	164	2015	1e-08	1.4e-05	-0.593168497
195	164	2015	0	0	0
195	164	2015	0	1e-07	0
195	164	2015	0	2.5e-07	0
195	164	2015	0	5e-07	0
195	164	2015	0	1e-06	0
195	164	2015	0	2e-06	0
195	164	2015	0	4e-06	0
195	164	2015	0	6e-06	-0.026565078
195	164	2015	0	1e-05	0.020031259
195	164	2015	0	1.4e-05	-0.180207368
195	164	2015	1e-09	0	-0.528860888
195	164	2015	1e-09	1e-07	-0.728892305
195	164	2015	1e-09	2.5e-07	0
195	164	2015	1e-09	5e-07	0.00170485099999993
195	164	2015	1e-09	1e-06	0.015462515
195	164	2015	1e-09	2e-06	-0.180309795
195	164	2015	1e-09	4e-06	-0.608504704
195	164	2015	1e-09	6e-06	-0.70990916
195	164	2015	1e-09	1e-05	0
195	164	2015	1e-09	1.4e-05	0.0250449809999999
195	164	2015	2.5e-09	0	-0.000406507000000147
195	164	2015	2.5e-09	1e-07	-0.302594975
195	164	2015	2.5e-09	2.5e-07	-0.662437277
195	164	2015	2.5e-09	5e-07	-0.76406055
195	164	2015	2.5e-09	1e-06	0
195	164	2015	2.5e-09	2e-06	-0.0271548539999999
195	164	2015	2.5e-09	4e-06	-0.117628868
195	164	2015	2.5e-09	6e-06	-0.593079983
195	164	2015	2.5e-09	1e-05	-0.782028509
195	164	2015	2.5e-09	1.4e-05	-0.841782114
195	164	2015	5e-09	0	0
195	164	2015	5e-09	1e-07	-0.460601072
195	164	2015	5e-09	2.5e-07	-0.69334225
195	164	2015	5e-09	5e-07	-0.604278322
195	164	2015	5e-09	1e-06	-0.539623286
195	164	2015	5e-09	2e-06	-0.56283596
195	164	2015	5e-09	4e-06	0
195	164	2015	5e-09	6e-06	-0.896884697
195	164	2015	5e-09	1e-05	-0.910581993
195	164	2015	5e-09	1.4e-05	-0.731968512
195	164	2015	7.5e-09	0	-0.299812837
195	164	2015	7.5e-09	1e-07	-0.237229186
195	164	2015	7.5e-09	2.5e-07	0
195	164	2015	7.5e-09	5e-07	-0.957572931
195	164	2015	7.5e-09	1e-06	-0.95879225
195	164	2015	7.5e-09	2e-06	-0.740970734
195	164	2015	7.5e-09	4e-06	-0.317105594
195	164	2015	7.5e-09	6e-06	-0.245823826
195	164	2015	7.5e-09	1e-05	0
195	164	2015	7.5e-09	1.4e-05	-0.981214838
195	164	2015	1e-08	0	-0.982514072
195	164	2015	1e-08	1e-07	-0.752345537
195	164	2015	1e-08	2.5e-07	-0.312733916
195	164	2015	1e-08	5e-07	-0.262133747
195	164	2015	1e-08	1e-06	0
195	164	2015	1e-08	2e-06	-0.984423178
195	164	2015	1e-08	4e-06	-0.989701759
195	164	2015	1e-08	6e-06	-0.768296065
195	164	2015	1e-08	1e-05	-0.321664438
195	164	2015	1e-08	1.4e-05	-0.247199702
195	164	2015	0	0	0
195	164	2015	0	1e-07	0
195	164	2015	0	2.5e-07	0
195	164	2015	0	5e-07	0
195	164	2015	0	1e-06	0
195	164	2015	0	2e-06	0
195	164	2015	0	4e-06	0
195	164	2015	0	6e-06	-0.026565078
195	164	2015	0	1e-05	0.020031259
195	164	2015	0	1.4e-05	-0.180207368
195	164	2015	1e-09	0	-0.528860888
195	164	2015	1e-09	1e-07	-0.728892305
195	164	2015	1e-09	2.5e-07	0
195	164	2015	1e-09	5e-07	0.00170485099999993
195	164	2015	1e-09	1e-06	0.015462515
195	164	2015	1e-09	2e-06	-0.180309795
195	164	2015	1e-09	4e-06	-0.608504704
195	164	2015	1e-09	6e-06	-0.70990916
195	164	2015	1e-09	1e-05	0
195	164	2015	1e-09	1.4e-05	0.0250449809999999
195	164	2015	2.5e-09	0	-0.000406507000000147
195	164	2015	2.5e-09	1e-07	-0.302594975
195	164	2015	2.5e-09	2.5e-07	-0.662437277
195	164	2015	2.5e-09	5e-07	-0.76406055
195	164	2015	2.5e-09	1e-06	0
195	164	2015	2.5e-09	2e-06	-0.0271548539999999
195	164	2015	2.5e-09	4e-06	-0.117628868
195	164	2015	2.5e-09	6e-06	-0.593079983
195	164	2015	2.5e-09	1e-05	-0.782028509
195	164	2015	2.5e-09	1.4e-05	-0.841782114
195	164	2015	5e-09	0	0
195	164	2015	5e-09	1e-07	-0.460601072
195	164	2015	5e-09	2.5e-07	-0.69334225
195	164	2015	5e-09	5e-07	-0.604278322
195	164	2015	5e-09	1e-06	-0.539623286
195	164	2015	5e-09	2e-06	-0.56283596
195	164	2015	5e-09	4e-06	0
195	164	2015	5e-09	6e-06	-0.896884697
195	164	2015	5e-09	1e-05	-0.910581993
195	164	2015	5e-09	1.4e-05	-0.731968512
195	164	2015	7.5e-09	0	-0.299812837
195	164	2015	7.5e-09	1e-07	-0.237229186
195	164	2015	7.5e-09	2.5e-07	0
195	164	2015	7.5e-09	5e-07	-0.957572931
195	164	2015	7.5e-09	1e-06	-0.95879225
195	164	2015	7.5e-09	2e-06	-0.740970734
195	164	2015	7.5e-09	4e-06	-0.317105594
195	164	2015	7.5e-09	6e-06	-0.245823826
195	164	2015	7.5e-09	1e-05	0
195	164	2015	7.5e-09	1.4e-05	-0.981214838
195	164	2015	1e-08	0	-0.982514072
195	164	2015	1e-08	1e-07	-0.752345537
195	164	2015	1e-08	2.5e-07	-0.312733916
195	164	2015	1e-08	5e-07	-0.262133747
195	164	2015	1e-08	1e-06	0
195	164	2015	1e-08	2e-06	-0.984423178
195	164	2015	1e-08	4e-06	-0.989701759
195	164	2015	1e-08	6e-06	-0.768296065
195	164	2015	1e-08	1e-05	-0.321664438
195	164	2015	1e-08	1.4e-05	-0.247199702
206	164	2015	0	0	0
206	164	2015	0	1e-07	0
206	164	2015	0	2.5e-07	0
206	164	2015	0	5e-07	0
206	164	2015	0	1e-06	0
206	164	2015	0	2e-06	0
206	164	2015	0	4e-06	0
206	164	2015	0	6e-06	0.0220154300000002
206	164	2015	0	1e-05	-0.00255446000000006
206	164	2015	0	1.4e-05	-0.0117888820000002
206	164	2015	1e-09	0	-0.270589335
206	164	2015	1e-09	1e-07	-0.517994046
206	164	2015	1e-09	2.5e-07	0
206	164	2015	1e-09	5e-07	0.0184456370000001
206	164	2015	1e-09	1e-06	-0.0196949840000001
206	164	2015	1e-09	2e-06	-0.049305552
206	164	2015	1e-09	4e-06	-0.276757021
206	164	2015	1e-09	6e-06	-0.514613834
206	164	2015	1e-09	1e-05	0
206	164	2015	1e-09	1.4e-05	0.0343369780000002
206	164	2015	2.5e-09	0	-0.014460849
206	164	2015	2.5e-09	1e-07	-0.0283977729999999
206	164	2015	2.5e-09	2.5e-07	-0.282631695
206	164	2015	2.5e-09	5e-07	-0.534465726
206	164	2015	2.5e-09	1e-06	0
206	164	2015	2.5e-09	2e-06	-0.011340015
206	164	2015	2.5e-09	4e-06	-0.0201752139999999
206	164	2015	2.5e-09	6e-06	-0.075026111
206	164	2015	2.5e-09	1e-05	-0.349191049
206	164	2015	2.5e-09	1.4e-05	-0.533525191
206	164	2015	5e-09	0	0
206	164	2015	5e-09	1e-07	-0.00788592500000007
206	164	2015	5e-09	2.5e-07	-0.026119549
206	164	2015	5e-09	5e-07	-0.245045037
206	164	2015	5e-09	1e-06	-0.521063612
206	164	2015	5e-09	2e-06	-0.575844286
206	164	2015	5e-09	4e-06	0
206	164	2015	5e-09	6e-06	-0.365440222
206	164	2015	5e-09	1e-05	-0.51462126
206	164	2015	5e-09	1.4e-05	-0.622527292
206	164	2015	7.5e-09	0	-0.411909208
206	164	2015	7.5e-09	1e-07	-0.359811472
206	164	2015	7.5e-09	2.5e-07	0
206	164	2015	7.5e-09	5e-07	-0.717534435
206	164	2015	7.5e-09	1e-06	-0.732319818
206	164	2015	7.5e-09	2e-06	-0.712217875
206	164	2015	7.5e-09	4e-06	-0.459459056
206	164	2015	7.5e-09	6e-06	-0.2072998
206	164	2015	7.5e-09	1e-05	0
206	164	2015	7.5e-09	1.4e-05	-0.798483478
206	164	2015	1e-08	0	-0.801790151
206	164	2015	1e-08	1e-07	-0.74014808
206	164	2015	1e-08	2.5e-07	-0.480152842
206	164	2015	1e-08	5e-07	-0.225125651
206	164	2015	1e-08	1e-06	0
206	164	2015	1e-08	2e-06	-0.777090285
206	164	2015	1e-08	4e-06	-0.782228973
206	164	2015	1e-08	6e-06	-0.722673484
206	164	2015	1e-08	1e-05	-0.484636462
206	164	2015	1e-08	1.4e-05	-0.221208113
25	164	2015	0	0	0
25	164	2015	0	1e-07	0
25	164	2015	0	2.5e-07	0
25	164	2015	0	5e-07	0
25	164	2015	0	1e-06	0
25	164	2015	0	2e-06	0
25	164	2015	0	4e-06	0
25	164	2015	0	6e-06	-0.0153223170000001
25	164	2015	0	1e-05	-0.00135973399999997
25	164	2015	0	1.4e-05	-0.00781300899999991
25	164	2015	1e-09	0	-0.116454389
25	164	2015	1e-09	1e-07	-0.445947946
25	164	2015	1e-09	2.5e-07	0
25	164	2015	1e-09	5e-07	-0.02359036
25	164	2015	1e-09	1e-06	-0.043569494
25	164	2015	1e-09	2e-06	-0.0487934380000002
25	164	2015	1e-09	4e-06	-0.18914306
25	164	2015	1e-09	6e-06	-0.547320815
25	164	2015	1e-09	1e-05	0
25	164	2015	1e-09	1.4e-05	-0.0255560669999998
25	164	2015	2.5e-09	0	-0.041706547
25	164	2015	2.5e-09	1e-07	-0.0654734069999999
25	164	2015	2.5e-09	2.5e-07	-0.224358732
25	164	2015	2.5e-09	5e-07	-0.710759163
25	164	2015	2.5e-09	1e-06	0
25	164	2015	2.5e-09	2e-06	-0.034646288
25	164	2015	2.5e-09	4e-06	-0.0563971340000001
25	164	2015	2.5e-09	6e-06	-0.114218979
25	164	2015	2.5e-09	1e-05	-0.363380603
25	164	2015	2.5e-09	1.4e-05	-0.844680389
25	164	2015	5e-09	0	0
25	164	2015	5e-09	1e-07	-0.0532730049999999
25	164	2015	5e-09	2.5e-07	-0.100453257
25	164	2015	5e-09	5e-07	-0.297787339
25	164	2015	5e-09	1e-06	-0.712032145
25	164	2015	5e-09	2e-06	-0.851592999
25	164	2015	5e-09	4e-06	0
25	164	2015	5e-09	6e-06	-0.32039919
25	164	2015	5e-09	1e-05	-0.576930029
25	164	2015	5e-09	1.4e-05	-0.835458567
25	164	2015	7.5e-09	0	-0.731400554
25	164	2015	7.5e-09	1e-07	-0.647380636
25	164	2015	7.5e-09	2.5e-07	0
25	164	2015	7.5e-09	5e-07	-0.588262386
25	164	2015	7.5e-09	1e-06	-0.813576506
25	164	2015	7.5e-09	2e-06	-0.943778331
25	164	2015	7.5e-09	4e-06	-0.734833746
25	164	2015	7.5e-09	6e-06	-0.612034802
25	164	2015	7.5e-09	1e-05	0
25	164	2015	7.5e-09	1.4e-05	-0.829680552
25	164	2015	1e-08	0	-0.92302214
25	164	2015	1e-08	1e-07	-0.950038903
25	164	2015	1e-08	2.5e-07	-0.731965612
25	164	2015	1e-08	5e-07	-0.606805584
25	164	2015	1e-08	1e-06	0
25	164	2015	1e-08	2e-06	-0.902654851
25	164	2015	1e-08	4e-06	-0.936509882
25	164	2015	1e-08	6e-06	-0.952880365
25	164	2015	1e-08	1e-05	-0.723436891
25	164	2015	1e-08	1.4e-05	-0.598657286
26	164	2015	0	0	0
26	164	2015	0	1e-07	0
26	164	2015	0	2.5e-07	0
26	164	2015	0	5e-07	0
26	164	2015	0	1e-06	0
26	164	2015	0	2e-06	0
26	164	2015	0	4e-06	0
26	164	2015	0	6e-06	-0.0161878849999999
26	164	2015	0	1e-05	-0.149901935
26	164	2015	0	1.4e-05	-0.88777223
26	164	2015	1e-09	0	-0.938868573
26	164	2015	1e-09	1e-07	-0.9472358
26	164	2015	1e-09	2.5e-07	0
26	164	2015	1e-09	5e-07	-0.020821395
26	164	2015	1e-09	1e-06	-0.150228131
26	164	2015	1e-09	2e-06	-0.879234118
26	164	2015	1e-09	4e-06	-0.935723515
26	164	2015	1e-09	6e-06	-0.941399281
26	164	2015	1e-09	1e-05	0
26	164	2015	1e-09	1.4e-05	-0.0400963179999998
26	164	2015	2.5e-09	0	-0.355348793
26	164	2015	2.5e-09	1e-07	-0.940784431
26	164	2015	2.5e-09	2.5e-07	-0.961250741
26	164	2015	2.5e-09	5e-07	-0.967223477
26	164	2015	2.5e-09	1e-06	0
26	164	2015	2.5e-09	2e-06	-0.16225116
26	164	2015	2.5e-09	4e-06	-0.544557448
26	164	2015	2.5e-09	6e-06	-0.830527726
26	164	2015	2.5e-09	1e-05	-0.850808214
26	164	2015	2.5e-09	1.4e-05	-0.853624626
26	164	2015	5e-09	0	0
26	164	2015	5e-09	1e-07	-0.510490031
26	164	2015	5e-09	2.5e-07	-0.770937739
26	164	2015	5e-09	5e-07	-0.675104704
26	164	2015	5e-09	1e-06	-0.673335896
26	164	2015	5e-09	2e-06	-0.683000423
26	164	2015	5e-09	4e-06	0
26	164	2015	5e-09	6e-06	-0.874900454
26	164	2015	5e-09	1e-05	-0.829800635
26	164	2015	5e-09	1.4e-05	-0.363293851
26	164	2015	7.5e-09	0	-0.364257142
26	164	2015	7.5e-09	1e-07	-0.366282539
26	164	2015	7.5e-09	2.5e-07	0
26	164	2015	7.5e-09	5e-07	-0.944504684
26	164	2015	7.5e-09	1e-06	-0.837285366
26	164	2015	7.5e-09	2e-06	-0.176652473
26	164	2015	7.5e-09	4e-06	-0.174568695
26	164	2015	7.5e-09	6e-06	-0.175083218
26	164	2015	7.5e-09	1e-05	0
26	164	2015	7.5e-09	1.4e-05	-0.962284174
26	164	2015	1e-08	0	-0.841427795
26	164	2015	1e-08	1e-07	-0.091729877
26	164	2015	1e-08	2.5e-07	-0.064319456
26	164	2015	1e-08	5e-07	-0.064498353
26	164	2015	1e-08	1e-06	0
26	164	2015	1e-08	2e-06	-0.961439901
26	164	2015	1e-08	4e-06	-0.841686232
26	164	2015	1e-08	6e-06	-0.095715011
26	164	2015	1e-08	1e-05	-0.046913227
26	164	2015	1e-08	1.4e-05	-0.046621128
6	164	2015	0	0	0
6	164	2015	0	1e-07	0
6	164	2015	0	2.5e-07	0
6	164	2015	0	5e-07	0
6	164	2015	0	1e-06	0
6	164	2015	0	2e-06	0
6	164	2015	0	4e-06	0
6	164	2015	0	6e-06	0.0200148929999999
6	164	2015	0	1e-05	-0.079489198
6	164	2015	0	1.4e-05	-0.41294085
6	164	2015	1e-09	0	-0.546657558
6	164	2015	1e-09	1e-07	-0.561697316
6	164	2015	1e-09	2.5e-07	0
6	164	2015	1e-09	5e-07	-0.0237606580000001
6	164	2015	1e-09	1e-06	-0.115727407
6	164	2015	1e-09	2e-06	-0.517506889
6	164	2015	1e-09	4e-06	-0.613450744
6	164	2015	1e-09	6e-06	-0.625376369
6	164	2015	1e-09	1e-05	0
6	164	2015	1e-09	1.4e-05	-0.0562201229999999
6	164	2015	2.5e-09	0	-0.139566647
6	164	2015	2.5e-09	1e-07	-0.507232607
6	164	2015	2.5e-09	2.5e-07	-0.575099542
6	164	2015	2.5e-09	5e-07	-0.558162163
6	164	2015	2.5e-09	1e-06	0
6	164	2015	2.5e-09	2e-06	-0.138292857
6	164	2015	2.5e-09	4e-06	-0.341957643
6	164	2015	2.5e-09	6e-06	-0.536011463
6	164	2015	2.5e-09	1e-05	-0.561509168
6	164	2015	2.5e-09	1.4e-05	-0.582926884
6	164	2015	5e-09	0	0
6	164	2015	5e-09	1e-07	-0.387117911
6	164	2015	5e-09	2.5e-07	-0.481834421
6	164	2015	5e-09	5e-07	-0.302871394
6	164	2015	5e-09	1e-06	-0.327872144
6	164	2015	5e-09	2e-06	-0.329726753
6	164	2015	5e-09	4e-06	0
6	164	2015	5e-09	6e-06	-0.616770249
6	164	2015	5e-09	1e-05	-0.517920959
6	164	2015	5e-09	1.4e-05	-0.257595088
6	164	2015	7.5e-09	0	-0.068521361
6	164	2015	7.5e-09	1e-07	-0.055068117
6	164	2015	7.5e-09	2.5e-07	0
6	164	2015	7.5e-09	5e-07	-0.659941645
6	164	2015	7.5e-09	1e-06	-0.538498895
6	164	2015	7.5e-09	2e-06	-0.255780826
6	164	2015	7.5e-09	4e-06	-0.078250847
6	164	2015	7.5e-09	6e-06	-0.06917303
6	164	2015	7.5e-09	1e-05	0
6	164	2015	7.5e-09	1.4e-05	-0.626563921
6	164	2015	1e-08	0	-0.519568542
6	164	2015	1e-08	1e-07	-0.252695954
6	164	2015	1e-08	2.5e-07	-0.070475963
6	164	2015	1e-08	5e-07	-0.034462875
6	164	2015	1e-08	1e-06	0
6	164	2015	1e-08	2e-06	-0.640151846
6	164	2015	1e-08	4e-06	-0.536431198
6	164	2015	1e-08	6e-06	-0.276700983
6	164	2015	1e-08	1e-05	-0.095481727
6	164	2015	1e-08	1.4e-05	-0.027987625
207	164	2015	0	0	0
207	164	2015	0	1e-07	0
207	164	2015	0	2.5e-07	0
207	164	2015	0	5e-07	0
207	164	2015	0	1e-06	0
207	164	2015	0	2e-06	0
207	164	2015	0	4e-06	0
207	164	2015	0	6e-06	0.00889156700000015
207	164	2015	0	1e-05	0.013156244
207	164	2015	0	1.4e-05	-0.0770700140000001
207	164	2015	1e-09	0	-0.509202801
207	164	2015	1e-09	1e-07	-0.802544169
207	164	2015	1e-09	2.5e-07	0
207	164	2015	1e-09	5e-07	0.0377904790000001
207	164	2015	1e-09	1e-06	-0.0464737170000001
207	164	2015	1e-09	2e-06	-0.148166506
207	164	2015	1e-09	4e-06	-0.608148325
207	164	2015	1e-09	6e-06	-0.831885251
207	164	2015	1e-09	1e-05	0
207	164	2015	1e-09	1.4e-05	0.0234426110000001
207	164	2015	2.5e-09	0	-0.0555312350000001
207	164	2015	2.5e-09	1e-07	-0.154960077
207	164	2015	2.5e-09	2.5e-07	-0.573435229
207	164	2015	2.5e-09	5e-07	-0.81014724
207	164	2015	2.5e-09	1e-06	0
207	164	2015	2.5e-09	2e-06	-0.0318925399999999
207	164	2015	2.5e-09	4e-06	-0.042832851
207	164	2015	2.5e-09	6e-06	-0.245124533
207	164	2015	2.5e-09	1e-05	-0.721371439
207	164	2015	2.5e-09	1.4e-05	-0.833371417
207	164	2015	5e-09	0	0
207	164	2015	5e-09	1e-07	-0.062983625
207	164	2015	5e-09	2.5e-07	-0.127158355
207	164	2015	5e-09	5e-07	-0.571541392
207	164	2015	5e-09	1e-06	-0.780908611
207	164	2015	5e-09	2e-06	-0.785415448
207	164	2015	5e-09	4e-06	0
207	164	2015	5e-09	6e-06	-0.223687142
207	164	2015	5e-09	1e-05	-0.526950038
207	164	2015	5e-09	1.4e-05	-0.708276944
207	164	2015	7.5e-09	0	-0.63615125
207	164	2015	7.5e-09	1e-07	-0.636981047
207	164	2015	7.5e-09	2.5e-07	0
207	164	2015	7.5e-09	5e-07	-0.633195833
207	164	2015	7.5e-09	1e-06	-0.796089494
207	164	2015	7.5e-09	2e-06	-0.726095708
207	164	2015	7.5e-09	4e-06	-0.320869455
207	164	2015	7.5e-09	6e-06	-0.323024653
207	164	2015	7.5e-09	1e-05	0
207	164	2015	7.5e-09	1.4e-05	-0.851402336
207	164	2015	1e-08	0	-0.874574662
207	164	2015	1e-08	1e-07	-0.737439191
207	164	2015	1e-08	2.5e-07	-0.185131643
207	164	2015	1e-08	5e-07	-0.047159585
207	164	2015	1e-08	1e-06	0
207	164	2015	1e-08	2e-06	-0.855088888
207	164	2015	1e-08	4e-06	-0.853596668
207	164	2015	1e-08	6e-06	-0.738391609
207	164	2015	1e-08	1e-05	-0.178630509
207	164	2015	1e-08	1.4e-05	0.00724568
9	164	2015	0	0	0
9	164	2015	0	1e-07	0
9	164	2015	0	2.5e-07	0
9	164	2015	0	5e-07	0
9	164	2015	0	1e-06	0
9	164	2015	0	2e-06	0
9	164	2015	0	4e-06	0
9	164	2015	0	6e-06	-0.011913253
9	164	2015	0	1e-05	-0.02193579
9	164	2015	0	1.4e-05	-0.152213564
9	164	2015	1e-09	0	-0.435508478
9	164	2015	1e-09	1e-07	-0.481378884
9	164	2015	1e-09	2.5e-07	0
9	164	2015	1e-09	5e-07	-0.040715586
9	164	2015	1e-09	1e-06	-0.067287213
9	164	2015	1e-09	2e-06	-0.244433759
9	164	2015	1e-09	4e-06	-0.434262616
9	164	2015	1e-09	6e-06	-0.475424912
9	164	2015	1e-09	1e-05	0
9	164	2015	1e-09	1.4e-05	-0.033371525
9	164	2015	2.5e-09	0	-0.110245272
9	164	2015	2.5e-09	1e-07	-0.274604116
9	164	2015	2.5e-09	2.5e-07	-0.423676477
9	164	2015	2.5e-09	5e-07	-0.461248652
9	164	2015	2.5e-09	1e-06	0
9	164	2015	2.5e-09	2e-06	-0.071709163
9	164	2015	2.5e-09	4e-06	-0.12796515
9	164	2015	2.5e-09	6e-06	-0.310670646
9	164	2015	2.5e-09	1e-05	-0.418691391
9	164	2015	2.5e-09	1.4e-05	-0.432111105
9	164	2015	5e-09	0	0
9	164	2015	5e-09	1e-07	-0.191637918
9	164	2015	5e-09	2.5e-07	-0.248517089
9	164	2015	5e-09	5e-07	-0.280516729
9	164	2015	5e-09	1e-06	-0.30020225
9	164	2015	5e-09	2e-06	-0.326245509
9	164	2015	5e-09	4e-06	0
9	164	2015	5e-09	6e-06	-0.539357757
9	164	2015	5e-09	1e-05	-0.51763061
9	164	2015	5e-09	1.4e-05	-0.389673487
9	164	2015	7.5e-09	0	-0.039829966
9	164	2015	7.5e-09	1e-07	-0.02927777
9	164	2015	7.5e-09	2.5e-07	0
9	164	2015	7.5e-09	5e-07	-0.6602627
9	164	2015	7.5e-09	1e-06	-0.5961238
9	164	2015	7.5e-09	2e-06	-0.442914267
9	164	2015	7.5e-09	4e-06	-0.0428132109999999
9	164	2015	7.5e-09	6e-06	-0.08080119
9	164	2015	7.5e-09	1e-05	0
9	164	2015	7.5e-09	1.4e-05	-0.702026361
9	164	2015	1e-08	0	-0.645347556
9	164	2015	1e-08	1e-07	-0.519168475
9	164	2015	1e-08	2.5e-07	-0.155934782
9	164	2015	1e-08	5e-07	-0.115477127
9	164	2015	1e-08	1e-06	0
9	164	2015	1e-08	2e-06	-0.74399322
9	164	2015	1e-08	4e-06	-0.656642529
9	164	2015	1e-08	6e-06	-0.492022628
9	164	2015	1e-08	1e-05	-0.165253847
9	164	2015	1e-08	1.4e-05	-0.0947435299999999
9	164	2015	0	0	0
9	164	2015	0	1e-07	0
9	164	2015	0	2.5e-07	0
9	164	2015	0	5e-07	0
9	164	2015	0	1e-06	0
9	164	2015	0	2e-06	0
9	164	2015	0	4e-06	0
9	164	2015	0	6e-06	-0.011913253
9	164	2015	0	1e-05	-0.02193579
9	164	2015	0	1.4e-05	-0.152213564
9	164	2015	1e-09	0	-0.435508478
9	164	2015	1e-09	1e-07	-0.481378884
9	164	2015	1e-09	2.5e-07	0
9	164	2015	1e-09	5e-07	-0.040715586
9	164	2015	1e-09	1e-06	-0.067287213
9	164	2015	1e-09	2e-06	-0.244433759
9	164	2015	1e-09	4e-06	-0.434262616
9	164	2015	1e-09	6e-06	-0.475424912
9	164	2015	1e-09	1e-05	0
9	164	2015	1e-09	1.4e-05	-0.033371525
9	164	2015	2.5e-09	0	-0.110245272
9	164	2015	2.5e-09	1e-07	-0.274604116
9	164	2015	2.5e-09	2.5e-07	-0.423676477
9	164	2015	2.5e-09	5e-07	-0.461248652
9	164	2015	2.5e-09	1e-06	0
9	164	2015	2.5e-09	2e-06	-0.071709163
9	164	2015	2.5e-09	4e-06	-0.12796515
9	164	2015	2.5e-09	6e-06	-0.310670646
9	164	2015	2.5e-09	1e-05	-0.418691391
9	164	2015	2.5e-09	1.4e-05	-0.432111105
9	164	2015	5e-09	0	0
9	164	2015	5e-09	1e-07	-0.191637918
9	164	2015	5e-09	2.5e-07	-0.248517089
9	164	2015	5e-09	5e-07	-0.280516729
9	164	2015	5e-09	1e-06	-0.30020225
9	164	2015	5e-09	2e-06	-0.326245509
9	164	2015	5e-09	4e-06	0
9	164	2015	5e-09	6e-06	-0.539357757
9	164	2015	5e-09	1e-05	-0.51763061
9	164	2015	5e-09	1.4e-05	-0.389673487
9	164	2015	7.5e-09	0	-0.039829966
9	164	2015	7.5e-09	1e-07	-0.02927777
9	164	2015	7.5e-09	2.5e-07	0
9	164	2015	7.5e-09	5e-07	-0.6602627
9	164	2015	7.5e-09	1e-06	-0.5961238
9	164	2015	7.5e-09	2e-06	-0.442914267
9	164	2015	7.5e-09	4e-06	-0.0428132109999999
9	164	2015	7.5e-09	6e-06	-0.08080119
9	164	2015	7.5e-09	1e-05	0
9	164	2015	7.5e-09	1.4e-05	-0.702026361
9	164	2015	1e-08	0	-0.645347556
9	164	2015	1e-08	1e-07	-0.519168475
9	164	2015	1e-08	2.5e-07	-0.155934782
9	164	2015	1e-08	5e-07	-0.115477127
9	164	2015	1e-08	1e-06	0
9	164	2015	1e-08	2e-06	-0.74399322
9	164	2015	1e-08	4e-06	-0.656642529
9	164	2015	1e-08	6e-06	-0.492022628
9	164	2015	1e-08	1e-05	-0.165253847
9	164	2015	1e-08	1.4e-05	-0.0947435299999999
208	164	2015	0	0	0
208	164	2015	0	1e-07	0
208	164	2015	0	2.5e-07	0
208	164	2015	0	5e-07	0
208	164	2015	0	1e-06	0
208	164	2015	0	2e-06	0
208	164	2015	0	4e-06	0
208	164	2015	0	6e-06	-0.0119432430000001
208	164	2015	0	1e-05	0.033229979
208	164	2015	0	1.4e-05	-0.129477741
208	164	2015	1e-09	0	-0.29928759
208	164	2015	1e-09	1e-07	-0.3846775
208	164	2015	1e-09	2.5e-07	0
208	164	2015	1e-09	5e-07	-0.00563101599999996
208	164	2015	1e-09	1e-06	-0.022913961
208	164	2015	1e-09	2e-06	-0.146142305
208	164	2015	1e-09	4e-06	-0.295404474
208	164	2015	1e-09	6e-06	-0.405945814
208	164	2015	1e-09	1e-05	0
208	164	2015	1e-09	1.4e-05	-0.036038817
208	164	2015	2.5e-09	0	-0.0629051250000001
208	164	2015	2.5e-09	1e-07	-0.228763071
208	164	2015	2.5e-09	2.5e-07	-0.359366688
208	164	2015	2.5e-09	5e-07	-0.424686363
208	164	2015	2.5e-09	1e-06	0
208	164	2015	2.5e-09	2e-06	-0.0561649799999999
208	164	2015	2.5e-09	4e-06	-0.114890652
208	164	2015	2.5e-09	6e-06	-0.27290461
208	164	2015	2.5e-09	1e-05	-0.365292636
208	164	2015	2.5e-09	1.4e-05	-0.386335884
208	164	2015	5e-09	0	0
208	164	2015	5e-09	1e-07	-0.221763505
208	164	2015	5e-09	2.5e-07	-0.282158445
208	164	2015	5e-09	5e-07	-0.335305658
208	164	2015	5e-09	1e-06	-0.364060042
208	164	2015	5e-09	2e-06	-0.351550676
208	164	2015	5e-09	4e-06	0
208	164	2015	5e-09	6e-06	-0.40396853
208	164	2015	5e-09	1e-05	-0.420477252
208	164	2015	5e-09	1.4e-05	-0.306901851
208	164	2015	7.5e-09	0	-0.154930996
208	164	2015	7.5e-09	1e-07	-0.158685545
208	164	2015	7.5e-09	2.5e-07	0
208	164	2015	7.5e-09	5e-07	-0.495211117
208	164	2015	7.5e-09	1e-06	-0.486361891
208	164	2015	7.5e-09	2e-06	-0.383166696
208	164	2015	7.5e-09	4e-06	-0.227527203
208	164	2015	7.5e-09	6e-06	-0.149873276
208	164	2015	7.5e-09	1e-05	0
208	164	2015	7.5e-09	1.4e-05	-0.551100918
208	164	2015	1e-08	0	-0.511853833
208	164	2015	1e-08	1e-07	-0.383119923
208	164	2015	1e-08	2.5e-07	-0.231337722
208	164	2015	1e-08	5e-07	-0.161783736
208	164	2015	1e-08	1e-06	0
208	164	2015	1e-08	2e-06	-0.563553022
208	164	2015	1e-08	4e-06	-0.553381808
208	164	2015	1e-08	6e-06	-0.398818625
208	164	2015	1e-08	1e-05	-0.265439585
208	164	2015	1e-08	1.4e-05	-0.175579416
40	164	2015	0	0	0
40	164	2015	0	1e-07	0
40	164	2015	0	2.5e-07	0
40	164	2015	0	5e-07	0
40	164	2015	0	1e-06	0
40	164	2015	0	2e-06	0
40	164	2015	0	4e-06	0
40	164	2015	0	6e-06	0.00763789900000006
40	164	2015	0	1e-05	-0.0997098839999998
40	164	2015	0	1.4e-05	-0.371045925
40	164	2015	1e-09	0	-0.635491936
40	164	2015	1e-09	1e-07	-0.681435473
40	164	2015	1e-09	2.5e-07	0
40	164	2015	1e-09	5e-07	-0.00739853699999983
40	164	2015	1e-09	1e-06	-0.123639269
40	164	2015	1e-09	2e-06	-0.41971282
40	164	2015	1e-09	4e-06	-0.632843959
40	164	2015	1e-09	6e-06	-0.657296801
40	164	2015	1e-09	1e-05	0
40	164	2015	1e-09	1.4e-05	-0.0517913129999999
40	164	2015	2.5e-09	0	-0.180433036
40	164	2015	2.5e-09	1e-07	-0.533613092
40	164	2015	2.5e-09	2.5e-07	-0.657010132
40	164	2015	2.5e-09	5e-07	-0.677801145
40	164	2015	2.5e-09	1e-06	0
40	164	2015	2.5e-09	2e-06	-0.09026703
40	164	2015	2.5e-09	4e-06	-0.26079497
40	164	2015	2.5e-09	6e-06	-0.598400075
40	164	2015	2.5e-09	1e-05	-0.649222094
40	164	2015	2.5e-09	1.4e-05	-0.670875406
40	164	2015	5e-09	0	0
40	164	2015	5e-09	1e-07	-0.187410868
40	164	2015	5e-09	2.5e-07	-0.344855711
40	164	2015	5e-09	5e-07	-0.576648568
40	164	2015	5e-09	1e-06	-0.608821678
40	164	2015	5e-09	2e-06	-0.613062165
40	164	2015	5e-09	4e-06	0
40	164	2015	5e-09	6e-06	-0.376279214
40	164	2015	5e-09	1e-05	-0.573172407
40	164	2015	5e-09	1.4e-05	-0.456118227
40	164	2015	7.5e-09	0	-0.459011157
40	164	2015	7.5e-09	1e-07	-0.469440239
40	164	2015	7.5e-09	2.5e-07	0
40	164	2015	7.5e-09	5e-07	-0.603877673
40	164	2015	7.5e-09	1e-06	-0.622793607
40	164	2015	7.5e-09	2e-06	-0.394295633
40	164	2015	7.5e-09	4e-06	-0.331472233
40	164	2015	7.5e-09	6e-06	-0.347279048
40	164	2015	7.5e-09	1e-05	0
40	164	2015	7.5e-09	1.4e-05	-0.693853381
40	164	2015	1e-08	0	-0.63878172
40	164	2015	1e-08	1e-07	-0.372710835
40	164	2015	1e-08	2.5e-07	-0.093848811
40	164	2015	1e-08	5e-07	-0.082721327
40	164	2015	1e-08	1e-06	0
40	164	2015	1e-08	2e-06	-0.755652611
40	164	2015	1e-08	4e-06	-0.647883178
40	164	2015	1e-08	6e-06	-0.386125866
40	164	2015	1e-08	1e-05	-0.067533899
40	164	2015	1e-08	1.4e-05	-0.050148342
209	164	2015	0	0	0
209	164	2015	0	1e-07	0
209	164	2015	0	2.5e-07	0
209	164	2015	0	5e-07	0
209	164	2015	0	1e-06	0
209	164	2015	0	2e-06	0
209	164	2015	0	4e-06	0
209	164	2015	0	6e-06	-0.0416389700000001
209	164	2015	0	1e-05	-0.19465699
209	164	2015	0	1.4e-05	-0.550516348
209	164	2015	1e-09	0	-0.761573567
209	164	2015	1e-09	1e-07	-0.78408279
209	164	2015	1e-09	2.5e-07	0
209	164	2015	1e-09	5e-07	-0.113844376
209	164	2015	1e-09	1e-06	-0.306303651
209	164	2015	1e-09	2e-06	-0.637499918
209	164	2015	1e-09	4e-06	-0.785641883
209	164	2015	1e-09	6e-06	-0.807867389
209	164	2015	1e-09	1e-05	0
209	164	2015	1e-09	1.4e-05	-0.116700554
209	164	2015	2.5e-09	0	-0.331439066
209	164	2015	2.5e-09	1e-07	-0.678738744
209	164	2015	2.5e-09	2.5e-07	-0.762374088
209	164	2015	2.5e-09	5e-07	-0.782584413
209	164	2015	2.5e-09	1e-06	0
209	164	2015	2.5e-09	2e-06	-0.242454547
209	164	2015	2.5e-09	4e-06	-0.491109789
209	164	2015	2.5e-09	6e-06	-0.679325028
209	164	2015	2.5e-09	1e-05	-0.727746517
209	164	2015	2.5e-09	1.4e-05	-0.721085674
209	164	2015	5e-09	0	0
209	164	2015	5e-09	1e-07	-0.586568649
209	164	2015	5e-09	2.5e-07	-0.540389642
209	164	2015	5e-09	5e-07	-0.468932553
209	164	2015	5e-09	1e-06	-0.476542114
209	164	2015	5e-09	2e-06	-0.452334027
209	164	2015	5e-09	4e-06	0
209	164	2015	5e-09	6e-06	-0.787464728
209	164	2015	5e-09	1e-05	-0.609755319
209	164	2015	5e-09	1.4e-05	-0.236094827
209	164	2015	7.5e-09	0	-0.233157913
209	164	2015	7.5e-09	1e-07	-0.216681705
209	164	2015	7.5e-09	2.5e-07	0
209	164	2015	7.5e-09	5e-07	-0.807216388
209	164	2015	7.5e-09	1e-06	-0.60609731
209	164	2015	7.5e-09	2e-06	-0.236101496
209	164	2015	7.5e-09	4e-06	-0.113819846
209	164	2015	7.5e-09	6e-06	-0.113611042
209	164	2015	7.5e-09	1e-05	0
209	164	2015	7.5e-09	1.4e-05	-0.801292133
209	164	2015	1e-08	0	-0.59701499
209	164	2015	1e-08	1e-07	-0.226385568
209	164	2015	1e-08	2.5e-07	-0.060281493
209	164	2015	1e-08	5e-07	-0.03593286
209	164	2015	1e-08	1e-06	0
209	164	2015	1e-08	2e-06	-0.784128325
209	164	2015	1e-08	4e-06	-0.584033918
209	164	2015	1e-08	6e-06	-0.21142905
209	164	2015	1e-08	1e-05	-0.045231734
209	164	2015	1e-08	1.4e-05	-0.00793027500000001
28	164	2015	0	0	0
28	164	2015	0	1e-07	0
28	164	2015	0	2.5e-07	0
28	164	2015	0	5e-07	0
28	164	2015	0	1e-06	0
28	164	2015	0	2e-06	0
28	164	2015	0	4e-06	0
28	164	2015	0	6e-06	-0.099128575
28	164	2015	0	1e-05	-0.266478982
28	164	2015	0	1.4e-05	-0.598461933
28	164	2015	1e-09	0	-0.854302206
28	164	2015	1e-09	1e-07	-0.885541632
28	164	2015	1e-09	2.5e-07	0
28	164	2015	1e-09	5e-07	-0.072989223
28	164	2015	1e-09	1e-06	-0.290740325
28	164	2015	1e-09	2e-06	-0.635725578
28	164	2015	1e-09	4e-06	-0.843205988
28	164	2015	1e-09	6e-06	-0.883574569
28	164	2015	1e-09	1e-05	0
28	164	2015	1e-09	1.4e-05	-0.124305398
28	164	2015	2.5e-09	0	-0.34377203
28	164	2015	2.5e-09	1e-07	-0.724538546
28	164	2015	2.5e-09	2.5e-07	-0.841394585
28	164	2015	2.5e-09	5e-07	-0.886921868
28	164	2015	2.5e-09	1e-06	0
28	164	2015	2.5e-09	2e-06	-0.185811706
28	164	2015	2.5e-09	4e-06	-0.429491854
28	164	2015	2.5e-09	6e-06	-0.732298227
28	164	2015	2.5e-09	1e-05	-0.815034408
28	164	2015	2.5e-09	1.4e-05	-0.833096463
28	164	2015	5e-09	0	0
28	164	2015	5e-09	1e-07	-0.37393859
28	164	2015	5e-09	2.5e-07	-0.420732274
28	164	2015	5e-09	5e-07	-0.613300724
28	164	2015	5e-09	1e-06	-0.655574261
28	164	2015	5e-09	2e-06	-0.669236815
28	164	2015	5e-09	4e-06	0
28	164	2015	5e-09	6e-06	-0.684864756
28	164	2015	5e-09	1e-05	-0.614551698
28	164	2015	5e-09	1.4e-05	-0.331617725
28	164	2015	7.5e-09	0	-0.19225837
28	164	2015	7.5e-09	1e-07	-0.207671457
28	164	2015	7.5e-09	2.5e-07	0
28	164	2015	7.5e-09	5e-07	-0.776264901
28	164	2015	7.5e-09	1e-06	-0.673956928
28	164	2015	7.5e-09	2e-06	-0.350554505
28	164	2015	7.5e-09	4e-06	-0.07872544
28	164	2015	7.5e-09	6e-06	-0.075310619
28	164	2015	7.5e-09	1e-05	0
28	164	2015	7.5e-09	1.4e-05	-0.836020359
28	164	2015	1e-08	0	-0.705134639
28	164	2015	1e-08	1e-07	-0.356071188
28	164	2015	1e-08	2.5e-07	-0.077102516
28	164	2015	1e-08	5e-07	-0.035795948
28	164	2015	1e-08	1e-06	0
28	164	2015	1e-08	2e-06	-0.837905979
28	164	2015	1e-08	4e-06	-0.702067474
28	164	2015	1e-08	6e-06	-0.343663307
28	164	2015	1e-08	1e-05	-0.074644399
28	164	2015	1e-08	1.4e-05	-0.020688313
210	164	2015	0	0	0
210	164	2015	0	1e-07	0
210	164	2015	0	2.5e-07	0
210	164	2015	0	5e-07	0
210	164	2015	0	1e-06	0
210	164	2015	0	2e-06	0
210	164	2015	0	4e-06	0
210	164	2015	0	6e-06	-0.0209604709999999
210	164	2015	0	1e-05	-0.0648952269999999
210	164	2015	0	1.4e-05	-0.034190988
210	164	2015	1e-09	0	-0.0281288019999998
210	164	2015	1e-09	1e-07	-0.0719343649999999
210	164	2015	1e-09	2.5e-07	0
210	164	2015	1e-09	5e-07	-0.0194819060000002
210	164	2015	1e-09	1e-06	-0.0420298400000002
210	164	2015	1e-09	2e-06	0.0165248789999998
210	164	2015	1e-09	4e-06	-0.0716403380000001
210	164	2015	1e-09	6e-06	-0.0518126760000001
210	164	2015	1e-09	1e-05	0
210	164	2015	1e-09	1.4e-05	-0.019197446
210	164	2015	2.5e-09	0	-0.0422459149999999
210	164	2015	2.5e-09	1e-07	0.00381614600000006
210	164	2015	2.5e-09	2.5e-07	-0.0278506329999999
210	164	2015	2.5e-09	5e-07	-0.063869957
210	164	2015	2.5e-09	1e-06	0
210	164	2015	2.5e-09	2e-06	-0.0258448270000001
210	164	2015	2.5e-09	4e-06	-0.045003959
210	164	2015	2.5e-09	6e-06	-0.027703131
210	164	2015	2.5e-09	1e-05	-0.0434859600000001
210	164	2015	2.5e-09	1.4e-05	-0.107870937
210	164	2015	5e-09	0	0
210	164	2015	5e-09	1e-07	-0.098988895
210	164	2015	5e-09	2.5e-07	-0.119185896
210	164	2015	5e-09	5e-07	-0.127186757
210	164	2015	5e-09	1e-06	-0.171270183
210	164	2015	5e-09	2e-06	-0.235775353
210	164	2015	5e-09	4e-06	0
210	164	2015	5e-09	6e-06	-0.286801232
210	164	2015	5e-09	1e-05	-0.321595951
210	164	2015	5e-09	1.4e-05	-0.325565345
210	164	2015	7.5e-09	0	-0.304170415
210	164	2015	7.5e-09	1e-07	-0.345114738
210	164	2015	7.5e-09	2.5e-07	0
210	164	2015	7.5e-09	5e-07	-0.398309257
210	164	2015	7.5e-09	1e-06	-0.435245817
210	164	2015	7.5e-09	2e-06	-0.399175314
210	164	2015	7.5e-09	4e-06	-0.370467298
210	164	2015	7.5e-09	6e-06	-0.40519686
210	164	2015	7.5e-09	1e-05	0
210	164	2015	7.5e-09	1.4e-05	-0.517968123
210	164	2015	1e-08	0	-0.504134345
210	164	2015	1e-08	1e-07	-0.466044474
210	164	2015	1e-08	2.5e-07	-0.451670426
210	164	2015	1e-08	5e-07	-0.484686177
210	164	2015	1e-08	1e-06	0
210	164	2015	1e-08	2e-06	-0.539871376
210	164	2015	1e-08	4e-06	-0.541164548
210	164	2015	1e-08	6e-06	-0.491653501
210	164	2015	1e-08	1e-05	-0.46625749
210	164	2015	1e-08	1.4e-05	-0.508205074
7	164	2015	0	0	0
7	164	2015	0	1e-07	0
7	164	2015	0	2.5e-07	0
7	164	2015	0	5e-07	0
7	164	2015	0	1e-06	0
7	164	2015	0	2e-06	0
7	164	2015	0	4e-06	0
7	164	2015	0	6e-06	-0.049956502
7	164	2015	0	1e-05	-0.08759896
7	164	2015	0	1.4e-05	-0.155976806
7	164	2015	1e-09	0	-0.338470766
7	164	2015	1e-09	1e-07	-0.383085869
7	164	2015	1e-09	2.5e-07	0
7	164	2015	1e-09	5e-07	-0.106236343
7	164	2015	1e-09	1e-06	-0.137756914
7	164	2015	1e-09	2e-06	-0.30721301
7	164	2015	1e-09	4e-06	-0.370523217
7	164	2015	1e-09	6e-06	-0.424053404
7	164	2015	1e-09	1e-05	0
7	164	2015	1e-09	1.4e-05	-0.119219431
7	164	2015	2.5e-09	0	-0.10504775
7	164	2015	2.5e-09	1e-07	-0.325656462
7	164	2015	2.5e-09	2.5e-07	-0.409492919
7	164	2015	2.5e-09	5e-07	-0.385466465
7	164	2015	2.5e-09	1e-06	0
7	164	2015	2.5e-09	2e-06	-0.193712227
7	164	2015	2.5e-09	4e-06	-0.193833524
7	164	2015	2.5e-09	6e-06	-0.328911277
7	164	2015	2.5e-09	1e-05	-0.36479881
7	164	2015	2.5e-09	1.4e-05	-0.347823535
7	164	2015	5e-09	0	0
7	164	2015	5e-09	1e-07	-0.277921395
7	164	2015	5e-09	2.5e-07	-0.414669451
7	164	2015	5e-09	5e-07	-0.391367762
7	164	2015	5e-09	1e-06	-0.359151201
7	164	2015	5e-09	2e-06	-0.357236585
7	164	2015	5e-09	4e-06	0
7	164	2015	5e-09	6e-06	-0.481667367
7	164	2015	5e-09	1e-05	-0.514262785
7	164	2015	5e-09	1.4e-05	-0.33137178
7	164	2015	7.5e-09	0	-0.261705643
7	164	2015	7.5e-09	1e-07	-0.262987131
7	164	2015	7.5e-09	2.5e-07	0
7	164	2015	7.5e-09	5e-07	-0.566491301
7	164	2015	7.5e-09	1e-06	-0.535587515
7	164	2015	7.5e-09	2e-06	-0.332593573
7	164	2015	7.5e-09	4e-06	-0.179420226
7	164	2015	7.5e-09	6e-06	-0.177903158
7	164	2015	7.5e-09	1e-05	0
7	164	2015	7.5e-09	1.4e-05	-0.636283616
7	164	2015	1e-08	0	-0.582487581
7	164	2015	1e-08	1e-07	-0.352398125
7	164	2015	1e-08	2.5e-07	-0.206769491
7	164	2015	1e-08	5e-07	-0.210199491
7	164	2015	1e-08	1e-06	0
7	164	2015	1e-08	2e-06	-0.643354435
7	164	2015	1e-08	4e-06	-0.583614197
7	164	2015	1e-08	6e-06	-0.37641165
7	164	2015	1e-08	1e-05	-0.201082736
7	164	2015	1e-08	1.4e-05	-0.211233779
211	164	2015	0	0	0
211	164	2015	0	1e-07	0
211	164	2015	0	2.5e-07	0
211	164	2015	0	5e-07	0
211	164	2015	0	1e-06	0
211	164	2015	0	2e-06	0
211	164	2015	0	4e-06	0
211	164	2015	0	6e-06	-0.137987033
211	164	2015	0	1e-05	-0.468447502
211	164	2015	0	1.4e-05	-0.944506215
211	164	2015	1e-09	0	-0.944428618
211	164	2015	1e-09	1e-07	-0.945783959
211	164	2015	1e-09	2.5e-07	0
211	164	2015	1e-09	5e-07	-0.258716449
211	164	2015	1e-09	1e-06	-0.546651764
211	164	2015	1e-09	2e-06	-1.0674528
211	164	2015	1e-09	4e-06	-1.065880406
211	164	2015	1e-09	6e-06	-1.065135894
211	164	2015	1e-09	1e-05	0
211	164	2015	1e-09	1.4e-05	-0.180309184
211	164	2015	2.5e-09	0	-0.698011251
211	164	2015	2.5e-09	1e-07	-1.02778986
211	164	2015	2.5e-09	2.5e-07	-1.027387044
211	164	2015	2.5e-09	5e-07	-1.025109133
211	164	2015	2.5e-09	1e-06	0
211	164	2015	2.5e-09	2e-06	-0.31000675
211	164	2015	2.5e-09	4e-06	-0.850910224
211	164	2015	2.5e-09	6e-06	-0.978728215
211	164	2015	2.5e-09	1e-05	-0.97842177
211	164	2015	2.5e-09	1.4e-05	-0.974061487
211	164	2015	5e-09	0	0
211	164	2015	5e-09	1e-07	-0.64014673
211	164	2015	5e-09	2.5e-07	-0.52658776
211	164	2015	5e-09	5e-07	-0.341157286
211	164	2015	5e-09	1e-06	-0.341020993
211	164	2015	5e-09	2e-06	-0.340613261
211	164	2015	5e-09	4e-06	0
211	164	2015	5e-09	6e-06	-0.837587311
211	164	2015	5e-09	1e-05	-0.548085294
211	164	2015	5e-09	1.4e-05	-0.023597771
211	164	2015	7.5e-09	0	-0.019984319
211	164	2015	7.5e-09	1e-07	-0.021615731
211	164	2015	7.5e-09	2.5e-07	0
211	164	2015	7.5e-09	5e-07	-0.844909109
211	164	2015	7.5e-09	1e-06	-0.549406811
211	164	2015	7.5e-09	2e-06	-0.019854112
211	164	2015	7.5e-09	4e-06	-0.010064582
211	164	2015	7.5e-09	6e-06	-0.011379409
211	164	2015	7.5e-09	1e-05	0
211	164	2015	7.5e-09	1.4e-05	-0.846735684
211	164	2015	1e-08	0	-0.549609753
211	164	2015	1e-08	1e-07	-0.019954353
211	164	2015	1e-08	2.5e-07	-0.008659184
211	164	2015	1e-08	5e-07	-0.007974503
211	164	2015	1e-08	1e-06	0
211	164	2015	1e-08	2e-06	-0.845579999
211	164	2015	1e-08	4e-06	-0.549346056
211	164	2015	1e-08	6e-06	-0.021097603
211	164	2015	1e-08	1e-05	-0.005154166
211	164	2015	1e-08	1.4e-05	-0.004809129
186	164	2015	0	0	0
186	164	2015	0	1e-07	0
186	164	2015	0	2.5e-07	0
186	164	2015	0	5e-07	0
186	164	2015	0	1e-06	0
186	164	2015	0	2e-06	0
186	164	2015	0	4e-06	0
186	164	2015	0	6e-06	-0.026913271
186	164	2015	0	1e-05	-0.085037995
186	164	2015	0	1.4e-05	-0.424156051
186	164	2015	1e-09	0	-0.750727198
186	164	2015	1e-09	1e-07	-0.906444104
186	164	2015	1e-09	2.5e-07	0
186	164	2015	1e-09	5e-07	0.051531385
186	164	2015	1e-09	1e-06	-0.062367776
186	164	2015	1e-09	2e-06	-0.348236927
186	164	2015	1e-09	4e-06	-0.75588678
186	164	2015	1e-09	6e-06	-0.848716787
186	164	2015	1e-09	1e-05	0
186	164	2015	1e-09	1.4e-05	-0.0291670310000001
186	164	2015	2.5e-09	0	-0.0752164449999999
186	164	2015	2.5e-09	1e-07	-0.466109715
186	164	2015	2.5e-09	2.5e-07	-0.772620527
186	164	2015	2.5e-09	5e-07	-0.808639419
186	164	2015	2.5e-09	1e-06	0
186	164	2015	2.5e-09	2e-06	-0.0799800399999999
186	164	2015	2.5e-09	4e-06	-0.327353284
186	164	2015	2.5e-09	6e-06	-0.676671374
186	164	2015	2.5e-09	1e-05	-0.794374458
186	164	2015	2.5e-09	1.4e-05	-0.802047611
186	164	2015	5e-09	0	0
186	164	2015	5e-09	1e-07	-0.548565544
186	164	2015	5e-09	2.5e-07	-0.699980123
186	164	2015	5e-09	5e-07	-0.616661744
186	164	2015	5e-09	1e-06	-0.500699076
186	164	2015	5e-09	2e-06	-0.512429451
186	164	2015	5e-09	4e-06	0
186	164	2015	5e-09	6e-06	-0.837548093
186	164	2015	5e-09	1e-05	-0.862607499
186	164	2015	5e-09	1.4e-05	-0.663872541
186	164	2015	7.5e-09	0	-0.228158332
186	164	2015	7.5e-09	1e-07	-0.047645091
186	164	2015	7.5e-09	2.5e-07	0
186	164	2015	7.5e-09	5e-07	-0.874643318
186	164	2015	7.5e-09	1e-06	-0.872073183
186	164	2015	7.5e-09	2e-06	-0.665718793
186	164	2015	7.5e-09	4e-06	-0.227290827
186	164	2015	7.5e-09	6e-06	-0.058252069
186	164	2015	7.5e-09	1e-05	0
186	164	2015	7.5e-09	1.4e-05	-0.881604828
186	164	2015	1e-08	0	-0.874829543
186	164	2015	1e-08	1e-07	-0.647030618
186	164	2015	1e-08	2.5e-07	-0.208285667
186	164	2015	1e-08	5e-07	-0.005942106
186	164	2015	1e-08	1e-06	0
186	164	2015	1e-08	2e-06	-0.894607926
186	164	2015	1e-08	4e-06	-0.870343574
186	164	2015	1e-08	6e-06	-0.626682276
186	164	2015	1e-08	1e-05	-0.175735589
186	164	2015	1e-08	1.4e-05	-0.00713751200000001
212	164	2015	0	0	0
212	164	2015	0	1e-07	0
212	164	2015	0	2.5e-07	0
212	164	2015	0	5e-07	0
212	164	2015	0	1e-06	0
212	164	2015	0	2e-06	0
212	164	2015	0	4e-06	0
212	164	2015	0	6e-06	-0.00695592699999992
212	164	2015	0	1e-05	0.00249870500000014
212	164	2015	0	1.4e-05	0.0306111100000003
212	164	2015	1e-09	0	-0.0150338079999999
212	164	2015	1e-09	1e-07	0.0217966380000001
212	164	2015	1e-09	2.5e-07	0
212	164	2015	1e-09	5e-07	-0.0403382530000002
212	164	2015	1e-09	1e-06	-0.00467307200000008
212	164	2015	1e-09	2e-06	-0.0193037720000002
212	164	2015	1e-09	4e-06	-0.00790258000000009
212	164	2015	1e-09	6e-06	0.00343290899999985
212	164	2015	1e-09	1e-05	0
212	164	2015	1e-09	1.4e-05	-0.0105614040000002
212	164	2015	2.5e-09	0	0.018788575
212	164	2015	2.5e-09	1e-07	-0.011851614
212	164	2015	2.5e-09	2.5e-07	-0.00154558200000011
212	164	2015	2.5e-09	5e-07	-0.00610079600000006
212	164	2015	2.5e-09	1e-06	0
212	164	2015	2.5e-09	2e-06	-0.0251778269999998
212	164	2015	2.5e-09	4e-06	-0.011780112
212	164	2015	2.5e-09	6e-06	-0.000317277000000047
212	164	2015	2.5e-09	1e-05	0.00402311000000012
212	164	2015	2.5e-09	1.4e-05	-0.0231821929999998
212	164	2015	5e-09	0	0
212	164	2015	5e-09	1e-07	-0.027972614
212	164	2015	5e-09	2.5e-07	-0.048409472
212	164	2015	5e-09	5e-07	-0.034605482
212	164	2015	5e-09	1e-06	-0.0792101819999999
212	164	2015	5e-09	2e-06	-0.0964128609999999
212	164	2015	5e-09	4e-06	0
212	164	2015	5e-09	6e-06	-0.135568379
212	164	2015	5e-09	1e-05	-0.148325778
212	164	2015	5e-09	1.4e-05	-0.198038154
212	164	2015	7.5e-09	0	-0.24688485
212	164	2015	7.5e-09	1e-07	-0.280795711
212	164	2015	7.5e-09	2.5e-07	0
212	164	2015	7.5e-09	5e-07	-0.245963859
212	164	2015	7.5e-09	1e-06	-0.264327059
212	164	2015	7.5e-09	2e-06	-0.339064399
212	164	2015	7.5e-09	4e-06	-0.383270656
212	164	2015	7.5e-09	6e-06	-0.371147634
212	164	2015	7.5e-09	1e-05	0
212	164	2015	7.5e-09	1.4e-05	-0.454913488
212	164	2015	1e-08	0	-0.487654742
212	164	2015	1e-08	1e-07	-0.515471788
212	164	2015	1e-08	2.5e-07	-0.534582933
212	164	2015	1e-08	5e-07	-0.536111296
212	164	2015	1e-08	1e-06	0
212	164	2015	1e-08	2e-06	-0.460502967
212	164	2015	1e-08	4e-06	-0.498005927
212	164	2015	1e-08	6e-06	-0.505647237
212	164	2015	1e-08	1e-05	-0.520268287
212	164	2015	1e-08	1.4e-05	-0.521043929
213	164	2015	0	0	0
213	164	2015	0	1e-07	0
213	164	2015	0	2.5e-07	0
213	164	2015	0	5e-07	0
213	164	2015	0	1e-06	0
213	164	2015	0	2e-06	0
213	164	2015	0	4e-06	0
213	164	2015	0	6e-06	-0.012893203
213	164	2015	0	1e-05	-0.0297866110000001
213	164	2015	0	1.4e-05	-0.0517488230000001
213	164	2015	1e-09	0	-0.191887637
213	164	2015	1e-09	1e-07	-0.432851928
213	164	2015	1e-09	2.5e-07	0
213	164	2015	1e-09	5e-07	-0.0180279449999998
213	164	2015	1e-09	1e-06	-0.00746098099999983
213	164	2015	1e-09	2e-06	-0.0203562260000001
213	164	2015	1e-09	4e-06	-0.198359883
213	164	2015	1e-09	6e-06	-0.415966891
213	164	2015	1e-09	1e-05	0
213	164	2015	1e-09	1.4e-05	-0.0261952290000001
213	164	2015	2.5e-09	0	-0.0836385030000001
213	164	2015	2.5e-09	1e-07	-0.0981173080000001
213	164	2015	2.5e-09	2.5e-07	-0.234091921
213	164	2015	2.5e-09	5e-07	-0.43865065
213	164	2015	2.5e-09	1e-06	0
213	164	2015	2.5e-09	2e-06	-0.0411139679999999
213	164	2015	2.5e-09	4e-06	-0.0166204409999999
213	164	2015	2.5e-09	6e-06	-0.0490451139999999
213	164	2015	2.5e-09	1e-05	-0.204646282
213	164	2015	2.5e-09	1.4e-05	-0.426421924
213	164	2015	5e-09	0	0
213	164	2015	5e-09	1e-07	-0.0628287929999999
213	164	2015	5e-09	2.5e-07	-0.038041209
213	164	2015	5e-09	5e-07	-0.147933913
213	164	2015	5e-09	1e-06	-0.419191071
213	164	2015	5e-09	2e-06	-0.557524328
213	164	2015	5e-09	4e-06	0
213	164	2015	5e-09	6e-06	-0.062214118
213	164	2015	5e-09	1e-05	-0.0733579220000001
213	164	2015	5e-09	1.4e-05	-0.233349461
213	164	2015	7.5e-09	0	-0.511882414
213	164	2015	7.5e-09	1e-07	-0.56711073
213	164	2015	7.5e-09	2.5e-07	0
213	164	2015	7.5e-09	5e-07	-0.182879302
213	164	2015	7.5e-09	1e-06	-0.215426224
213	164	2015	7.5e-09	2e-06	-0.369505069
213	164	2015	7.5e-09	4e-06	-0.389672086
213	164	2015	7.5e-09	6e-06	-0.416181222
213	164	2015	7.5e-09	1e-05	0
213	164	2015	7.5e-09	1.4e-05	-0.50718261
213	164	2015	1e-08	0	-0.509996411
213	164	2015	1e-08	1e-07	-0.536211847
213	164	2015	1e-08	2.5e-07	-0.431977765
213	164	2015	1e-08	5e-07	-0.262154053
213	164	2015	1e-08	1e-06	0
213	164	2015	1e-08	2e-06	-0.578627579
213	164	2015	1e-08	4e-06	-0.583573009
213	164	2015	1e-08	6e-06	-0.578185739
213	164	2015	1e-08	1e-05	-0.444534979
213	164	2015	1e-08	1.4e-05	-0.273144279
39	164	2015	0	0	0
39	164	2015	0	1e-07	0
39	164	2015	0	2.5e-07	0
39	164	2015	0	5e-07	0
39	164	2015	0	1e-06	0
39	164	2015	0	2e-06	0
39	164	2015	0	4e-06	0
39	164	2015	0	6e-06	-0.00590933299999989
39	164	2015	0	1e-05	0.0146234780000002
39	164	2015	0	1.4e-05	0.0100218680000002
39	164	2015	1e-09	0	-0.00947140199999993
39	164	2015	1e-09	1e-07	-0.00963493799999981
39	164	2015	1e-09	2.5e-07	0
39	164	2015	1e-09	5e-07	-0.0284590409999998
39	164	2015	1e-09	1e-06	-0.0230555329999999
39	164	2015	1e-09	2e-06	0.00463120600000011
39	164	2015	1e-09	4e-06	-0.00689091299999987
39	164	2015	1e-09	6e-06	-0.0378303249999998
39	164	2015	1e-09	1e-05	0
39	164	2015	1e-09	1.4e-05	0.004824859
39	164	2015	2.5e-09	0	0.0350122339999999
39	164	2015	2.5e-09	1e-07	0.014873333
39	164	2015	2.5e-09	2.5e-07	-0.00431214699999998
39	164	2015	2.5e-09	5e-07	0.0625075410000001
39	164	2015	2.5e-09	1e-06	0
39	164	2015	2.5e-09	2e-06	-0.09330124
39	164	2015	2.5e-09	4e-06	-0.067945708
39	164	2015	2.5e-09	6e-06	-0.131301516
39	164	2015	2.5e-09	1e-05	-0.118273667
39	164	2015	2.5e-09	1.4e-05	-0.193294379
39	164	2015	5e-09	0	0
39	164	2015	5e-09	1e-07	-0.324412332
39	164	2015	5e-09	2.5e-07	-0.331472967
39	164	2015	5e-09	5e-07	-0.400253582
39	164	2015	5e-09	1e-06	-0.440702445
39	164	2015	5e-09	2e-06	-0.464223686
39	164	2015	5e-09	4e-06	0
39	164	2015	5e-09	6e-06	-0.65273711
39	164	2015	5e-09	1e-05	-0.685554165
39	164	2015	5e-09	1.4e-05	-0.71096131
39	164	2015	7.5e-09	0	-0.677154963
39	164	2015	7.5e-09	1e-07	-0.654533177
39	164	2015	7.5e-09	2.5e-07	0
39	164	2015	7.5e-09	5e-07	-0.766809147
39	164	2015	7.5e-09	1e-06	-0.744900136
39	164	2015	7.5e-09	2e-06	-0.775430217
39	164	2015	7.5e-09	4e-06	-0.73670044
39	164	2015	7.5e-09	6e-06	-0.702659914
39	164	2015	7.5e-09	1e-05	0
39	164	2015	7.5e-09	1.4e-05	-0.787487687
39	164	2015	1e-08	0	-0.790428929
39	164	2015	1e-08	1e-07	-0.824266108
39	164	2015	1e-08	2.5e-07	-0.787336535
39	164	2015	1e-08	5e-07	-0.757747088
39	164	2015	1e-08	1e-06	0
39	164	2015	1e-08	2e-06	-0.81267111
39	164	2015	1e-08	4e-06	-0.79673572
39	164	2015	1e-08	6e-06	-0.830348089
39	164	2015	1e-08	1e-05	-0.81795008
39	164	2015	1e-08	1.4e-05	-0.763488039
