name	drugA	drugB	concA	concB	bliss
197	164	2015	0	0	0
197	164	2015	0	1e-07	0
197	164	2015	0	2.5e-07	0
197	164	2015	0	5e-07	0
197	164	2015	0	1e-06	0
197	164	2015	0	2e-06	0
197	164	2015	0	4e-06	0
197	164	2015	0	6e-06	-0.0418496270319871
197	164	2015	0	1e-05	-0.027552149838926
197	164	2015	0	1.4e-05	-0.0695732259727261
197	164	2015	1e-09	0	-0.312466475367683
197	164	2015	1e-09	1e-07	-0.591497683675534
197	164	2015	1e-09	2.5e-07	0
197	164	2015	1e-09	5e-07	-0.0108003172357536
197	164	2015	1e-09	1e-06	-0.0336493885601742
197	164	2015	1e-09	2e-06	-0.0948952666259815
197	164	2015	1e-09	4e-06	-0.415832661244016
197	164	2015	1e-09	6e-06	-0.68322615025929
197	164	2015	1e-09	1e-05	0
197	164	2015	1e-09	1.4e-05	-0.0129875592849911
197	164	2015	2.5e-09	0	-0.040471102502393
197	164	2015	2.5e-09	1e-07	-0.126542377529921
197	164	2015	2.5e-09	2.5e-07	-0.389605548697847
197	164	2015	2.5e-09	5e-07	-0.71006503665129
197	164	2015	2.5e-09	1e-06	0
197	164	2015	2.5e-09	2e-06	-0.0210399478945834
197	164	2015	2.5e-09	4e-06	-0.0591069183338125
197	164	2015	2.5e-09	6e-06	-0.179481728864354
197	164	2015	2.5e-09	1e-05	-0.493330240488616
197	164	2015	2.5e-09	1.4e-05	-0.742264435363706
197	164	2015	5e-09	0	0
197	164	2015	5e-09	1e-07	-0.0351645895565656
197	164	2015	5e-09	2.5e-07	-0.0673207608204812
197	164	2015	5e-09	5e-07	-0.338160777243143
197	164	2015	5e-09	1e-06	-0.647661307581699
197	164	2015	5e-09	2e-06	-0.769779877012328
197	164	2015	5e-09	4e-06	0
197	164	2015	5e-09	6e-06	-0.200174546273959
197	164	2015	5e-09	1e-05	-0.407114254035
197	164	2015	5e-09	1.4e-05	-0.706049941796314
197	164	2015	7.5e-09	0	-0.755314507226404
197	164	2015	7.5e-09	1e-07	-0.753435442112631
197	164	2015	7.5e-09	2.5e-07	0
197	164	2015	7.5e-09	5e-07	-0.391876225051889
197	164	2015	7.5e-09	1e-06	-0.608219345794401
197	164	2015	7.5e-09	2e-06	-0.809074619934757
197	164	2015	7.5e-09	4e-06	-0.71248486050611
197	164	2015	7.5e-09	6e-06	-0.67680079964974
197	164	2015	7.5e-09	1e-05	0
197	164	2015	7.5e-09	1.4e-05	-0.697563947309451
197	164	2015	1e-08	0	-0.816782719347671
197	164	2015	1e-08	1e-07	-0.851868583075553
197	164	2015	1e-08	2.5e-07	-0.605490759489857
197	164	2015	1e-08	5e-07	-0.52426002483954
197	164	2015	1e-08	1e-06	0
197	164	2015	1e-08	2e-06	-0.800946517278853
197	164	2015	1e-08	4e-06	-0.83688805651706
197	164	2015	1e-08	6e-06	-0.849174945792203
197	164	2015	1e-08	1e-05	-0.580183239073025
197	164	2015	1e-08	1.4e-05	-0.490317309450664
5	164	2015	0	0	0
5	164	2015	0	1e-07	0
5	164	2015	0	2.5e-07	0
5	164	2015	0	5e-07	0
5	164	2015	0	1e-06	0
5	164	2015	0	2e-06	0
5	164	2015	0	4e-06	0
5	164	2015	0	6e-06	-0.0175564395056202
5	164	2015	0	1e-05	-0.0366565093529147
5	164	2015	0	1.4e-05	-0.0445013464866473
5	164	2015	1e-09	0	-0.311783632673745
5	164	2015	1e-09	1e-07	-0.434331843802361
5	164	2015	1e-09	2.5e-07	0
5	164	2015	1e-09	5e-07	-0.0483346662955454
5	164	2015	1e-09	1e-06	-0.0551513126686726
5	164	2015	1e-09	2e-06	-0.0359895671251812
5	164	2015	1e-09	4e-06	-0.260664468042039
5	164	2015	1e-09	6e-06	-0.405563415822944
5	164	2015	1e-09	1e-05	0
5	164	2015	1e-09	1.4e-05	-0.060468974384453
5	164	2015	2.5e-09	0	-0.0521397966305777
5	164	2015	2.5e-09	1e-07	-0.0535069353892578
5	164	2015	2.5e-09	2.5e-07	-0.315745930551057
5	164	2015	2.5e-09	5e-07	-0.44451911157275
5	164	2015	2.5e-09	1e-06	0
5	164	2015	2.5e-09	2e-06	-0.0712741832749789
5	164	2015	2.5e-09	4e-06	-0.0666155420704551
5	164	2015	2.5e-09	6e-06	-0.079183715185743
5	164	2015	2.5e-09	1e-05	-0.349257011349153
5	164	2015	2.5e-09	1.4e-05	-0.42555999712718
5	164	2015	5e-09	0	0
5	164	2015	5e-09	1e-07	-0.10532724516195
5	164	2015	5e-09	2.5e-07	-0.0879267584495973
5	164	2015	5e-09	5e-07	-0.257614107716518
5	164	2015	5e-09	1e-06	-0.424484727348892
5	164	2015	5e-09	2e-06	-0.447214043566151
5	164	2015	5e-09	4e-06	0
5	164	2015	5e-09	6e-06	-0.304960554642927
5	164	2015	5e-09	1e-05	-0.381133118756946
5	164	2015	5e-09	1.4e-05	-0.452967318765677
5	164	2015	7.5e-09	0	-0.42653157015305
5	164	2015	7.5e-09	1e-07	-0.415264471673193
5	164	2015	7.5e-09	2.5e-07	0
5	164	2015	7.5e-09	5e-07	-0.433894623691324
5	164	2015	7.5e-09	1e-06	-0.46227277194484
5	164	2015	7.5e-09	2e-06	-0.496974869999539
5	164	2015	7.5e-09	4e-06	-0.424410276794005
5	164	2015	7.5e-09	6e-06	-0.359544552429979
5	164	2015	7.5e-09	1e-05	0
5	164	2015	7.5e-09	1.4e-05	-0.518787744884028
5	164	2015	1e-08	0	-0.525706206100681
5	164	2015	1e-08	1e-07	-0.530778801440645
5	164	2015	1e-08	2.5e-07	-0.431078846849699
5	164	2015	1e-08	5e-07	-0.367179812609668
5	164	2015	1e-08	1e-06	0
5	164	2015	1e-08	2e-06	-0.533755657205666
5	164	2015	1e-08	4e-06	-0.513788197811207
5	164	2015	1e-08	6e-06	-0.534854880577437
5	164	2015	1e-08	1e-05	-0.418669442339274
5	164	2015	1e-08	1.4e-05	-0.346841124253739
198	164	2015	0	0	0
198	164	2015	0	1e-07	0
198	164	2015	0	2.5e-07	0
198	164	2015	0	5e-07	0
198	164	2015	0	1e-06	0
198	164	2015	0	2e-06	0
198	164	2015	0	4e-06	0
198	164	2015	0	6e-06	0.0482349628529221
198	164	2015	0	1e-05	0.00957733909154271
198	164	2015	0	1.4e-05	-0.347195924278942
198	164	2015	1e-09	0	-0.878604026524561
198	164	2015	1e-09	1e-07	-0.954260745770195
198	164	2015	1e-09	2.5e-07	0
198	164	2015	1e-09	5e-07	0.0236440544133794
198	164	2015	1e-09	1e-06	0.0119471176656867
198	164	2015	1e-09	2e-06	-0.519290733190058
198	164	2015	1e-09	4e-06	-0.926421306969846
198	164	2015	1e-09	6e-06	-0.955201756677929
198	164	2015	1e-09	1e-05	0
198	164	2015	1e-09	1.4e-05	0.0195422335040062
198	164	2015	2.5e-09	0	-0.0878643959852143
198	164	2015	2.5e-09	1e-07	-0.659685394924991
198	164	2015	2.5e-09	2.5e-07	-0.984565518115065
198	164	2015	2.5e-09	5e-07	-1.00246672850096
198	164	2015	2.5e-09	1e-06	0
198	164	2015	2.5e-09	2e-06	-0.0110537095045034
198	164	2015	2.5e-09	4e-06	-0.184816018043861
198	164	2015	2.5e-09	6e-06	-0.892008328326733
198	164	2015	2.5e-09	1e-05	-0.971822740115474
198	164	2015	2.5e-09	1.4e-05	-0.973443614251136
198	164	2015	5e-09	0	0
198	164	2015	5e-09	1e-07	-0.108918841579287
198	164	2015	5e-09	2.5e-07	-0.673437768370254
198	164	2015	5e-09	5e-07	-0.888649829007688
198	164	2015	5e-09	1e-06	-0.828254568219248
198	164	2015	5e-09	2e-06	-0.821562618359456
198	164	2015	5e-09	4e-06	0
198	164	2015	5e-09	6e-06	-0.661852234138592
198	164	2015	5e-09	1e-05	-0.93892000466604
198	164	2015	5e-09	1.4e-05	-0.665171237334235
198	164	2015	7.5e-09	0	-0.42254660870433
198	164	2015	7.5e-09	1e-07	-0.387346203881682
198	164	2015	7.5e-09	2.5e-07	0
198	164	2015	7.5e-09	5e-07	-0.915040427549942
198	164	2015	7.5e-09	1e-06	-0.940421063386326
198	164	2015	7.5e-09	2e-06	-0.542635486047452
198	164	2015	7.5e-09	4e-06	-0.190665919752411
198	164	2015	7.5e-09	6e-06	-0.146010675633661
198	164	2015	7.5e-09	1e-05	0
198	164	2015	7.5e-09	1.4e-05	-0.982328532982343
198	164	2015	1e-08	0	-0.932849892974981
198	164	2015	1e-08	1e-07	-0.499039877450113
198	164	2015	1e-08	2.5e-07	-0.115394535596381
198	164	2015	1e-08	5e-07	-0.0608060456146396
198	164	2015	1e-08	1e-06	0
198	164	2015	1e-08	2e-06	-0.981123842052627
198	164	2015	1e-08	4e-06	-0.932059894343992
198	164	2015	1e-08	6e-06	-0.488115965676612
198	164	2015	1e-08	1e-05	-0.0924248135418896
198	164	2015	1e-08	1.4e-05	-0.040354219940709
94	164	2015	0	0	0
94	164	2015	0	1e-07	0
94	164	2015	0	2.5e-07	0
94	164	2015	0	5e-07	0
94	164	2015	0	1e-06	0
94	164	2015	0	2e-06	0
94	164	2015	0	4e-06	0
94	164	2015	0	6e-06	0.0378802317330539
94	164	2015	0	1e-05	0.0165223808428442
94	164	2015	0	1.4e-05	0.0324093639102402
94	164	2015	1e-09	0	-0.0247141364518112
94	164	2015	1e-09	1e-07	-0.0800646556612476
94	164	2015	1e-09	2.5e-07	0
94	164	2015	1e-09	5e-07	0.0302001133017353
94	164	2015	1e-09	1e-06	0.0197273710938954
94	164	2015	1e-09	2e-06	-0.0178157688252641
94	164	2015	1e-09	4e-06	0.00423793546510822
94	164	2015	1e-09	6e-06	-0.0787412733606712
94	164	2015	1e-09	1e-05	0
94	164	2015	1e-09	1.4e-05	0.000333345021591498
94	164	2015	2.5e-09	0	0.00961026078617493
94	164	2015	2.5e-09	1e-07	0.0432643649240013
94	164	2015	2.5e-09	2.5e-07	0.00763287073890496
94	164	2015	2.5e-09	5e-07	-0.227824994820461
94	164	2015	2.5e-09	1e-06	0
94	164	2015	2.5e-09	2e-06	0.0282959818220974
94	164	2015	2.5e-09	4e-06	0.0280826644717813
94	164	2015	2.5e-09	6e-06	0.00841207185987571
94	164	2015	2.5e-09	1e-05	-0.241612776120861
94	164	2015	2.5e-09	1.4e-05	-0.480451747510703
94	164	2015	5e-09	0	0
94	164	2015	5e-09	1e-07	0.0452838658271617
94	164	2015	5e-09	2.5e-07	0.0142364950305851
94	164	2015	5e-09	5e-07	-0.230718857899835
94	164	2015	5e-09	1e-06	-0.487449030281249
94	164	2015	5e-09	2e-06	-0.624968903062197
94	164	2015	5e-09	4e-06	0
94	164	2015	5e-09	6e-06	-0.281159813340174
94	164	2015	5e-09	1e-05	-0.38382077770008
94	164	2015	5e-09	1.4e-05	-0.637197151144412
94	164	2015	7.5e-09	0	-0.696440819229123
94	164	2015	7.5e-09	1e-07	-0.653647749323259
94	164	2015	7.5e-09	2.5e-07	0
94	164	2015	7.5e-09	5e-07	-0.627773575971813
94	164	2015	7.5e-09	1e-06	-0.644191619203486
94	164	2015	7.5e-09	2e-06	-0.76703674101416
94	164	2015	7.5e-09	4e-06	-0.742976535908335
94	164	2015	7.5e-09	6e-06	-0.612416193193587
94	164	2015	7.5e-09	1e-05	0
94	164	2015	7.5e-09	1.4e-05	-0.747755594539819
94	164	2015	1e-08	0	-0.76936711981169
94	164	2015	1e-08	1e-07	-0.830445838725673
94	164	2015	1e-08	2.5e-07	-0.760581212738694
94	164	2015	1e-08	5e-07	-0.635209395344954
94	164	2015	1e-08	1e-06	0
94	164	2015	1e-08	2e-06	-0.776408399302267
94	164	2015	1e-08	4e-06	-0.760546304017431
94	164	2015	1e-08	6e-06	-0.832114726947266
94	164	2015	1e-08	1e-05	-0.775279146058565
94	164	2015	1e-08	1.4e-05	-0.625436881430096
199	164	2015	0	0	0
199	164	2015	0	1e-07	0
199	164	2015	0	2.5e-07	0
199	164	2015	0	5e-07	0
199	164	2015	0	1e-06	0
199	164	2015	0	2e-06	0
199	164	2015	0	4e-06	0
199	164	2015	0	6e-06	0.0208563677108344
199	164	2015	0	1e-05	0.044244595321627
199	164	2015	0	1.4e-05	-0.236798999164544
199	164	2015	1e-09	0	-0.86727144664712
199	164	2015	1e-09	1e-07	-0.988405149548625
199	164	2015	1e-09	2.5e-07	0
199	164	2015	1e-09	5e-07	-0.0151976913937804
199	164	2015	1e-09	1e-06	0.0129196119111377
199	164	2015	1e-09	2e-06	-0.47926486026159
199	164	2015	1e-09	4e-06	-0.962333851421487
199	164	2015	1e-09	6e-06	-0.994811540135909
199	164	2015	1e-09	1e-05	0
199	164	2015	1e-09	1.4e-05	-0.0216720287926398
199	164	2015	2.5e-09	0	-0.133306711129309
199	164	2015	2.5e-09	1e-07	-0.755589904100916
199	164	2015	2.5e-09	2.5e-07	-0.958757598074452
199	164	2015	2.5e-09	5e-07	-0.971944156450269
199	164	2015	2.5e-09	1e-06	0
199	164	2015	2.5e-09	2e-06	-0.126301638257734
199	164	2015	2.5e-09	4e-06	-0.546584029769293
199	164	2015	2.5e-09	6e-06	-0.922040407170007
199	164	2015	2.5e-09	1e-05	-0.964825685720826
199	164	2015	2.5e-09	1.4e-05	-0.972065118011784
199	164	2015	5e-09	0	0
199	164	2015	5e-09	1e-07	-0.488320646873489
199	164	2015	5e-09	2.5e-07	-0.814823669972686
199	164	2015	5e-09	5e-07	-0.894789754535702
199	164	2015	5e-09	1e-06	-0.713523933084544
199	164	2015	5e-09	2e-06	-0.688370587323647
199	164	2015	5e-09	4e-06	0
199	164	2015	5e-09	6e-06	-0.869737547289151
199	164	2015	5e-09	1e-05	-0.927532495262381
199	164	2015	5e-09	1.4e-05	-0.826284595233611
199	164	2015	7.5e-09	0	-0.384225260340777
199	164	2015	7.5e-09	1e-07	-0.333808805531678
199	164	2015	7.5e-09	2.5e-07	0
199	164	2015	7.5e-09	5e-07	-0.948558117767164
199	164	2015	7.5e-09	1e-06	-0.930980669479072
199	164	2015	7.5e-09	2e-06	-0.790130805095458
199	164	2015	7.5e-09	4e-06	-0.228505009240995
199	164	2015	7.5e-09	6e-06	-0.158663452190663
199	164	2015	7.5e-09	1e-05	0
199	164	2015	7.5e-09	1.4e-05	-0.970216952894999
199	164	2015	1e-08	0	-0.921797185608663
199	164	2015	1e-08	1e-07	-0.763746239262163
199	164	2015	1e-08	2.5e-07	-0.14190404885697
199	164	2015	1e-08	5e-07	-0.0709237592832467
199	164	2015	1e-08	1e-06	0
199	164	2015	1e-08	2e-06	-0.974402379765491
199	164	2015	1e-08	4e-06	-0.918992873402321
199	164	2015	1e-08	6e-06	-0.758239614468751
199	164	2015	1e-08	1e-05	-0.133492140140365
199	164	2015	1e-08	1.4e-05	-0.0555110182610894
200	164	2015	0	0	0
200	164	2015	0	1e-07	0
200	164	2015	0	2.5e-07	0
200	164	2015	0	5e-07	0
200	164	2015	0	1e-06	0
200	164	2015	0	2e-06	0
200	164	2015	0	4e-06	0
200	164	2015	0	6e-06	-0.0916772947122379
200	164	2015	0	1e-05	-0.0173159990271472
200	164	2015	0	1.4e-05	-0.249515901219904
200	164	2015	1e-09	0	-0.809054917976097
200	164	2015	1e-09	1e-07	-0.852525215310141
200	164	2015	1e-09	2.5e-07	0
200	164	2015	1e-09	5e-07	-0.0752518984129787
200	164	2015	1e-09	1e-06	-0.10677052747102
200	164	2015	1e-09	2e-06	-0.28096916623761
200	164	2015	1e-09	4e-06	-0.801154901571035
200	164	2015	1e-09	6e-06	-0.898824414773072
200	164	2015	1e-09	1e-05	0
200	164	2015	1e-09	1.4e-05	-0.11067331073054
200	164	2015	2.5e-09	0	-0.13845726211648
200	164	2015	2.5e-09	1e-07	-0.459003475860532
200	164	2015	2.5e-09	2.5e-07	-0.843050293056852
200	164	2015	2.5e-09	5e-07	-0.839760563955954
200	164	2015	2.5e-09	1e-06	0
200	164	2015	2.5e-09	2e-06	-0.0916140363744191
200	164	2015	2.5e-09	4e-06	-0.21610985503797
200	164	2015	2.5e-09	6e-06	-0.712553234578656
200	164	2015	2.5e-09	1e-05	-0.845253061951838
200	164	2015	2.5e-09	1.4e-05	-0.842329344703974
200	164	2015	5e-09	0	0
200	164	2015	5e-09	1e-07	-0.224687877217094
200	164	2015	5e-09	2.5e-07	-0.523023103781645
200	164	2015	5e-09	5e-07	-0.859691343590036
200	164	2015	5e-09	1e-06	-0.766547279899275
200	164	2015	5e-09	2e-06	-0.74182348363292
200	164	2015	5e-09	4e-06	0
200	164	2015	5e-09	6e-06	-0.86405060549392
200	164	2015	5e-09	1e-05	-0.888289502789655
200	164	2015	5e-09	1.4e-05	-0.78397857369954
200	164	2015	7.5e-09	0	-0.378552353949867
200	164	2015	7.5e-09	1e-07	-0.283637480488705
200	164	2015	7.5e-09	2.5e-07	0
200	164	2015	7.5e-09	5e-07	-0.916426237603202
200	164	2015	7.5e-09	1e-06	-0.895034734370458
200	164	2015	7.5e-09	2e-06	-0.765810628701324
200	164	2015	7.5e-09	4e-06	-0.289186458252111
200	164	2015	7.5e-09	6e-06	-0.189924084522269
200	164	2015	7.5e-09	1e-05	0
200	164	2015	7.5e-09	1.4e-05	-0.936174004862702
200	164	2015	1e-08	0	-0.911962740541687
200	164	2015	1e-08	1e-07	-0.766434476701172
200	164	2015	1e-08	2.5e-07	-0.283356242344128
200	164	2015	1e-08	5e-07	-0.178901698697627
200	164	2015	1e-08	1e-06	0
200	164	2015	1e-08	2e-06	-0.944553324883143
200	164	2015	1e-08	4e-06	-0.922716023548022
200	164	2015	1e-08	6e-06	-0.776030977422967
200	164	2015	1e-08	1e-05	-0.290626733592103
200	164	2015	1e-08	1.4e-05	-0.180311755931381
201	164	2015	0	0	0
201	164	2015	0	1e-07	0
201	164	2015	0	2.5e-07	0
201	164	2015	0	5e-07	0
201	164	2015	0	1e-06	0
201	164	2015	0	2e-06	0
201	164	2015	0	4e-06	0
201	164	2015	0	6e-06	0.089867370407932
201	164	2015	0	1e-05	0.0833003420620906
201	164	2015	0	1.4e-05	0.0630864459856527
201	164	2015	1e-09	0	-0.169869856109801
201	164	2015	1e-09	1e-07	-0.383967990730195
201	164	2015	1e-09	2.5e-07	0
201	164	2015	1e-09	5e-07	0.0940632320979209
201	164	2015	1e-09	1e-06	0.0625036951758004
201	164	2015	1e-09	2e-06	0.0314076929903179
201	164	2015	1e-09	4e-06	-0.227682985658096
201	164	2015	1e-09	6e-06	-0.405866552838097
201	164	2015	1e-09	1e-05	0
201	164	2015	1e-09	1.4e-05	0.0330451506970022
201	164	2015	2.5e-09	0	-0.015190188828785
201	164	2015	2.5e-09	1e-07	-0.00940793237877912
201	164	2015	2.5e-09	2.5e-07	-0.324683492499761
201	164	2015	2.5e-09	5e-07	-0.424395354713235
201	164	2015	2.5e-09	1e-06	0
201	164	2015	2.5e-09	2e-06	-0.0121456516849287
201	164	2015	2.5e-09	4e-06	-0.0275416913658144
201	164	2015	2.5e-09	6e-06	-0.130520831605814
201	164	2015	2.5e-09	1e-05	-0.355108772653759
201	164	2015	2.5e-09	1.4e-05	-0.451166814506653
201	164	2015	5e-09	0	0
201	164	2015	5e-09	1e-07	-0.114087132100947
201	164	2015	5e-09	2.5e-07	-0.149920857388354
201	164	2015	5e-09	5e-07	-0.411151076248121
201	164	2015	5e-09	1e-06	-0.464652489716763
201	164	2015	5e-09	2e-06	-0.450807113603789
201	164	2015	5e-09	4e-06	0
201	164	2015	5e-09	6e-06	-0.212163113686573
201	164	2015	5e-09	1e-05	-0.244609089125155
201	164	2015	5e-09	1.4e-05	-0.464150607921868
201	164	2015	7.5e-09	0	-0.445988516943782
201	164	2015	7.5e-09	1e-07	-0.44552934523034
201	164	2015	7.5e-09	2.5e-07	0
201	164	2015	7.5e-09	5e-07	-0.258830201338472
201	164	2015	7.5e-09	1e-06	-0.334857779746534
201	164	2015	7.5e-09	2e-06	-0.491139369526631
201	164	2015	7.5e-09	4e-06	-0.461099223122898
201	164	2015	7.5e-09	6e-06	-0.436125682514818
201	164	2015	7.5e-09	1e-05	0
201	164	2015	7.5e-09	1.4e-05	-0.36565768246451
201	164	2015	1e-08	0	-0.455797356479634
201	164	2015	1e-08	1e-07	-0.542924019665527
201	164	2015	1e-08	2.5e-07	-0.412001942015051
201	164	2015	1e-08	5e-07	-0.394241365256623
201	164	2015	1e-08	1e-06	0
201	164	2015	1e-08	2e-06	-0.470210178381109
201	164	2015	1e-08	4e-06	-0.619846943877198
201	164	2015	1e-08	6e-06	-0.58071788733156
201	164	2015	1e-08	1e-05	-0.424715660633074
201	164	2015	1e-08	1.4e-05	-0.370696540754717
202	164	2015	0	0	0
202	164	2015	0	1e-07	0
202	164	2015	0	2.5e-07	0
202	164	2015	0	5e-07	0
202	164	2015	0	1e-06	0
202	164	2015	0	2e-06	0
202	164	2015	0	4e-06	0
202	164	2015	0	6e-06	-0.00524538994156245
202	164	2015	0	1e-05	-0.00253899882810089
202	164	2015	0	1.4e-05	-0.0387571570204236
202	164	2015	1e-09	0	-0.0383463607749681
202	164	2015	1e-09	1e-07	-0.106166061763977
202	164	2015	1e-09	2.5e-07	0
202	164	2015	1e-09	5e-07	-0.021117728340332
202	164	2015	1e-09	1e-06	-0.0275311009498911
202	164	2015	1e-09	2e-06	-0.00592870971986613
202	164	2015	1e-09	4e-06	-0.0512477204087999
202	164	2015	1e-09	6e-06	-0.04729120361952
202	164	2015	1e-09	1e-05	0
202	164	2015	1e-09	1.4e-05	-0.0380396258587031
202	164	2015	2.5e-09	0	-0.0168412006577522
202	164	2015	2.5e-09	1e-07	-0.0203370668633065
202	164	2015	2.5e-09	2.5e-07	-0.0613856191269321
202	164	2015	2.5e-09	5e-07	-0.0921490073707281
202	164	2015	2.5e-09	1e-06	0
202	164	2015	2.5e-09	2e-06	-0.0105637486353341
202	164	2015	2.5e-09	4e-06	-0.0443100788255451
202	164	2015	2.5e-09	6e-06	-0.0679665419062779
202	164	2015	2.5e-09	1e-05	-0.0818162079519585
202	164	2015	2.5e-09	1.4e-05	-0.153386332791547
202	164	2015	5e-09	0	0
202	164	2015	5e-09	1e-07	-0.174383952124855
202	164	2015	5e-09	2.5e-07	-0.147061928558218
202	164	2015	5e-09	5e-07	-0.240179203732144
202	164	2015	5e-09	1e-06	-0.257440824365238
202	164	2015	5e-09	2e-06	-0.262575923364569
202	164	2015	5e-09	4e-06	0
202	164	2015	5e-09	6e-06	-0.167376333827734
202	164	2015	5e-09	1e-05	-0.258017184033939
202	164	2015	5e-09	1.4e-05	-0.29717477472324
202	164	2015	7.5e-09	0	-0.300507527711238
202	164	2015	7.5e-09	1e-07	-0.321633679704391
202	164	2015	7.5e-09	2.5e-07	0
202	164	2015	7.5e-09	5e-07	-0.312823953356152
202	164	2015	7.5e-09	1e-06	-0.360063252473531
202	164	2015	7.5e-09	2e-06	-0.33529968439898
202	164	2015	7.5e-09	4e-06	-0.365400882331573
202	164	2015	7.5e-09	6e-06	-0.384093530828094
202	164	2015	7.5e-09	1e-05	0
202	164	2015	7.5e-09	1.4e-05	-0.334261777720863
202	164	2015	1e-08	0	-0.377788868008306
202	164	2015	1e-08	1e-07	-0.405740701921576
202	164	2015	1e-08	2.5e-07	-0.426758986936187
202	164	2015	1e-08	5e-07	-0.415490573506389
202	164	2015	1e-08	1e-06	0
202	164	2015	1e-08	2e-06	-0.438307010789004
202	164	2015	1e-08	4e-06	-0.479723762044808
202	164	2015	1e-08	6e-06	-0.446469883231699
202	164	2015	1e-08	1e-05	-0.438345090854912
202	164	2015	1e-08	1.4e-05	-0.392579421920523
203	164	2015	0	0	0
203	164	2015	0	1e-07	0
203	164	2015	0	2.5e-07	0
203	164	2015	0	5e-07	0
203	164	2015	0	1e-06	0
203	164	2015	0	2e-06	0
203	164	2015	0	4e-06	0
203	164	2015	0	6e-06	-0.00934185812439225
203	164	2015	0	1e-05	-0.021181702972378
203	164	2015	0	1.4e-05	-0.0177708166119642
203	164	2015	1e-09	0	-0.00543967451208417
203	164	2015	1e-09	1e-07	-0.0329935871796826
203	164	2015	1e-09	2.5e-07	0
203	164	2015	1e-09	5e-07	-0.0246737090078013
203	164	2015	1e-09	1e-06	-0.0419790207932965
203	164	2015	1e-09	2e-06	-0.0192851859073942
203	164	2015	1e-09	4e-06	-0.0494060077009463
203	164	2015	1e-09	6e-06	-0.0154890113478501
203	164	2015	1e-09	1e-05	0
203	164	2015	1e-09	1.4e-05	-0.0680127410895186
203	164	2015	2.5e-09	0	-0.0613996118309555
203	164	2015	2.5e-09	1e-07	-0.0735898465262876
203	164	2015	2.5e-09	2.5e-07	-0.082225573406711
203	164	2015	2.5e-09	5e-07	-0.0986745243607181
203	164	2015	2.5e-09	1e-06	0
203	164	2015	2.5e-09	2e-06	-0.0828330961731827
203	164	2015	2.5e-09	4e-06	-0.0987973214291792
203	164	2015	2.5e-09	6e-06	-0.117598803555473
203	164	2015	2.5e-09	1e-05	-0.148390687121191
203	164	2015	2.5e-09	1.4e-05	-0.249799841290098
203	164	2015	5e-09	0	0
203	164	2015	5e-09	1e-07	-0.154815664807145
203	164	2015	5e-09	2.5e-07	-0.195367428162211
203	164	2015	5e-09	5e-07	-0.303337459548328
203	164	2015	5e-09	1e-06	-0.408761886999702
203	164	2015	5e-09	2e-06	-0.551951097161792
203	164	2015	5e-09	4e-06	0
203	164	2015	5e-09	6e-06	-0.503567544636616
203	164	2015	5e-09	1e-05	-0.638259542575533
203	164	2015	5e-09	1.4e-05	-0.751438046590034
203	164	2015	7.5e-09	0	-0.754109150750677
203	164	2015	7.5e-09	1e-07	-0.790680826945947
203	164	2015	7.5e-09	2.5e-07	0
203	164	2015	7.5e-09	5e-07	-0.625916434322482
203	164	2015	7.5e-09	1e-06	-0.723456558625356
203	164	2015	7.5e-09	2e-06	-0.76183573981578
203	164	2015	7.5e-09	4e-06	-0.775298527373546
203	164	2015	7.5e-09	6e-06	-0.791791844170635
203	164	2015	7.5e-09	1e-05	0
203	164	2015	7.5e-09	1.4e-05	-0.658274862912355
203	164	2015	1e-08	0	-0.759530874483846
203	164	2015	1e-08	1e-07	-0.777745892413243
203	164	2015	1e-08	2.5e-07	-0.768053008893866
203	164	2015	1e-08	5e-07	-0.784728491777078
203	164	2015	1e-08	1e-06	0
203	164	2015	1e-08	2e-06	-0.700206553538417
203	164	2015	1e-08	4e-06	-0.743777166518928
203	164	2015	1e-08	6e-06	-0.751579063850064
203	164	2015	1e-08	1e-05	-0.757525260895764
203	164	2015	1e-08	1.4e-05	-0.775800276404854
16	164	2015	0	0	0
16	164	2015	0	1e-07	0
16	164	2015	0	2.5e-07	0
16	164	2015	0	5e-07	0
16	164	2015	0	1e-06	0
16	164	2015	0	2e-06	0
16	164	2015	0	4e-06	0
16	164	2015	0	6e-06	-0.0258577078928292
16	164	2015	0	1e-05	-0.396117619404728
16	164	2015	0	1.4e-05	-0.926937443995657
16	164	2015	1e-09	0	-0.921715536310234
16	164	2015	1e-09	1e-07	-0.918461844262977
16	164	2015	1e-09	2.5e-07	0
16	164	2015	1e-09	5e-07	-0.0865198695123468
16	164	2015	1e-09	1e-06	-0.410643400467135
16	164	2015	1e-09	2e-06	-0.925615456874216
16	164	2015	1e-09	4e-06	-0.920970784493511
16	164	2015	1e-09	6e-06	-0.921356788909687
16	164	2015	1e-09	1e-05	0
16	164	2015	1e-09	1.4e-05	-0.06814402184019
16	164	2015	2.5e-09	0	-0.675378933991855
16	164	2015	2.5e-09	1e-07	-0.918808226532271
16	164	2015	2.5e-09	2.5e-07	-0.909633412629202
16	164	2015	2.5e-09	5e-07	-0.905377150145999
16	164	2015	2.5e-09	1e-06	0
16	164	2015	2.5e-09	2e-06	-0.0755505031124099
16	164	2015	2.5e-09	4e-06	-0.904567673444839
16	164	2015	2.5e-09	6e-06	-0.914988216299092
16	164	2015	2.5e-09	1e-05	-0.909198346981372
16	164	2015	2.5e-09	1.4e-05	-0.900932459017716
16	164	2015	5e-09	0	0
16	164	2015	5e-09	1e-07	-0.450271312041773
16	164	2015	5e-09	2.5e-07	-0.946258162048876
16	164	2015	5e-09	5e-07	-0.892218018860528
16	164	2015	5e-09	1e-06	-0.882174277318833
16	164	2015	5e-09	2e-06	-0.879701903402506
16	164	2015	5e-09	4e-06	0
16	164	2015	5e-09	6e-06	-0.940801614286767
16	164	2015	5e-09	1e-05	-0.848112674070644
16	164	2015	5e-09	1.4e-05	-0.56334157958049
16	164	2015	7.5e-09	0	-0.560358389517337
16	164	2015	7.5e-09	1e-07	-0.55427634674899
16	164	2015	7.5e-09	2.5e-07	0
16	164	2015	7.5e-09	5e-07	-0.961225720172464
16	164	2015	7.5e-09	1e-06	-0.738781328175587
16	164	2015	7.5e-09	2e-06	-0.199293148874066
16	164	2015	7.5e-09	4e-06	-0.190820220295827
16	164	2015	7.5e-09	6e-06	-0.185126764846803
16	164	2015	7.5e-09	1e-05	0
16	164	2015	7.5e-09	1.4e-05	-0.964593820531865
16	164	2015	1e-08	0	-0.702868713543678
16	164	2015	1e-08	1e-07	-0.0804995464080365
16	164	2015	1e-08	2.5e-07	-0.0673604675237706
16	164	2015	1e-08	5e-07	-0.068043200813097
16	164	2015	1e-08	1e-06	0
16	164	2015	1e-08	2e-06	-0.965583612746035
16	164	2015	1e-08	4e-06	-0.693955650655345
16	164	2015	1e-08	6e-06	-0.0615129124142108
16	164	2015	1e-08	1e-05	-0.0457292762738889
16	164	2015	1e-08	1.4e-05	-0.0485690876144148
116	164	2015	0	0	0
116	164	2015	0	1e-07	0
116	164	2015	0	2.5e-07	0
116	164	2015	0	5e-07	0
116	164	2015	0	1e-06	0
116	164	2015	0	2e-06	0
116	164	2015	0	4e-06	0
116	164	2015	0	6e-06	-0.0255521380028148
116	164	2015	0	1e-05	-0.026660794905213
116	164	2015	0	1.4e-05	-0.0357950261285707
116	164	2015	1e-09	0	-0.0668473873289059
116	164	2015	1e-09	1e-07	-0.193710656538372
116	164	2015	1e-09	2.5e-07	0
116	164	2015	1e-09	5e-07	-0.0200022863181657
116	164	2015	1e-09	1e-06	-0.0345399937682802
116	164	2015	1e-09	2e-06	-0.0401036361382911
116	164	2015	1e-09	4e-06	-0.128340570073995
116	164	2015	1e-09	6e-06	-0.315031982671402
116	164	2015	1e-09	1e-05	0
116	164	2015	1e-09	1.4e-05	-0.0355220198302848
116	164	2015	2.5e-09	0	-0.0413168236414828
116	164	2015	2.5e-09	1e-07	-0.0719029189380419
116	164	2015	2.5e-09	2.5e-07	-0.225247289042159
116	164	2015	2.5e-09	5e-07	-0.406983733691348
116	164	2015	2.5e-09	1e-06	0
116	164	2015	2.5e-09	2e-06	-0.0943819855222853
116	164	2015	2.5e-09	4e-06	-0.136457512963105
116	164	2015	2.5e-09	6e-06	-0.208639154935823
116	164	2015	2.5e-09	1e-05	-0.411383829278331
116	164	2015	2.5e-09	1.4e-05	-0.546589285934793
116	164	2015	5e-09	0	0
116	164	2015	5e-09	1e-07	-0.217490613328951
116	164	2015	5e-09	2.5e-07	-0.300535128502421
116	164	2015	5e-09	5e-07	-0.520323766016307
116	164	2015	5e-09	1e-06	-0.631622773268644
116	164	2015	5e-09	2e-06	-0.671540035201928
116	164	2015	5e-09	4e-06	0
116	164	2015	5e-09	6e-06	-0.559359483241866
116	164	2015	5e-09	1e-05	-0.627036484561067
116	164	2015	5e-09	1.4e-05	-0.672199728144968
116	164	2015	7.5e-09	0	-0.695008646370867
116	164	2015	7.5e-09	1e-07	-0.642189059055208
116	164	2015	7.5e-09	2.5e-07	0
116	164	2015	7.5e-09	5e-07	-0.677335509018134
116	164	2015	7.5e-09	1e-06	-0.691487640365641
116	164	2015	7.5e-09	2e-06	-0.690141876985607
116	164	2015	7.5e-09	4e-06	-0.676056717091104
116	164	2015	7.5e-09	6e-06	-0.633748064018652
116	164	2015	7.5e-09	1e-05	0
116	164	2015	7.5e-09	1.4e-05	-0.686280201988802
116	164	2015	1e-08	0	-0.71321170328485
116	164	2015	1e-08	1e-07	-0.719571673846519
116	164	2015	1e-08	2.5e-07	-0.674644040945801
116	164	2015	1e-08	5e-07	-0.604602852849863
116	164	2015	1e-08	1e-06	0
116	164	2015	1e-08	2e-06	-0.720984675585239
116	164	2015	1e-08	4e-06	-0.712492199994057
116	164	2015	1e-08	6e-06	-0.711940939748185
116	164	2015	1e-08	1e-05	-0.66190082699878
116	164	2015	1e-08	1.4e-05	-0.620019765612665
20	164	2015	0	0	0
20	164	2015	0	1e-07	0
20	164	2015	0	2.5e-07	0
20	164	2015	0	5e-07	0
20	164	2015	0	1e-06	0
20	164	2015	0	2e-06	0
20	164	2015	0	4e-06	0
20	164	2015	0	6e-06	0.0470693366237053
20	164	2015	0	1e-05	0.0253734389961541
20	164	2015	0	1.4e-05	0.0317985993978388
20	164	2015	1e-09	0	-0.173904783885381
20	164	2015	1e-09	1e-07	-0.491697237515179
20	164	2015	1e-09	2.5e-07	0
20	164	2015	1e-09	5e-07	0.0675357493157581
20	164	2015	1e-09	1e-06	0.0340860191375233
20	164	2015	1e-09	2e-06	0.0275415030779322
20	164	2015	1e-09	4e-06	-0.29389551055834
20	164	2015	1e-09	6e-06	-0.584802084802567
20	164	2015	1e-09	1e-05	0
20	164	2015	1e-09	1.4e-05	0.0454737617491003
20	164	2015	2.5e-09	0	0.0501029164152135
20	164	2015	2.5e-09	1e-07	-0.00112848374606486
20	164	2015	2.5e-09	2.5e-07	-0.291424701520557
20	164	2015	2.5e-09	5e-07	-0.54861601211394
20	164	2015	2.5e-09	1e-06	0
20	164	2015	2.5e-09	2e-06	0.0574177888324724
20	164	2015	2.5e-09	4e-06	0.0775236312316902
20	164	2015	2.5e-09	6e-06	-0.0442214886907581
20	164	2015	2.5e-09	1e-05	-0.342707146106246
20	164	2015	2.5e-09	1.4e-05	-0.590427643776474
20	164	2015	5e-09	0	0
20	164	2015	5e-09	1e-07	0.0203263032723949
20	164	2015	5e-09	2.5e-07	0.0126601584903077
20	164	2015	5e-09	5e-07	-0.303285686707732
20	164	2015	5e-09	1e-06	-0.557763697971559
20	164	2015	5e-09	2e-06	-0.612743104453082
20	164	2015	5e-09	4e-06	0
20	164	2015	5e-09	6e-06	-0.134937865638609
20	164	2015	5e-09	1e-05	-0.535097686934847
20	164	2015	5e-09	1.4e-05	-0.721109038575398
20	164	2015	7.5e-09	0	-0.754592904802669
20	164	2015	7.5e-09	1e-07	-0.749823981270195
20	164	2015	7.5e-09	2.5e-07	0
20	164	2015	7.5e-09	5e-07	-0.669174680646908
20	164	2015	7.5e-09	1e-06	-0.79660635664066
20	164	2015	7.5e-09	2e-06	-0.819597254851433
20	164	2015	7.5e-09	4e-06	-0.740098648098361
20	164	2015	7.5e-09	6e-06	-0.586160142541654
20	164	2015	7.5e-09	1e-05	0
20	164	2015	7.5e-09	1.4e-05	-0.820064680463795
20	164	2015	1e-08	0	-0.881717348132396
20	164	2015	1e-08	1e-07	-0.872166690203555
20	164	2015	1e-08	2.5e-07	-0.728500721024767
20	164	2015	1e-08	5e-07	-0.465834590794274
20	164	2015	1e-08	1e-06	0
20	164	2015	1e-08	2e-06	-0.828707035053076
20	164	2015	1e-08	4e-06	-0.887533995343556
20	164	2015	1e-08	6e-06	-0.883646198503828
20	164	2015	1e-08	1e-05	-0.736951119065592
20	164	2015	1e-08	1.4e-05	-0.482394275061215
23	164	2015	0	0	0
23	164	2015	0	1e-07	0
23	164	2015	0	2.5e-07	0
23	164	2015	0	5e-07	0
23	164	2015	0	1e-06	0
23	164	2015	0	2e-06	0
23	164	2015	0	4e-06	0
23	164	2015	0	6e-06	0.0051718053036727
23	164	2015	0	1e-05	-0.361789049094841
23	164	2015	0	1.4e-05	-0.932541365456792
23	164	2015	1e-09	0	-0.943398156474693
23	164	2015	1e-09	1e-07	-0.9430250281489
23	164	2015	1e-09	2.5e-07	0
23	164	2015	1e-09	5e-07	0.0182100873980104
23	164	2015	1e-09	1e-06	-0.330408798844241
23	164	2015	1e-09	2e-06	-0.92289635853733
23	164	2015	1e-09	4e-06	-0.940066944325186
23	164	2015	1e-09	6e-06	-0.935951696416244
23	164	2015	1e-09	1e-05	0
23	164	2015	1e-09	1.4e-05	-0.0122351458712268
23	164	2015	2.5e-09	0	-0.656923283616958
23	164	2015	2.5e-09	1e-07	-0.907145166715387
23	164	2015	2.5e-09	2.5e-07	-0.909760234708971
23	164	2015	2.5e-09	5e-07	-0.911834304942548
23	164	2015	2.5e-09	1e-06	0
23	164	2015	2.5e-09	2e-06	-0.0824546261591037
23	164	2015	2.5e-09	4e-06	-0.83860686780618
23	164	2015	2.5e-09	6e-06	-0.912609776473591
23	164	2015	2.5e-09	1e-05	-0.903769693478511
23	164	2015	2.5e-09	1.4e-05	-0.906435339960992
23	164	2015	5e-09	0	0
23	164	2015	5e-09	1e-07	-0.361869035006361
23	164	2015	5e-09	2.5e-07	-0.890634135539786
23	164	2015	5e-09	5e-07	-0.862884853501557
23	164	2015	5e-09	1e-06	-0.85632977491543
23	164	2015	5e-09	2e-06	-0.85778500826788
23	164	2015	5e-09	4e-06	0
23	164	2015	5e-09	6e-06	-0.874436750031046
23	164	2015	5e-09	1e-05	-0.838099570508603
23	164	2015	5e-09	1.4e-05	-0.507533728937214
23	164	2015	7.5e-09	0	-0.493108310543036
23	164	2015	7.5e-09	1e-07	-0.49348119020691
23	164	2015	7.5e-09	2.5e-07	0
23	164	2015	7.5e-09	5e-07	-0.917939089042035
23	164	2015	7.5e-09	1e-06	-0.78376751479751
23	164	2015	7.5e-09	2e-06	-0.25753820281521
23	164	2015	7.5e-09	4e-06	-0.244261206424318
23	164	2015	7.5e-09	6e-06	-0.234843827194673
23	164	2015	7.5e-09	1e-05	0
23	164	2015	7.5e-09	1.4e-05	-0.909258837349273
23	164	2015	1e-08	0	-0.744423924557617
23	164	2015	1e-08	1e-07	-0.11897324328628
23	164	2015	1e-08	2.5e-07	-0.107115828456897
23	164	2015	1e-08	5e-07	-0.111278242560794
23	164	2015	1e-08	1e-06	0
23	164	2015	1e-08	2e-06	-0.905297913001132
23	164	2015	1e-08	4e-06	-0.738057987829337
23	164	2015	1e-08	6e-06	-0.109856003696935
23	164	2015	1e-08	1e-05	-0.0956904500944379
23	164	2015	1e-08	1.4e-05	-0.0922793282782437
204	164	2015	0	0	0
204	164	2015	0	1e-07	0
204	164	2015	0	2.5e-07	0
204	164	2015	0	5e-07	0
204	164	2015	0	1e-06	0
204	164	2015	0	2e-06	0
204	164	2015	0	4e-06	0
204	164	2015	0	6e-06	-0.00732639105275069
204	164	2015	0	1e-05	-0.154689580320243
204	164	2015	0	1.4e-05	-0.849864806899905
204	164	2015	1e-09	0	-0.91376708469188
204	164	2015	1e-09	1e-07	-0.919532253806514
204	164	2015	1e-09	2.5e-07	0
204	164	2015	1e-09	5e-07	-0.0377213301072995
204	164	2015	1e-09	1e-06	-0.143170425887092
204	164	2015	1e-09	2e-06	-0.863513185028872
204	164	2015	1e-09	4e-06	-0.918810020743255
204	164	2015	1e-09	6e-06	-0.924740031025847
204	164	2015	1e-09	1e-05	0
204	164	2015	1e-09	1.4e-05	-0.0289815393598579
204	164	2015	2.5e-09	0	-0.310972099884185
204	164	2015	2.5e-09	1e-07	-0.900115880175613
204	164	2015	2.5e-09	2.5e-07	-0.909380948128173
204	164	2015	2.5e-09	5e-07	-0.92456798446371
204	164	2015	2.5e-09	1e-06	0
204	164	2015	2.5e-09	2e-06	-0.0366247288002357
204	164	2015	2.5e-09	4e-06	-0.591984633060898
204	164	2015	2.5e-09	6e-06	-0.898847002554289
204	164	2015	2.5e-09	1e-05	-0.930260010477295
204	164	2015	2.5e-09	1.4e-05	-0.937828119644353
204	164	2015	5e-09	0	0
204	164	2015	5e-09	1e-07	-0.120031524011721
204	164	2015	5e-09	2.5e-07	-0.768815745184655
204	164	2015	5e-09	5e-07	-0.903329089449089
204	164	2015	5e-09	1e-06	-0.906126967644872
204	164	2015	5e-09	2e-06	-0.909937119699438
204	164	2015	5e-09	4e-06	0
204	164	2015	5e-09	6e-06	-0.781737112285584
204	164	2015	5e-09	1e-05	-0.854179274073145
204	164	2015	5e-09	1.4e-05	-0.515890703641914
204	164	2015	7.5e-09	0	-0.495644551400482
204	164	2015	7.5e-09	1e-07	-0.482923094991512
204	164	2015	7.5e-09	2.5e-07	0
204	164	2015	7.5e-09	5e-07	-0.874368512711905
204	164	2015	7.5e-09	1e-06	-0.84375702773315
204	164	2015	7.5e-09	2e-06	-0.277952749168277
204	164	2015	7.5e-09	4e-06	-0.23210837720281
204	164	2015	7.5e-09	6e-06	-0.221107556923224
204	164	2015	7.5e-09	1e-05	0
204	164	2015	7.5e-09	1.4e-05	-0.887295380916319
204	164	2015	1e-08	0	-0.833722941494355
204	164	2015	1e-08	1e-07	-0.202088857827773
204	164	2015	1e-08	2.5e-07	-0.155405088890132
204	164	2015	1e-08	5e-07	-0.149825243493217
204	164	2015	1e-08	1e-06	0
204	164	2015	1e-08	2e-06	-0.894044825798001
204	164	2015	1e-08	4e-06	-0.826714397619285
204	164	2015	1e-08	6e-06	-0.181982844947046
204	164	2015	1e-08	1e-05	-0.135609394285248
204	164	2015	1e-08	1.4e-05	-0.137872710467946
205	164	2015	0	0	0
205	164	2015	0	1e-07	0
205	164	2015	0	2.5e-07	0
205	164	2015	0	5e-07	0
205	164	2015	0	1e-06	0
205	164	2015	0	2e-06	0
205	164	2015	0	4e-06	0
205	164	2015	0	6e-06	-0.00108071195869158
205	164	2015	0	1e-05	0.0529541106547799
205	164	2015	0	1.4e-05	-0.069510858553632
205	164	2015	1e-09	0	-0.0393444116156195
205	164	2015	1e-09	1e-07	-0.391293800324634
205	164	2015	1e-09	2.5e-07	0
205	164	2015	1e-09	5e-07	0.0281962913444333
205	164	2015	1e-09	1e-06	-0.0139639097314658
205	164	2015	1e-09	2e-06	-0.0642315066320647
205	164	2015	1e-09	4e-06	0.0616760206663233
205	164	2015	1e-09	6e-06	-0.343108347078465
205	164	2015	1e-09	1e-05	0
205	164	2015	1e-09	1.4e-05	-0.0385700280017939
205	164	2015	2.5e-09	0	-0.00199052764963412
205	164	2015	2.5e-09	1e-07	-0.0774215342195266
205	164	2015	2.5e-09	2.5e-07	-0.0897742694151731
205	164	2015	2.5e-09	5e-07	-0.405138663654546
205	164	2015	2.5e-09	1e-06	0
205	164	2015	2.5e-09	2e-06	-0.135147354648497
205	164	2015	2.5e-09	4e-06	-0.0594066928107613
205	164	2015	2.5e-09	6e-06	-0.110285255570836
205	164	2015	2.5e-09	1e-05	-0.090006335177974
205	164	2015	2.5e-09	1.4e-05	-0.440315067213408
205	164	2015	5e-09	0	0
205	164	2015	5e-09	1e-07	-0.634029122472212
205	164	2015	5e-09	2.5e-07	-0.651304371561315
205	164	2015	5e-09	5e-07	-0.614407447592081
205	164	2015	5e-09	1e-06	-0.622996773031899
205	164	2015	5e-09	2e-06	-0.563421602976073
205	164	2015	5e-09	4e-06	0
205	164	2015	5e-09	6e-06	-0.821184023148932
205	164	2015	5e-09	1e-05	-0.764858324314268
205	164	2015	5e-09	1.4e-05	-0.722420012957625
205	164	2015	7.5e-09	0	-0.713918045963106
205	164	2015	7.5e-09	1e-07	-0.501217176522622
205	164	2015	7.5e-09	2.5e-07	0
205	164	2015	7.5e-09	5e-07	-0.89851225182288
205	164	2015	7.5e-09	1e-06	-0.849159703673878
205	164	2015	7.5e-09	2e-06	-0.803493043199506
205	164	2015	7.5e-09	4e-06	-0.767298006179839
205	164	2015	7.5e-09	6e-06	-0.516191232669435
205	164	2015	7.5e-09	1e-05	0
205	164	2015	7.5e-09	1.4e-05	-0.924622724180037
205	164	2015	1e-08	0	-0.881942502264977
205	164	2015	1e-08	1e-07	-0.816903759580135
205	164	2015	1e-08	2.5e-07	-0.802810062018075
205	164	2015	1e-08	5e-07	-0.546708965592146
205	164	2015	1e-08	1e-06	0
205	164	2015	1e-08	2e-06	-0.920624986091017
205	164	2015	1e-08	4e-06	-0.889190858793271
205	164	2015	1e-08	6e-06	-0.828695894524696
205	164	2015	1e-08	1e-05	-0.830044813446298
205	164	2015	1e-08	1.4e-05	-0.563698794983033
21	164	2015	0	0	0
21	164	2015	0	1e-07	0
21	164	2015	0	2.5e-07	0
21	164	2015	0	5e-07	0
21	164	2015	0	1e-06	0
21	164	2015	0	2e-06	0
21	164	2015	0	4e-06	0
21	164	2015	0	6e-06	-0.0415672064207123
21	164	2015	0	1e-05	-0.0758001575005019
21	164	2015	0	1.4e-05	-0.200414670855019
21	164	2015	1e-09	0	-0.275846785441796
21	164	2015	1e-09	1e-07	-0.275174003537446
21	164	2015	1e-09	2.5e-07	0
21	164	2015	1e-09	5e-07	-0.0615607792204501
21	164	2015	1e-09	1e-06	-0.0650349381397513
21	164	2015	1e-09	2e-06	-0.209470530346281
21	164	2015	1e-09	4e-06	-0.252521173158452
21	164	2015	1e-09	6e-06	-0.273074687531444
21	164	2015	1e-09	1e-05	0
21	164	2015	1e-09	1.4e-05	-0.0922095387497697
21	164	2015	2.5e-09	0	-0.141247910255486
21	164	2015	2.5e-09	1e-07	-0.227998522485846
21	164	2015	2.5e-09	2.5e-07	-0.28237965889547
21	164	2015	2.5e-09	5e-07	-0.330848681048016
21	164	2015	2.5e-09	1e-06	0
21	164	2015	2.5e-09	2e-06	-0.116218538925241
21	164	2015	2.5e-09	4e-06	-0.1967488903051
21	164	2015	2.5e-09	6e-06	-0.330690922456225
21	164	2015	2.5e-09	1e-05	-0.383828575688373
21	164	2015	2.5e-09	1.4e-05	-0.432778050490688
21	164	2015	5e-09	0	0
21	164	2015	5e-09	1e-07	-0.360635476766356
21	164	2015	5e-09	2.5e-07	-0.458419579758857
21	164	2015	5e-09	5e-07	-0.59960186626485
21	164	2015	5e-09	1e-06	-0.604195545650849
21	164	2015	5e-09	2e-06	-0.657040360118146
21	164	2015	5e-09	4e-06	0
21	164	2015	5e-09	6e-06	-0.769807035820255
21	164	2015	5e-09	1e-05	-0.761643156004409
21	164	2015	5e-09	1.4e-05	-0.723777867348011
21	164	2015	7.5e-09	0	-0.693186220439962
21	164	2015	7.5e-09	1e-07	-0.683326621882449
21	164	2015	7.5e-09	2.5e-07	0
21	164	2015	7.5e-09	5e-07	-0.828749565514733
21	164	2015	7.5e-09	1e-06	-0.799877096333882
21	164	2015	7.5e-09	2e-06	-0.738809835656551
21	164	2015	7.5e-09	4e-06	-0.690438873392119
21	164	2015	7.5e-09	6e-06	-0.665127061580906
21	164	2015	7.5e-09	1e-05	0
21	164	2015	7.5e-09	1.4e-05	-0.852424973023051
21	164	2015	1e-08	0	-0.813818672410005
21	164	2015	1e-08	1e-07	-0.717869607899601
21	164	2015	1e-08	2.5e-07	-0.672292841854403
21	164	2015	1e-08	5e-07	-0.645115627188176
21	164	2015	1e-08	1e-06	0
21	164	2015	1e-08	2e-06	-0.861134168234902
21	164	2015	1e-08	4e-06	-0.805187930621658
21	164	2015	1e-08	6e-06	-0.720095572047321
21	164	2015	1e-08	1e-05	-0.654681699375408
21	164	2015	1e-08	1.4e-05	-0.634546373776162
195	164	2015	0	0	0
195	164	2015	0	1e-07	0
195	164	2015	0	2.5e-07	0
195	164	2015	0	5e-07	0
195	164	2015	0	1e-06	0
195	164	2015	0	2e-06	0
195	164	2015	0	4e-06	0
195	164	2015	0	6e-06	0.0108329136032003
195	164	2015	0	1e-05	0.057572315933615
195	164	2015	0	1.4e-05	-0.150777041146132
195	164	2015	1e-09	0	-0.515679653370472
195	164	2015	1e-09	1e-07	-0.718151528707847
195	164	2015	1e-09	2.5e-07	0
195	164	2015	1e-09	5e-07	0.0302175439774007
195	164	2015	1e-09	1e-06	0.0480144154250767
195	164	2015	1e-09	2e-06	-0.158184294916617
195	164	2015	1e-09	4e-06	-0.598595150180132
195	164	2015	1e-09	6e-06	-0.701834324544464
195	164	2015	1e-09	1e-05	0
195	164	2015	1e-09	1.4e-05	0.06390412558769
195	164	2015	2.5e-09	0	0.0386012925320263
195	164	2015	2.5e-09	1e-07	-0.272014794689472
195	164	2015	2.5e-09	2.5e-07	-0.648741046792032
195	164	2015	2.5e-09	5e-07	-0.752900127714513
195	164	2015	2.5e-09	1e-06	0
195	164	2015	2.5e-09	2e-06	0.00737611449288778
195	164	2015	2.5e-09	4e-06	-0.0829658019209801
195	164	2015	2.5e-09	6e-06	-0.565905858247286
195	164	2015	2.5e-09	1e-05	-0.769857780621884
195	164	2015	2.5e-09	1.4e-05	-0.831864752349441
195	164	2015	5e-09	0	0
195	164	2015	5e-09	1e-07	-0.442043514704711
195	164	2015	5e-09	2.5e-07	-0.672155764469233
195	164	2015	5e-09	5e-07	-0.732132329055347
195	164	2015	5e-09	1e-06	-0.659648924272144
195	164	2015	5e-09	2e-06	-0.660639281633925
195	164	2015	5e-09	4e-06	0
195	164	2015	5e-09	6e-06	-0.892843078704314
195	164	2015	5e-09	1e-05	-0.905967824972391
195	164	2015	5e-09	1.4e-05	-0.759813614987927
195	164	2015	7.5e-09	0	-0.392687065982807
195	164	2015	7.5e-09	1e-07	-0.339870168135251
195	164	2015	7.5e-09	2.5e-07	0
195	164	2015	7.5e-09	5e-07	-0.95538891629258
195	164	2015	7.5e-09	1e-06	-0.956298840158314
195	164	2015	7.5e-09	2e-06	-0.756017705288743
195	164	2015	7.5e-09	4e-06	-0.367293085049122
195	164	2015	7.5e-09	6e-06	-0.301289087231289
195	164	2015	7.5e-09	1e-05	0
195	164	2015	7.5e-09	1.4e-05	-0.980048464026388
195	164	2015	1e-08	0	-0.981182465424728
195	164	2015	1e-08	1e-07	-0.760381378349075
195	164	2015	1e-08	2.5e-07	-0.339536566715535
195	164	2015	1e-08	5e-07	-0.291754993102403
195	164	2015	1e-08	1e-06	0
195	164	2015	1e-08	2e-06	-0.983384525731445
195	164	2015	1e-08	4e-06	-0.988515967631606
195	164	2015	1e-08	6e-06	-0.775451955851303
195	164	2015	1e-08	1e-05	-0.345532112175528
195	164	2015	1e-08	1.4e-05	-0.273577326293537
206	164	2015	0	0	0
206	164	2015	0	1e-07	0
206	164	2015	0	2.5e-07	0
206	164	2015	0	5e-07	0
206	164	2015	0	1e-06	0
206	164	2015	0	2e-06	0
206	164	2015	0	4e-06	0
206	164	2015	0	6e-06	0.0119788747511994
206	164	2015	0	1e-05	-0.00305825721347944
206	164	2015	0	1.4e-05	-0.0225230524088127
206	164	2015	1e-09	0	-0.278737267387773
206	164	2015	1e-09	1e-07	-0.523390677045669
206	164	2015	1e-09	2.5e-07	0
206	164	2015	1e-09	5e-07	0.00842464653465854
206	164	2015	1e-09	1e-06	-0.0201979999200633
206	164	2015	1e-09	2e-06	-0.0615033959045304
206	164	2015	1e-09	4e-06	-0.286015976617951
206	164	2015	1e-09	6e-06	-0.520746330559899
206	164	2015	1e-09	1e-05	0
206	164	2015	1e-09	1.4e-05	0.0285338320798472
206	164	2015	2.5e-09	0	-0.0149673888184763
206	164	2015	2.5e-09	1e-07	-0.0339939527881202
206	164	2015	2.5e-09	2.5e-07	-0.286879558859697
206	164	2015	2.5e-09	5e-07	-0.537279219398327
206	164	2015	2.5e-09	1e-06	0
206	164	2015	2.5e-09	2e-06	-0.0196424809026132
206	164	2015	2.5e-09	4e-06	-0.0206804672882777
206	164	2015	2.5e-09	6e-06	-0.083032473844403
206	164	2015	2.5e-09	1e-05	-0.35526839831007
206	164	2015	2.5e-09	1.4e-05	-0.537550409963687
206	164	2015	5e-09	0	0
206	164	2015	5e-09	1e-07	-0.0178230935382463
206	164	2015	5e-09	2.5e-07	-0.0266183573755173
206	164	2015	5e-09	5e-07	-0.265125286295642
206	164	2015	5e-09	1e-06	-0.536305825171516
206	164	2015	5e-09	2e-06	-0.58593968160362
206	164	2015	5e-09	4e-06	0
206	164	2015	5e-09	6e-06	-0.372372117274679
206	164	2015	5e-09	1e-05	-0.514969214994213
206	164	2015	5e-09	1.4e-05	-0.653567162870395
206	164	2015	7.5e-09	0	-0.600004569923593
206	164	2015	7.5e-09	1e-07	-0.511988957040092
206	164	2015	7.5e-09	2.5e-07	0
206	164	2015	7.5e-09	5e-07	-0.720650858613678
206	164	2015	7.5e-09	1e-06	-0.732476250709597
206	164	2015	7.5e-09	2e-06	-0.726172700154295
206	164	2015	7.5e-09	4e-06	-0.544022484080528
206	164	2015	7.5e-09	6e-06	-0.366978334429815
206	164	2015	7.5e-09	1e-05	0
206	164	2015	7.5e-09	1.4e-05	-0.800934209558018
206	164	2015	1e-08	0	-0.801913168479534
206	164	2015	1e-08	1e-07	-0.751122047159712
206	164	2015	1e-08	2.5e-07	-0.54665287137391
206	164	2015	1e-08	5e-07	-0.350695622215615
206	164	2015	1e-08	1e-06	0
206	164	2015	1e-08	2e-06	-0.779557912636628
206	164	2015	1e-08	4e-06	-0.782352838598945
206	164	2015	1e-08	6e-06	-0.733723108981632
206	164	2015	1e-08	1e-05	-0.551594962527215
206	164	2015	1e-08	1.4e-05	-0.347643801269664
25	164	2015	0	0	0
25	164	2015	0	1e-07	0
25	164	2015	0	2.5e-07	0
25	164	2015	0	5e-07	0
25	164	2015	0	1e-06	0
25	164	2015	0	2e-06	0
25	164	2015	0	4e-06	0
25	164	2015	0	6e-06	-0.013832310216586
25	164	2015	0	1e-05	0.000147118109670146
25	164	2015	0	1.4e-05	0.00323136561234861
25	164	2015	1e-09	0	-0.115272497142071
25	164	2015	1e-09	1e-07	-0.44495136216843
25	164	2015	1e-09	2.5e-07	0
25	164	2015	1e-09	5e-07	0.00931844665836437
25	164	2015	1e-09	1e-06	-0.01028863562279
25	164	2015	1e-09	2e-06	-0.015193398721831
25	164	2015	1e-09	4e-06	-0.163039386461981
25	164	2015	1e-09	6e-06	-0.525309918810089
25	164	2015	1e-09	1e-05	0
25	164	2015	1e-09	1.4e-05	-0.00516037535332671
25	164	2015	2.5e-09	0	-0.0210802711144949
25	164	2015	2.5e-09	1e-07	-0.0446493143020207
25	164	2015	2.5e-09	2.5e-07	-0.208180616462299
25	164	2015	2.5e-09	5e-07	-0.697117603273547
25	164	2015	2.5e-09	1e-06	0
25	164	2015	2.5e-09	2e-06	-0.0442063644608986
25	164	2015	2.5e-09	4e-06	-0.0550043277310954
25	164	2015	2.5e-09	6e-06	-0.103429761423956
25	164	2015	2.5e-09	1e-05	-0.380372452782409
25	164	2015	2.5e-09	1.4e-05	-0.859008098128389
25	164	2015	5e-09	0	0
25	164	2015	5e-09	1e-07	-0.0625725493081217
25	164	2015	5e-09	2.5e-07	-0.0990984076258046
25	164	2015	5e-09	5e-07	-0.287292150252424
25	164	2015	5e-09	1e-06	-0.749966407505106
25	164	2015	5e-09	2e-06	-0.883579574101187
25	164	2015	5e-09	4e-06	0
25	164	2015	5e-09	6e-06	-0.327201284112014
25	164	2015	5e-09	1e-05	-0.575939032812925
25	164	2015	5e-09	1.4e-05	-0.827781926164813
25	164	2015	7.5e-09	0	-0.880744704008771
25	164	2015	7.5e-09	1e-07	-0.848644353353104
25	164	2015	7.5e-09	2.5e-07	0
25	164	2015	7.5e-09	5e-07	-0.592734690146164
25	164	2015	7.5e-09	1e-06	-0.812924936603384
25	164	2015	7.5e-09	2e-06	-0.938731021734581
25	164	2015	7.5e-09	4e-06	-0.83302592774443
25	164	2015	7.5e-09	6e-06	-0.766592463349064
25	164	2015	7.5e-09	1e-05	0
25	164	2015	7.5e-09	1.4e-05	-0.831686459959207
25	164	2015	1e-08	0	-0.92272989953604
25	164	2015	1e-08	1e-07	-0.94777509501709
25	164	2015	1e-08	2.5e-07	-0.776006552073819
25	164	2015	1e-08	5e-07	-0.676127444259101
25	164	2015	1e-08	1e-06	0
25	164	2015	1e-08	2e-06	-0.903876542781686
25	164	2015	1e-08	4e-06	-0.936331893886708
25	164	2015	1e-08	6e-06	-0.951501600039554
25	164	2015	1e-08	1e-05	-0.750259883699612
25	164	2015	1e-08	1.4e-05	-0.640877541710635
26	164	2015	0	0	0
26	164	2015	0	1e-07	0
26	164	2015	0	2.5e-07	0
26	164	2015	0	5e-07	0
26	164	2015	0	1e-06	0
26	164	2015	0	2e-06	0
26	164	2015	0	4e-06	0
26	164	2015	0	6e-06	-0.0243766665934575
26	164	2015	0	1e-05	-0.16132691527929
26	164	2015	0	1.4e-05	-0.889352557755016
26	164	2015	1e-09	0	-0.939561413104105
26	164	2015	1e-09	1e-07	-0.947791080964349
26	164	2015	1e-09	2.5e-07	0
26	164	2015	1e-09	5e-07	-0.0290065898921168
26	164	2015	1e-09	1e-06	-0.162027000092904
26	164	2015	1e-09	2e-06	-0.880866162856927
26	164	2015	1e-09	4e-06	-0.93643902868062
26	164	2015	1e-09	6e-06	-0.941972733841754
26	164	2015	1e-09	1e-05	0
26	164	2015	1e-09	1.4e-05	-0.0350270646018028
26	164	2015	2.5e-09	0	-0.350926947076163
26	164	2015	2.5e-09	1e-07	-0.940172791796166
26	164	2015	2.5e-09	2.5e-07	-0.96098258892312
26	164	2015	2.5e-09	5e-07	-0.967008564868095
26	164	2015	2.5e-09	1e-06	0
26	164	2015	2.5e-09	2e-06	-0.169618961791119
26	164	2015	2.5e-09	4e-06	-0.641563895801043
26	164	2015	2.5e-09	6e-06	-0.843945865736604
26	164	2015	2.5e-09	1e-05	-0.856690933772842
26	164	2015	2.5e-09	1.4e-05	-0.858339367957212
26	164	2015	5e-09	0	0
26	164	2015	5e-09	1e-07	-0.516393458888373
26	164	2015	5e-09	2.5e-07	-0.866941339379299
26	164	2015	5e-09	5e-07	-0.709637836921654
26	164	2015	5e-09	1e-06	-0.688475755015047
26	164	2015	5e-09	2e-06	-0.695134356160313
26	164	2015	5e-09	4e-06	0
26	164	2015	5e-09	6e-06	-0.878170510166411
26	164	2015	5e-09	1e-05	-0.882979427280381
26	164	2015	5e-09	1.4e-05	-0.43579790504957
26	164	2015	7.5e-09	0	-0.396044039494074
26	164	2015	7.5e-09	1e-07	-0.391758343575423
26	164	2015	7.5e-09	2.5e-07	0
26	164	2015	7.5e-09	5e-07	-0.946163422101221
26	164	2015	7.5e-09	1e-06	-0.864260342710941
26	164	2015	7.5e-09	2e-06	-0.272390326765366
26	164	2015	7.5e-09	4e-06	-0.216541649255244
26	164	2015	7.5e-09	6e-06	-0.208722700439553
26	164	2015	7.5e-09	1e-05	0
26	164	2015	7.5e-09	1.4e-05	-0.963015401251909
26	164	2015	1e-08	0	-0.853319267243938
26	164	2015	1e-08	1e-07	-0.16930307543587
26	164	2015	1e-08	2.5e-07	-0.112155733184346
26	164	2015	1e-08	5e-07	-0.102837031677004
26	164	2015	1e-08	1e-06	0
26	164	2015	1e-08	2e-06	-0.962030280544856
26	164	2015	1e-08	4e-06	-0.851287189777112
26	164	2015	1e-08	6e-06	-0.158346196402462
26	164	2015	1e-08	1e-05	-0.0956398825458305
26	164	2015	1e-08	1.4e-05	-0.0856734058931465
6	164	2015	0	0	0
6	164	2015	0	1e-07	0
6	164	2015	0	2.5e-07	0
6	164	2015	0	5e-07	0
6	164	2015	0	1e-06	0
6	164	2015	0	2e-06	0
6	164	2015	0	4e-06	0
6	164	2015	0	6e-06	0.0428615703126532
6	164	2015	0	1e-05	-0.0804365361606916
6	164	2015	0	1.4e-05	-0.413605190132189
6	164	2015	1e-09	0	-0.547154205759102
6	164	2015	1e-09	1e-07	-0.562150528448992
6	164	2015	1e-09	2.5e-07	0
6	164	2015	1e-09	5e-07	0.0154829158163516
6	164	2015	1e-09	1e-06	-0.0805764895516883
6	164	2015	1e-09	2e-06	-0.492856593980611
6	164	2015	1e-09	4e-06	-0.59502266297735
6	164	2015	1e-09	6e-06	-0.608559952178523
6	164	2015	1e-09	1e-05	0
6	164	2015	1e-09	1.4e-05	-0.0335946582655401
6	164	2015	2.5e-09	0	-0.149375871478568
6	164	2015	2.5e-09	1e-07	-0.514111524958932
6	164	2015	2.5e-09	2.5e-07	-0.580242087247254
6	164	2015	2.5e-09	5e-07	-0.562854956801744
6	164	2015	2.5e-09	1e-06	0
6	164	2015	2.5e-09	2e-06	-0.116052640031374
6	164	2015	2.5e-09	4e-06	-0.367200085304254
6	164	2015	2.5e-09	6e-06	-0.553713238514813
6	164	2015	2.5e-09	1e-05	-0.574742671013865
6	164	2015	2.5e-09	1.4e-05	-0.59500302488607
6	164	2015	5e-09	0	0
6	164	2015	5e-09	1e-07	-0.37056187090755
6	164	2015	5e-09	2.5e-07	-0.542500451662448
6	164	2015	5e-09	5e-07	-0.480260108957652
6	164	2015	5e-09	1e-06	-0.460484496475791
6	164	2015	5e-09	2e-06	-0.450741230425433
6	164	2015	5e-09	4e-06	0
6	164	2015	5e-09	6e-06	-0.606286275003486
6	164	2015	5e-09	1e-05	-0.556337215809311
6	164	2015	5e-09	1.4e-05	-0.42147578995281
6	164	2015	7.5e-09	0	-0.306746858411281
6	164	2015	7.5e-09	1e-07	-0.292454902018621
6	164	2015	7.5e-09	2.5e-07	0
6	164	2015	7.5e-09	5e-07	-0.650382713899858
6	164	2015	7.5e-09	1e-06	-0.573525532045042
6	164	2015	7.5e-09	2e-06	-0.405201679116443
6	164	2015	7.5e-09	4e-06	-0.295456757355038
6	164	2015	7.5e-09	6e-06	-0.303936476978364
6	164	2015	7.5e-09	1e-05	0
6	164	2015	7.5e-09	1.4e-05	-0.617494573872228
6	164	2015	1e-08	0	-0.552801204392059
6	164	2015	1e-08	1e-07	-0.394463853657815
6	164	2015	1e-08	2.5e-07	-0.276557142849111
6	164	2015	1e-08	5e-07	-0.257202339408055
6	164	2015	1e-08	1e-06	0
6	164	2015	1e-08	2e-06	-0.631466616706786
6	164	2015	1e-08	4e-06	-0.568256343606697
6	164	2015	1e-08	6e-06	-0.412464527784291
6	164	2015	1e-08	1e-05	-0.292834664845419
6	164	2015	1e-08	1.4e-05	-0.241293312143437
207	164	2015	0	0	0
207	164	2015	0	1e-07	0
207	164	2015	0	2.5e-07	0
207	164	2015	0	5e-07	0
207	164	2015	0	1e-06	0
207	164	2015	0	2e-06	0
207	164	2015	0	4e-06	0
207	164	2015	0	6e-06	-0.00499716934569776
207	164	2015	0	1e-05	-0.00965339895457873
207	164	2015	0	1.4e-05	-0.117079445901694
207	164	2015	1e-09	0	-0.523505511537043
207	164	2015	1e-09	1e-07	-0.808603531215281
207	164	2015	1e-09	2.5e-07	0
207	164	2015	1e-09	5e-07	0.0235258062527177
207	164	2015	1e-09	1e-06	-0.0674105809423573
207	164	2015	1e-09	2e-06	-0.166333911072507
207	164	2015	1e-09	4e-06	-0.61464287200081
207	164	2015	1e-09	6e-06	-0.834636674417272
207	164	2015	1e-09	1e-05	0
207	164	2015	1e-09	1.4e-05	0.00954323584696979
207	164	2015	2.5e-09	0	-0.0783583501990424
207	164	2015	2.5e-09	1e-07	-0.194351390746046
207	164	2015	2.5e-09	2.5e-07	-0.587516972514076
207	164	2015	2.5e-09	5e-07	-0.816112989244067
207	164	2015	2.5e-09	1e-06	0
207	164	2015	2.5e-09	2e-06	-0.0460778456238701
207	164	2015	2.5e-09	4e-06	-0.066129553336947
207	164	2015	2.5e-09	6e-06	-0.267903193677492
207	164	2015	2.5e-09	1e-05	-0.729514433654165
207	164	2015	2.5e-09	1.4e-05	-0.83682120744349
207	164	2015	5e-09	0	0
207	164	2015	5e-09	1e-07	-0.0762984242376699
207	164	2015	5e-09	2.5e-07	-0.149025413965176
207	164	2015	5e-09	5e-07	-0.644896755976812
207	164	2015	5e-09	1e-06	-0.807131941035719
207	164	2015	5e-09	2e-06	-0.796524996415019
207	164	2015	5e-09	4e-06	0
207	164	2015	5e-09	6e-06	-0.234786318243395
207	164	2015	5e-09	1e-05	-0.545178352002102
207	164	2015	5e-09	1.4e-05	-0.824809288358424
207	164	2015	7.5e-09	0	-0.708392860258157
207	164	2015	7.5e-09	1e-07	-0.667586300629069
207	164	2015	7.5e-09	2.5e-07	0
207	164	2015	7.5e-09	5e-07	-0.639631253382044
207	164	2015	7.5e-09	1e-06	-0.806658464244908
207	164	2015	7.5e-09	2e-06	-0.793662400122567
207	164	2015	7.5e-09	4e-06	-0.48997683378974
207	164	2015	7.5e-09	6e-06	-0.394667217443289
207	164	2015	7.5e-09	1e-05	0
207	164	2015	7.5e-09	1.4e-05	-0.853936684377316
207	164	2015	1e-08	0	-0.878736853589662
207	164	2015	1e-08	1e-07	-0.764047792517196
207	164	2015	1e-08	2.5e-07	-0.306348530690231
207	164	2015	1e-08	5e-07	-0.153128454062567
207	164	2015	1e-08	1e-06	0
207	164	2015	1e-08	2e-06	-0.856848038904128
207	164	2015	1e-08	4e-06	-0.85648574322093
207	164	2015	1e-08	6e-06	-0.75686126606669
207	164	2015	1e-08	1e-05	-0.262770005954893
207	164	2015	1e-08	1.4e-05	-0.0979520980462017
9	164	2015	0	0	0
9	164	2015	0	1e-07	0
9	164	2015	0	2.5e-07	0
9	164	2015	0	5e-07	0
9	164	2015	0	1e-06	0
9	164	2015	0	2e-06	0
9	164	2015	0	4e-06	0
9	164	2015	0	6e-06	-0.0236869716672878
9	164	2015	0	1e-05	-0.0547605815796854
9	164	2015	0	1.4e-05	-0.185653149720218
9	164	2015	1e-09	0	-0.455706736326164
9	164	2015	1e-09	1e-07	-0.500241797540129
9	164	2015	1e-09	2.5e-07	0
9	164	2015	1e-09	5e-07	-0.0523992718696643
9	164	2015	1e-09	1e-06	-0.0998609957097746
9	164	2015	1e-09	2e-06	-0.284010129282493
9	164	2015	1e-09	4e-06	-0.458167629574807
9	164	2015	1e-09	6e-06	-0.497749520238775
9	164	2015	1e-09	1e-05	0
9	164	2015	1e-09	1.4e-05	-0.0448682645176383
9	164	2015	2.5e-09	0	-0.142297853616454
9	164	2015	2.5e-09	1e-07	-0.326923059182262
9	164	2015	2.5e-09	2.5e-07	-0.455278289851058
9	164	2015	2.5e-09	5e-07	-0.490761209661898
9	164	2015	2.5e-09	1e-06	0
9	164	2015	2.5e-09	2e-06	-0.0828506826685987
9	164	2015	2.5e-09	4e-06	-0.159027388816598
9	164	2015	2.5e-09	6e-06	-0.38720196226563
9	164	2015	2.5e-09	1e-05	-0.464918019191747
9	164	2015	2.5e-09	1.4e-05	-0.475281603998078
9	164	2015	5e-09	0	0
9	164	2015	5e-09	1e-07	-0.201507543184708
9	164	2015	5e-09	2.5e-07	-0.276033322300002
9	164	2015	5e-09	5e-07	-0.41253028528985
9	164	2015	5e-09	1e-06	-0.398794257012904
9	164	2015	5e-09	2e-06	-0.418319413294171
9	164	2015	5e-09	4e-06	0
9	164	2015	5e-09	6e-06	-0.545001395337766
9	164	2015	5e-09	1e-05	-0.533364912595746
9	164	2015	5e-09	1.4e-05	-0.465161335164341
9	164	2015	7.5e-09	0	-0.267642377638097
9	164	2015	7.5e-09	1e-07	-0.272451618264998
9	164	2015	7.5e-09	2.5e-07	0
9	164	2015	7.5e-09	5e-07	-0.664833571610159
9	164	2015	7.5e-09	1e-06	-0.608867259579839
9	164	2015	7.5e-09	2e-06	-0.504053064604629
9	164	2015	7.5e-09	4e-06	-0.227322072567248
9	164	2015	7.5e-09	6e-06	-0.277751521124094
9	164	2015	7.5e-09	1e-05	0
9	164	2015	7.5e-09	1.4e-05	-0.705502036395495
9	164	2015	1e-08	0	-0.655037639794234
9	164	2015	1e-08	1e-07	-0.565658211021513
9	164	2015	1e-08	2.5e-07	-0.296234699629422
9	164	2015	1e-08	5e-07	-0.265237496226096
9	164	2015	1e-08	1e-06	0
9	164	2015	1e-08	2e-06	-0.74718281093928
9	164	2015	1e-08	4e-06	-0.665535017496196
9	164	2015	1e-08	6e-06	-0.534685772255627
9	164	2015	1e-08	1e-05	-0.294005613241622
9	164	2015	1e-08	1.4e-05	-0.232177053673101
208	164	2015	0	0	0
208	164	2015	0	1e-07	0
208	164	2015	0	2.5e-07	0
208	164	2015	0	5e-07	0
208	164	2015	0	1e-06	0
208	164	2015	0	2e-06	0
208	164	2015	0	4e-06	0
208	164	2015	0	6e-06	-0.0172323463511138
208	164	2015	0	1e-05	-0.00276883690386072
208	164	2015	0	1.4e-05	-0.160629714138991
208	164	2015	1e-09	0	-0.324603298647051
208	164	2015	1e-09	1e-07	-0.407444400431556
208	164	2015	1e-09	2.5e-07	0
208	164	2015	1e-09	5e-07	-0.0108177448456111
208	164	2015	1e-09	1e-06	-0.0763020795724178
208	164	2015	1e-09	2e-06	-0.192342303359692
208	164	2015	1e-09	4e-06	-0.332948988202997
208	164	2015	1e-09	6e-06	-0.439710312893864
208	164	2015	1e-09	1e-05	0
208	164	2015	1e-09	1.4e-05	-0.0414159741471232
208	164	2015	2.5e-09	0	-0.0839471496362449
208	164	2015	2.5e-09	1e-07	-0.246972019538999
208	164	2015	2.5e-09	2.5e-07	-0.374164223742783
208	164	2015	2.5e-09	5e-07	-0.437994069593771
208	164	2015	2.5e-09	1e-06	0
208	164	2015	2.5e-09	2e-06	-0.0613040545699688
208	164	2015	2.5e-09	4e-06	-0.17617021847911
208	164	2015	2.5e-09	6e-06	-0.32610930878015
208	164	2015	2.5e-09	1e-05	-0.408529532968383
208	164	2015	2.5e-09	1.4e-05	-0.425219651465197
208	164	2015	5e-09	0	0
208	164	2015	5e-09	1e-07	-0.226477782061135
208	164	2015	5e-09	2.5e-07	-0.338372623376965
208	164	2015	5e-09	5e-07	-0.450951328731634
208	164	2015	5e-09	1e-06	-0.45803971042975
208	164	2015	5e-09	2e-06	-0.4360683872583
208	164	2015	5e-09	4e-06	0
208	164	2015	5e-09	6e-06	-0.407488845253502
208	164	2015	5e-09	1e-05	-0.462454341389793
208	164	2015	5e-09	1.4e-05	-0.429387604845983
208	164	2015	7.5e-09	0	-0.374360241197677
208	164	2015	7.5e-09	1e-07	-0.371464804143008
208	164	2015	7.5e-09	2.5e-07	0
208	164	2015	7.5e-09	5e-07	-0.498101397054631
208	164	2015	7.5e-09	1e-06	-0.520826288497946
208	164	2015	7.5e-09	2e-06	-0.483731022153828
208	164	2015	7.5e-09	4e-06	-0.407684923296966
208	164	2015	7.5e-09	6e-06	-0.364790952287889
208	164	2015	7.5e-09	1e-05	0
208	164	2015	7.5e-09	1.4e-05	-0.55376935921713
208	164	2015	1e-08	0	-0.543672970616001
208	164	2015	1e-08	1e-07	-0.475965594633742
208	164	2015	1e-08	2.5e-07	-0.397667723708452
208	164	2015	1e-08	5e-07	-0.360205748696522
208	164	2015	1e-08	1e-06	0
208	164	2015	1e-08	2e-06	-0.565879425263251
208	164	2015	1e-08	4e-06	-0.581122402437117
208	164	2015	1e-08	6e-06	-0.479763437304975
208	164	2015	1e-08	1e-05	-0.410449584196171
208	164	2015	1e-08	1.4e-05	-0.348567906387079
40	164	2015	0	0	0
40	164	2015	0	1e-07	0
40	164	2015	0	2.5e-07	0
40	164	2015	0	5e-07	0
40	164	2015	0	1e-06	0
40	164	2015	0	2e-06	0
40	164	2015	0	4e-06	0
40	164	2015	0	6e-06	0.0416166461177353
40	164	2015	0	1e-05	-0.072493545195932
40	164	2015	0	1.4e-05	-0.351446228688756
40	164	2015	1e-09	0	-0.624659355044493
40	164	2015	1e-09	1e-07	-0.671575276982971
40	164	2015	1e-09	2.5e-07	0
40	164	2015	1e-09	5e-07	0.0255340062390293
40	164	2015	1e-09	1e-06	-0.12583154828921
40	164	2015	1e-09	2e-06	-0.421291577841283
40	164	2015	1e-09	4e-06	-0.633716524669042
40	164	2015	1e-09	6e-06	-0.65809104094797
40	164	2015	1e-09	1e-05	0
40	164	2015	1e-09	1.4e-05	-0.0187559799788099
40	164	2015	2.5e-09	0	-0.179735911503781
40	164	2015	2.5e-09	1e-07	-0.533111061638188
40	164	2015	2.5e-09	2.5e-07	-0.656732664204066
40	164	2015	2.5e-09	5e-07	-0.677548584057454
40	164	2015	2.5e-09	1e-06	0
40	164	2015	2.5e-09	2e-06	-0.05765800170311
40	164	2015	2.5e-09	4e-06	-0.272081200835832
40	164	2015	2.5e-09	6e-06	-0.606527791900991
40	164	2015	2.5e-09	1e-05	-0.653714212138734
40	164	2015	2.5e-09	1.4e-05	-0.674964289855242
40	164	2015	5e-09	0	0
40	164	2015	5e-09	1e-07	-0.156694448271602
40	164	2015	5e-09	2.5e-07	-0.409342855848588
40	164	2015	5e-09	5e-07	-0.623088629762555
40	164	2015	5e-09	1e-06	-0.634488694500302
40	164	2015	5e-09	2e-06	-0.636425185770838
40	164	2015	5e-09	4e-06	0
40	164	2015	5e-09	6e-06	-0.35096121096926
40	164	2015	5e-09	1e-05	-0.628454937863281
40	164	2015	5e-09	1.4e-05	-0.611839206999051
40	164	2015	7.5e-09	0	-0.54507678248333
40	164	2015	7.5e-09	1e-07	-0.547780197046882
40	164	2015	7.5e-09	2.5e-07	0
40	164	2015	7.5e-09	5e-07	-0.582675042117097
40	164	2015	7.5e-09	1e-06	-0.669090113669334
40	164	2015	7.5e-09	2e-06	-0.607386711638747
40	164	2015	7.5e-09	4e-06	-0.463581498146173
40	164	2015	7.5e-09	6e-06	-0.467529545582919
40	164	2015	7.5e-09	1e-05	0
40	164	2015	7.5e-09	1.4e-05	-0.681834544580992
40	164	2015	1e-08	0	-0.665025167971303
40	164	2015	1e-08	1e-07	-0.493502770239233
40	164	2015	1e-08	2.5e-07	-0.323470522005839
40	164	2015	1e-08	5e-07	-0.296498671522455
40	164	2015	1e-08	1e-06	0
40	164	2015	1e-08	2e-06	-0.7458053107647
40	164	2015	1e-08	4e-06	-0.669385019141143
40	164	2015	1e-08	6e-06	-0.485093387549959
40	164	2015	1e-08	1e-05	-0.255668078548502
40	164	2015	1e-08	1.4e-05	-0.24817224145454
209	164	2015	0	0	0
209	164	2015	0	1e-07	0
209	164	2015	0	2.5e-07	0
209	164	2015	0	5e-07	0
209	164	2015	0	1e-06	0
209	164	2015	0	2e-06	0
209	164	2015	0	4e-06	0
209	164	2015	0	6e-06	-0.0277383471784854
209	164	2015	0	1e-05	-0.183431442432477
209	164	2015	0	1.4e-05	-0.544578481251217
209	164	2015	1e-09	0	-0.757791118925402
209	164	2015	1e-09	1e-07	-0.780902073853715
209	164	2015	1e-09	2.5e-07	0
209	164	2015	1e-09	5e-07	-0.069827273033569
209	164	2015	1e-09	1e-06	-0.270757324085103
209	164	2015	1e-09	2e-06	-0.618697329408242
209	164	2015	1e-09	4e-06	-0.773664548710556
209	164	2015	1e-09	6e-06	-0.797795472661021
209	164	2015	1e-09	1e-05	0
209	164	2015	1e-09	1.4e-05	-0.112507369027966
209	164	2015	2.5e-09	0	-0.328052829428633
209	164	2015	2.5e-09	1e-07	-0.676947559969138
209	164	2015	2.5e-09	2.5e-07	-0.761233095641057
209	164	2015	2.5e-09	5e-07	-0.781624935765335
209	164	2015	2.5e-09	1e-06	0
209	164	2015	2.5e-09	2e-06	-0.277702166633802
209	164	2015	2.5e-09	4e-06	-0.532146360872248
209	164	2015	2.5e-09	6e-06	-0.701031737106043
209	164	2015	2.5e-09	1e-05	-0.74157378924063
209	164	2015	2.5e-09	1.4e-05	-0.732713230335858
209	164	2015	5e-09	0	0
209	164	2015	5e-09	1e-07	-0.611218545260761
209	164	2015	5e-09	2.5e-07	-0.68777466426973
209	164	2015	5e-09	5e-07	-0.607767281515658
209	164	2015	5e-09	1e-06	-0.564980466320552
209	164	2015	5e-09	2e-06	-0.526703136536733
209	164	2015	5e-09	4e-06	0
209	164	2015	5e-09	6e-06	-0.802940114424691
209	164	2015	5e-09	1e-05	-0.702284721505704
209	164	2015	5e-09	1.4e-05	-0.476327952919244
209	164	2015	7.5e-09	0	-0.38618750477622
209	164	2015	7.5e-09	1e-07	-0.345366536575301
209	164	2015	7.5e-09	2.5e-07	0
209	164	2015	7.5e-09	5e-07	-0.818818177994676
209	164	2015	7.5e-09	1e-06	-0.675465962048081
209	164	2015	7.5e-09	2e-06	-0.419654871630274
209	164	2015	7.5e-09	4e-06	-0.294120692484792
209	164	2015	7.5e-09	6e-06	-0.265228672247022
209	164	2015	7.5e-09	1e-05	0
209	164	2015	7.5e-09	1.4e-05	-0.810774076094578
209	164	2015	1e-08	0	-0.653708794281006
209	164	2015	1e-08	1e-07	-0.376400579764793
209	164	2015	1e-08	2.5e-07	-0.248337052256844
209	164	2015	1e-08	5e-07	-0.200100590148529
209	164	2015	1e-08	1e-06	0
209	164	2015	1e-08	2e-06	-0.792864319932443
209	164	2015	1e-08	4e-06	-0.636267598582096
209	164	2015	1e-08	6e-06	-0.349642322268746
209	164	2015	1e-08	1e-05	-0.218492889050067
209	164	2015	1e-08	1.4e-05	-0.176514231601346
28	164	2015	0	0	0
28	164	2015	0	1e-07	0
28	164	2015	0	2.5e-07	0
28	164	2015	0	5e-07	0
28	164	2015	0	1e-06	0
28	164	2015	0	2e-06	0
28	164	2015	0	4e-06	0
28	164	2015	0	6e-06	-0.0848087748006412
28	164	2015	0	1e-05	-0.25423155828912
28	164	2015	0	1.4e-05	-0.591652018025509
28	164	2015	1e-09	0	-0.851777096707528
28	164	2015	1e-09	1e-07	-0.88370266781942
28	164	2015	1e-09	2.5e-07	0
28	164	2015	1e-09	5e-07	-0.0708779958538746
28	164	2015	1e-09	1e-06	-0.288934636858508
28	164	2015	1e-09	2e-06	-0.634721564176009
28	164	2015	1e-09	4e-06	-0.842833700732651
28	164	2015	1e-09	6e-06	-0.883303442933662
28	164	2015	1e-09	1e-05	0
28	164	2015	1e-09	1.4e-05	-0.108327523340035
28	164	2015	2.5e-09	0	-0.330106490101707
28	164	2015	2.5e-09	1e-07	-0.716940118201245
28	164	2015	2.5e-09	2.5e-07	-0.838577095983663
28	164	2015	2.5e-09	5e-07	-0.884869972109526
28	164	2015	2.5e-09	1e-06	0
28	164	2015	2.5e-09	2e-06	-0.235517982930806
28	164	2015	2.5e-09	4e-06	-0.472004586453431
28	164	2015	2.5e-09	6e-06	-0.755936512093701
28	164	2015	2.5e-09	1e-05	-0.823799459189597
28	164	2015	2.5e-09	1.4e-05	-0.839479796674574
28	164	2015	5e-09	0	0
28	164	2015	5e-09	1e-07	-0.439345879457249
28	164	2015	5e-09	2.5e-07	-0.588193423469668
28	164	2015	5e-09	5e-07	-0.713141299149127
28	164	2015	5e-09	1e-06	-0.692595040997874
28	164	2015	5e-09	2e-06	-0.696197980030035
28	164	2015	5e-09	4e-06	0
28	164	2015	5e-09	6e-06	-0.710153231753024
28	164	2015	5e-09	1e-05	-0.679297344136355
28	164	2015	5e-09	1.4e-05	-0.499891233889751
28	164	2015	7.5e-09	0	-0.305550755827787
28	164	2015	7.5e-09	1e-07	-0.290179030074496
28	164	2015	7.5e-09	2.5e-07	0
28	164	2015	7.5e-09	5e-07	-0.790255226684915
28	164	2015	7.5e-09	1e-06	-0.709776116351813
28	164	2015	7.5e-09	2e-06	-0.44364834017231
28	164	2015	7.5e-09	4e-06	-0.213497225865762
28	164	2015	7.5e-09	6e-06	-0.173461018865375
28	164	2015	7.5e-09	1e-05	0
28	164	2015	7.5e-09	1.4e-05	-0.843918693292083
28	164	2015	1e-08	0	-0.725356607383393
28	164	2015	1e-08	1e-07	-0.408627950957695
28	164	2015	1e-08	2.5e-07	-0.155139387263849
28	164	2015	1e-08	5e-07	-0.117913063051362
28	164	2015	1e-08	1e-06	0
28	164	2015	1e-08	2e-06	-0.844752777967133
28	164	2015	1e-08	4e-06	-0.719597214717557
28	164	2015	1e-08	6e-06	-0.389222987943774
28	164	2015	1e-08	1e-05	-0.142291924390655
28	164	2015	1e-08	1.4e-05	-0.0918728637832105
210	164	2015	0	0	0
210	164	2015	0	1e-07	0
210	164	2015	0	2.5e-07	0
210	164	2015	0	5e-07	0
210	164	2015	0	1e-06	0
210	164	2015	0	2e-06	0
210	164	2015	0	4e-06	0
210	164	2015	0	6e-06	0.00771028658377801
210	164	2015	0	1e-05	-0.0359343055711203
210	164	2015	0	1.4e-05	-0.00582369813989899
210	164	2015	1e-09	0	-0.000219904470417021
210	164	2015	1e-09	1e-07	-0.0429419015860032
210	164	2015	1e-09	2.5e-07	0
210	164	2015	1e-09	5e-07	-0.00978784744370572
210	164	2015	1e-09	1e-06	-0.0322376722361928
210	164	2015	1e-09	2e-06	0.0261163300868311
210	164	2015	1e-09	4e-06	-0.0622038769611581
210	164	2015	1e-09	6e-06	-0.0420098433679966
210	164	2015	1e-09	1e-05	0
210	164	2015	1e-09	1.4e-05	-0.0348767534204136
210	164	2015	2.5e-09	0	-0.0481664814661667
210	164	2015	2.5e-09	1e-07	-0.0157243371500761
210	164	2015	2.5e-09	2.5e-07	-0.0470753578363707
210	164	2015	2.5e-09	5e-07	-0.068729708801832
210	164	2015	2.5e-09	1e-06	0
210	164	2015	2.5e-09	2e-06	-0.0412856417097096
210	164	2015	2.5e-09	4e-06	-0.050834469706205
210	164	2015	2.5e-09	6e-06	-0.0531948777228459
210	164	2015	2.5e-09	1e-05	-0.0769878310687643
210	164	2015	2.5e-09	1.4e-05	-0.112656768739581
210	164	2015	5e-09	0	0
210	164	2015	5e-09	1e-07	-0.113553381211966
210	164	2015	5e-09	2.5e-07	-0.124685501712893
210	164	2015	5e-09	5e-07	-0.151231744304352
210	164	2015	5e-09	1e-06	-0.209635602597999
210	164	2015	5e-09	2e-06	-0.24028956949015
210	164	2015	5e-09	4e-06	0
210	164	2015	5e-09	6e-06	-0.298379970383966
210	164	2015	5e-09	1e-05	-0.325968126910486
210	164	2015	5e-09	1.4e-05	-0.344681063425697
210	164	2015	7.5e-09	0	-0.334670849416379
210	164	2015	7.5e-09	1e-07	-0.348703531383256
210	164	2015	7.5e-09	2.5e-07	0
210	164	2015	7.5e-09	5e-07	-0.407924559572011
210	164	2015	7.5e-09	1e-06	-0.438876592036388
210	164	2015	7.5e-09	2e-06	-0.41504953193716
210	164	2015	7.5e-09	4e-06	-0.395795696981479
210	164	2015	7.5e-09	6e-06	-0.408177092656109
210	164	2015	7.5e-09	1e-05	0
210	164	2015	7.5e-09	1.4e-05	-0.525244869888437
210	164	2015	1e-08	0	-0.506882072463674
210	164	2015	1e-08	1e-07	-0.478057893766616
210	164	2015	1e-08	2.5e-07	-0.470838657794812
210	164	2015	1e-08	5e-07	-0.48694158170981
210	164	2015	1e-08	1e-06	0
210	164	2015	1e-08	2e-06	-0.546833819275825
210	164	2015	1e-08	4e-06	-0.543793593217123
210	164	2015	1e-08	6e-06	-0.503148026638463
210	164	2015	1e-08	1e-05	-0.48459779077112
210	164	2015	1e-08	1.4e-05	-0.51036306129801
7	164	2015	0	0	0
7	164	2015	0	1e-07	0
7	164	2015	0	2.5e-07	0
7	164	2015	0	5e-07	0
7	164	2015	0	1e-06	0
7	164	2015	0	2e-06	0
7	164	2015	0	4e-06	0
7	164	2015	0	6e-06	-0.0453746667726271
7	164	2015	0	1e-05	-0.154898505487835
7	164	2015	0	1.4e-05	-0.22074536473707
7	164	2015	1e-09	0	-0.388848969518454
7	164	2015	1e-09	1e-07	-0.436256942350064
7	164	2015	1e-09	2.5e-07	0
7	164	2015	1e-09	5e-07	-0.101591966286518
7	164	2015	1e-09	1e-06	-0.205975089988582
7	164	2015	1e-09	2e-06	-0.363079446145659
7	164	2015	1e-09	4e-06	-0.413977182085468
7	164	2015	1e-09	6e-06	-0.469916372576562
7	164	2015	1e-09	1e-05	0
7	164	2015	1e-09	1.4e-05	-0.114689060323422
7	164	2015	2.5e-09	0	-0.171591366759413
7	164	2015	2.5e-09	1e-07	-0.397750458119467
7	164	2015	2.5e-09	2.5e-07	-0.465568985532671
7	164	2015	2.5e-09	5e-07	-0.444651279831666
7	164	2015	2.5e-09	1e-06	0
7	164	2015	2.5e-09	2e-06	-0.189567013386209
7	164	2015	2.5e-09	4e-06	-0.254719823553401
7	164	2015	2.5e-09	6e-06	-0.455828329033122
7	164	2015	2.5e-09	1e-05	-0.463517280843899
7	164	2015	2.5e-09	1.4e-05	-0.4520147662797
7	164	2015	5e-09	0	0
7	164	2015	5e-09	1e-07	-0.273856268798135
7	164	2015	5e-09	2.5e-07	-0.474379399559861
7	164	2015	5e-09	5e-07	-0.529684414576006
7	164	2015	5e-09	1e-06	-0.466736495614208
7	164	2015	5e-09	2e-06	-0.470786199551555
7	164	2015	5e-09	4e-06	0
7	164	2015	5e-09	6e-06	-0.478262781806866
7	164	2015	5e-09	1e-05	-0.564270483815458
7	164	2015	5e-09	1.4e-05	-0.522698411068853
7	164	2015	7.5e-09	0	-0.442422289677985
7	164	2015	7.5e-09	1e-07	-0.453722357844142
7	164	2015	7.5e-09	2.5e-07	0
7	164	2015	7.5e-09	5e-07	-0.563635005984765
7	164	2015	7.5e-09	1e-06	-0.577541742239794
7	164	2015	7.5e-09	2e-06	-0.493108076706892
7	164	2015	7.5e-09	4e-06	-0.420840449750428
7	164	2015	7.5e-09	6e-06	-0.411217101419068
7	164	2015	7.5e-09	1e-05	0
7	164	2015	7.5e-09	1.4e-05	-0.634057356705182
7	164	2015	1e-08	0	-0.615187630487643
7	164	2015	1e-08	1e-07	-0.47750666733352
7	164	2015	1e-08	2.5e-07	-0.402283827402797
7	164	2015	1e-08	5e-07	-0.392049521328391
7	164	2015	1e-08	1e-06	0
7	164	2015	1e-08	2e-06	-0.641308908544857
7	164	2015	1e-08	4e-06	-0.613659581411046
7	164	2015	1e-08	6e-06	-0.49136359369466
7	164	2015	1e-08	1e-05	-0.380724769793016
7	164	2015	1e-08	1.4e-05	-0.378320806450568
211	164	2015	0	0	0
211	164	2015	0	1e-07	0
211	164	2015	0	2.5e-07	0
211	164	2015	0	5e-07	0
211	164	2015	0	1e-06	0
211	164	2015	0	2e-06	0
211	164	2015	0	4e-06	0
211	164	2015	0	6e-06	-0.173720036669471
211	164	2015	0	1e-05	-0.491764408892001
211	164	2015	0	1.4e-05	-0.945646901573588
211	164	2015	1e-09	0	-0.944942069664846
211	164	2015	1e-09	1e-07	-0.946317186867728
211	164	2015	1e-09	2.5e-07	0
211	164	2015	1e-09	5e-07	-0.19292627291985
211	164	2015	1e-09	1e-06	-0.5037216083305
211	164	2015	1e-09	2e-06	-1.06535261353869
211	164	2015	1e-09	4e-06	-1.06493505934649
211	164	2015	1e-09	6e-06	-1.06415413619332
211	164	2015	1e-09	1e-05	0
211	164	2015	1e-09	1.4e-05	-0.148326329157079
211	164	2015	2.5e-09	0	-0.677141433970039
211	164	2015	2.5e-09	1e-07	-1.02676888752755
211	164	2015	2.5e-09	2.5e-07	-1.02692747865762
211	164	2015	2.5e-09	5e-07	-1.02463186695068
211	164	2015	2.5e-09	1e-06	0
211	164	2015	2.5e-09	2e-06	-0.320811992164663
211	164	2015	2.5e-09	4e-06	-0.857960983791409
211	164	2015	2.5e-09	6e-06	-0.979073145271623
211	164	2015	2.5e-09	1e-05	-0.978577031775076
211	164	2015	2.5e-09	1.4e-05	-0.974222728867407
211	164	2015	5e-09	0	0
211	164	2015	5e-09	1e-07	-0.692316813409702
211	164	2015	5e-09	2.5e-07	-0.682529926992697
211	164	2015	5e-09	5e-07	-0.3587989355077
211	164	2015	5e-09	1e-06	-0.348961942354611
211	164	2015	5e-09	2e-06	-0.34886006548425
211	164	2015	5e-09	4e-06	0
211	164	2015	5e-09	6e-06	-0.842017990536524
211	164	2015	5e-09	1e-05	-0.561329086668486
211	164	2015	5e-09	1.4e-05	-0.0499634522687765
211	164	2015	7.5e-09	0	-0.0318521740757851
211	164	2015	7.5e-09	1e-07	-0.0339406906599655
211	164	2015	7.5e-09	2.5e-07	0
211	164	2015	7.5e-09	5e-07	-0.847539210438063
211	164	2015	7.5e-09	1e-06	-0.557268475978398
211	164	2015	7.5e-09	2e-06	-0.0370598009304947
211	164	2015	7.5e-09	4e-06	-0.0220805474387685
211	164	2015	7.5e-09	6e-06	-0.0238581836701199
211	164	2015	7.5e-09	1e-05	0
211	164	2015	7.5e-09	1.4e-05	-0.849142541078693
211	164	2015	1e-08	0	-0.556804115821803
211	164	2015	1e-08	1e-07	-0.0356996142271305
211	164	2015	1e-08	2.5e-07	-0.0206935128761159
211	164	2015	1e-08	5e-07	-0.0204723483971452
211	164	2015	1e-08	1e-06	0
211	164	2015	1e-08	2e-06	-0.847566713104282
211	164	2015	1e-08	4e-06	-0.555284564861173
211	164	2015	1e-08	6e-06	-0.0340943583256316
211	164	2015	1e-08	1e-05	-0.017223054625842
211	164	2015	1e-08	1.4e-05	-0.0173428652568255
186	164	2015	0	0	0
186	164	2015	0	1e-07	0
186	164	2015	0	2.5e-07	0
186	164	2015	0	5e-07	0
186	164	2015	0	1e-06	0
186	164	2015	0	2e-06	0
186	164	2015	0	4e-06	0
186	164	2015	0	6e-06	0.0306057330766207
186	164	2015	0	1e-05	-0.0282110055283678
186	164	2015	0	1.4e-05	-0.379519862284152
186	164	2015	1e-09	0	-0.730442742903956
186	164	2015	1e-09	1e-07	-0.89561119809936
186	164	2015	1e-09	2.5e-07	0
186	164	2015	1e-09	5e-07	0.0702366430635277
186	164	2015	1e-09	1e-06	-0.0438875620236888
186	164	2015	1e-09	2e-06	-0.333721177947912
186	164	2015	1e-09	4e-06	-0.749290247717485
186	164	2015	1e-09	6e-06	-0.845193911322607
186	164	2015	1e-09	1e-05	0
186	164	2015	1e-09	1.4e-05	-0.0172589303606533
186	164	2015	2.5e-09	0	-0.0634516114372026
186	164	2015	2.5e-09	1e-07	-0.456868730460749
186	164	2015	2.5e-09	2.5e-07	-0.768421056988728
186	164	2015	2.5e-09	5e-07	-0.806396693560777
186	164	2015	2.5e-09	1e-06	0
186	164	2015	2.5e-09	2e-06	-0.0824462013899665
186	164	2015	2.5e-09	4e-06	-0.341279196927147
186	164	2015	2.5e-09	6e-06	-0.711517792616528
186	164	2015	2.5e-09	1e-05	-0.810210053153175
186	164	2015	2.5e-09	1.4e-05	-0.810504604858733
186	164	2015	5e-09	0	0
186	164	2015	5e-09	1e-07	-0.550239913969786
186	164	2015	5e-09	2.5e-07	-0.709434950450438
186	164	2015	5e-09	5e-07	-0.763180162669063
186	164	2015	5e-09	1e-06	-0.624382792474246
186	164	2015	5e-09	2e-06	-0.578482695006948
186	164	2015	5e-09	4e-06	0
186	164	2015	5e-09	6e-06	-0.838063584794456
186	164	2015	5e-09	1e-05	-0.865518376557915
186	164	2015	5e-09	1.4e-05	-0.708981473866376
186	164	2015	7.5e-09	0	-0.357559988759668
186	164	2015	7.5e-09	1e-07	-0.197997098009945
186	164	2015	7.5e-09	2.5e-07	0
186	164	2015	7.5e-09	5e-07	-0.874993047795897
186	164	2015	7.5e-09	1e-06	-0.874048036189054
186	164	2015	7.5e-09	2e-06	-0.696322457411701
186	164	2015	7.5e-09	4e-06	-0.315081972259898
186	164	2015	7.5e-09	6e-06	-0.168239181784705
186	164	2015	7.5e-09	1e-05	0
186	164	2015	7.5e-09	1.4e-05	-0.881881498440864
186	164	2015	1e-08	0	-0.876391844836641
186	164	2015	1e-08	1e-07	-0.671241106852201
186	164	2015	1e-08	2.5e-07	-0.27773704102644
186	164	2015	1e-08	5e-07	-0.0929526591199634
186	164	2015	1e-08	1e-06	0
186	164	2015	1e-08	2e-06	-0.894881696696014
186	164	2015	1e-08	4e-06	-0.871889501565896
186	164	2015	1e-08	6e-06	-0.650639018047308
186	164	2015	1e-08	1e-05	-0.244459052724331
186	164	2015	1e-08	1.4e-05	-0.0932361194760354
212	164	2015	0	0	0
212	164	2015	0	1e-07	0
212	164	2015	0	2.5e-07	0
212	164	2015	0	5e-07	0
212	164	2015	0	1e-06	0
212	164	2015	0	2e-06	0
212	164	2015	0	4e-06	0
212	164	2015	0	6e-06	0.00688516561306486
212	164	2015	0	1e-05	0.0189646493460307
212	164	2015	0	1.4e-05	0.0449144398646158
212	164	2015	1e-09	0	0.00316155651320372
212	164	2015	1e-09	1e-07	0.0370406094759655
212	164	2015	1e-09	2.5e-07	0
212	164	2015	1e-09	5e-07	-0.00153577321281702
212	164	2015	1e-09	1e-06	0.0356111999361474
212	164	2015	1e-09	2e-06	0.0207945557459814
212	164	2015	1e-09	4e-06	0.0324492914174874
212	164	2015	1e-09	6e-06	0.0436694165271298
212	164	2015	1e-09	1e-05	0
212	164	2015	1e-09	1.4e-05	0.00990200204670799
212	164	2015	2.5e-09	0	0.0400334392057584
212	164	2015	2.5e-09	1e-07	0.00929518813636861
212	164	2015	2.5e-09	2.5e-07	0.019734932392107
212	164	2015	2.5e-09	5e-07	0.0151188785142318
212	164	2015	2.5e-09	1e-06	0
212	164	2015	2.5e-09	2e-06	-0.0225666568755578
212	164	2015	2.5e-09	4e-06	0.00449956069445818
212	164	2015	2.5e-09	6e-06	0.0112591377850558
212	164	2015	2.5e-09	1e-05	0.0220126387270736
212	164	2015	2.5e-09	1.4e-05	-0.00811066955881941
212	164	2015	5e-09	0	0
212	164	2015	5e-09	1e-07	-0.0482262736392809
212	164	2015	5e-09	2.5e-07	-0.0328569889607742
212	164	2015	5e-09	5e-07	-0.0235461690777625
212	164	2015	5e-09	1e-06	-0.06202421974741
212	164	2015	5e-09	2e-06	-0.082014560917834
212	164	2015	5e-09	4e-06	0
212	164	2015	5e-09	6e-06	-0.153204006580651
212	164	2015	5e-09	1e-05	-0.134783642715855
212	164	2015	5e-09	1.4e-05	-0.188408391899318
212	164	2015	7.5e-09	0	-0.231920382575359
212	164	2015	7.5e-09	1e-07	-0.268258566475706
212	164	2015	7.5e-09	2.5e-07	0
212	164	2015	7.5e-09	5e-07	-0.260872751336751
212	164	2015	7.5e-09	1e-06	-0.252878743024982
212	164	2015	7.5e-09	2e-06	-0.330923544032916
212	164	2015	7.5e-09	4e-06	-0.370619921984979
212	164	2015	7.5e-09	6e-06	-0.36054892198546
212	164	2015	7.5e-09	1e-05	0
212	164	2015	7.5e-09	1.4e-05	-0.465756378278776
212	164	2015	1e-08	0	-0.479328648337905
212	164	2015	1e-08	1e-07	-0.509551133722691
212	164	2015	1e-08	2.5e-07	-0.525382348692826
212	164	2015	1e-08	5e-07	-0.528403099517374
212	164	2015	1e-08	1e-06	0
212	164	2015	1e-08	2e-06	-0.470793715255948
212	164	2015	1e-08	4e-06	-0.490103814958916
212	164	2015	1e-08	6e-06	-0.500028074478587
212	164	2015	1e-08	1e-05	-0.511536215155827
212	164	2015	1e-08	1.4e-05	-0.513728249557466
213	164	2015	0	0	0
213	164	2015	0	1e-07	0
213	164	2015	0	2.5e-07	0
213	164	2015	0	5e-07	0
213	164	2015	0	1e-06	0
213	164	2015	0	2e-06	0
213	164	2015	0	4e-06	0
213	164	2015	0	6e-06	0.00549168991124873
213	164	2015	0	1e-05	-0.0162402047497002
213	164	2015	0	1.4e-05	-0.0385146923109015
213	164	2015	1e-09	0	-0.180804080692274
213	164	2015	1e-09	1e-07	-0.424311631417753
213	164	2015	1e-09	2.5e-07	0
213	164	2015	1e-09	5e-07	2.88580867120913e-05
213	164	2015	1e-09	1e-06	-0.0118288127992523
213	164	2015	1e-09	2e-06	-0.0247160122892319
213	164	2015	1e-09	4e-06	-0.202011194745482
213	164	2015	1e-09	6e-06	-0.418780363892173
213	164	2015	1e-09	1e-05	0
213	164	2015	1e-09	1.4e-05	0.0286781141902486
213	164	2015	2.5e-09	0	-0.0299791946094085
213	164	2015	2.5e-09	1e-07	-0.0456949690558974
213	164	2015	2.5e-09	2.5e-07	-0.1901883236184
213	164	2015	2.5e-09	5e-07	-0.404821278609062
213	164	2015	2.5e-09	1e-06	0
213	164	2015	2.5e-09	2e-06	-0.0232530222824381
213	164	2015	2.5e-09	4e-06	-0.020940896082511
213	164	2015	2.5e-09	6e-06	-0.0639078114882849
213	164	2015	2.5e-09	1e-05	-0.217093759538649
213	164	2015	2.5e-09	1.4e-05	-0.436013173137863
213	164	2015	5e-09	0	0
213	164	2015	5e-09	1e-07	-0.0120032054722282
213	164	2015	5e-09	2.5e-07	0.0116598975250777
213	164	2015	5e-09	5e-07	-0.0993785303404013
213	164	2015	5e-09	1e-06	-0.378526041283001
213	164	2015	5e-09	2e-06	-0.526190394678708
213	164	2015	5e-09	4e-06	0
213	164	2015	5e-09	6e-06	-0.0441223898307932
213	164	2015	5e-09	1e-05	-0.0759035219661386
213	164	2015	5e-09	1.4e-05	-0.235836379080823
213	164	2015	7.5e-09	0	-0.513965202603879
213	164	2015	7.5e-09	1e-07	-0.568715596876785
213	164	2015	7.5e-09	2.5e-07	0
213	164	2015	7.5e-09	5e-07	-0.167646624179199
213	164	2015	7.5e-09	1e-06	-0.219110916924542
213	164	2015	7.5e-09	2e-06	-0.39246450563576
213	164	2015	7.5e-09	4e-06	-0.520157910878241
213	164	2015	7.5e-09	6e-06	-0.516725452867719
213	164	2015	7.5e-09	1e-05	0
213	164	2015	7.5e-09	1.4e-05	-0.496974891144672
213	164	2015	1e-08	0	-0.512465596647095
213	164	2015	1e-08	1e-07	-0.551597419846195
213	164	2015	1e-08	2.5e-07	-0.536315708321213
213	164	2015	1e-08	5e-07	-0.471686675135613
213	164	2015	1e-08	1e-06	0
213	164	2015	1e-08	2e-06	-0.570398688529944
213	164	2015	1e-08	4e-06	-0.585563527991378
213	164	2015	1e-08	6e-06	-0.590588724972162
213	164	2015	1e-08	1e-05	-0.528646377406418
213	164	2015	1e-08	1.4e-05	-0.442057727919849
39	164	2015	0	0	0
39	164	2015	0	1e-07	0
39	164	2015	0	2.5e-07	0
39	164	2015	0	5e-07	0
39	164	2015	0	1e-06	0
39	164	2015	0	2e-06	0
39	164	2015	0	4e-06	0
39	164	2015	0	6e-06	0.0466994359281132
39	164	2015	0	1e-05	0.0664039516723295
39	164	2015	0	1.4e-05	0.0633733734265701
39	164	2015	1e-09	0	0.0428621140726692
39	164	2015	1e-09	1e-07	0.0412116042484318
39	164	2015	1e-09	2.5e-07	0
39	164	2015	1e-09	5e-07	0.0371510050447769
39	164	2015	1e-09	1e-06	0.0415215200480212
39	164	2015	1e-09	2e-06	0.0711675420313276
39	164	2015	1e-09	4e-06	0.0583758565741881
39	164	2015	1e-09	6e-06	0.0255819928722507
39	164	2015	1e-09	1e-05	0
39	164	2015	1e-09	1.4e-05	0.0343648985840657
39	164	2015	2.5e-09	0	0.0483277201895879
39	164	2015	2.5e-09	1e-07	0.0589620107575767
39	164	2015	2.5e-09	2.5e-07	0.0198362709141951
39	164	2015	2.5e-09	5e-07	0.0634573445320105
39	164	2015	2.5e-09	1e-06	0
39	164	2015	2.5e-09	2e-06	-0.0647090394576591
39	164	2015	2.5e-09	4e-06	-0.0550574703127072
39	164	2015	2.5e-09	6e-06	-0.0886274934245104
39	164	2015	2.5e-09	1e-05	-0.0949000893912762
39	164	2015	2.5e-09	1.4e-05	-0.198112900210132
39	164	2015	5e-09	0	0
39	164	2015	5e-09	1e-07	-0.30376187615908
39	164	2015	5e-09	2.5e-07	-0.322164554979226
39	164	2015	5e-09	5e-07	-0.369432658740015
39	164	2015	5e-09	1e-06	-0.423821091935254
39	164	2015	5e-09	2e-06	-0.467703818958672
39	164	2015	5e-09	4e-06	0
39	164	2015	5e-09	6e-06	-0.641313932952465
39	164	2015	5e-09	1e-05	-0.680405046774048
39	164	2015	5e-09	1.4e-05	-0.693912153028384
39	164	2015	7.5e-09	0	-0.667816734035659
39	164	2015	7.5e-09	1e-07	-0.65645827614755
39	164	2015	7.5e-09	2.5e-07	0
39	164	2015	7.5e-09	5e-07	-0.758750766876975
39	164	2015	7.5e-09	1e-06	-0.741267735679979
39	164	2015	7.5e-09	2e-06	-0.763403038651744
39	164	2015	7.5e-09	4e-06	-0.730112868227509
39	164	2015	7.5e-09	6e-06	-0.704017958319974
39	164	2015	7.5e-09	1e-05	0
39	164	2015	7.5e-09	1.4e-05	-0.780831561089608
39	164	2015	1e-08	0	-0.787428609640787
39	164	2015	1e-08	1e-07	-0.814331802071195
39	164	2015	1e-08	2.5e-07	-0.781895279252315
39	164	2015	1e-08	5e-07	-0.758868816417826
39	164	2015	1e-08	1e-06	0
39	164	2015	1e-08	2e-06	-0.80531705226286
39	164	2015	1e-08	4e-06	-0.793420800466543
39	164	2015	1e-08	6e-06	-0.819372115834471
39	164	2015	1e-08	1e-05	-0.811938278319905
39	164	2015	1e-08	1.4e-05	-0.764727386882107
