name	drugA	drugB	concA	concB	zip
197	164	2015	0	0	0
197	164	2015	0	1e-07	0
197	164	2015	0	2.5e-07	0
197	164	2015	0	5e-07	0
197	164	2015	0	1e-06	0
197	164	2015	0	2e-06	0
197	164	2015	0	4e-06	0
197	164	2015	0	6e-06	-0.000418723487136106
197	164	2015	0	1e-05	-0.00791390810550439
197	164	2015	0	1.4e-05	-0.0723708126475839
197	164	2015	1e-09	0	-0.201150160362431
197	164	2015	1e-09	1e-07	-0.320974290663662
197	164	2015	1e-09	2.5e-07	0
197	164	2015	1e-09	5e-07	-0.000771238031764909
197	164	2015	1e-09	1e-06	-0.00825583627270291
197	164	2015	1e-09	2e-06	-0.0726217003462412
197	164	2015	1e-09	4e-06	-0.20121915704045
197	164	2015	1e-09	6e-06	-0.320874044883597
197	164	2015	1e-09	1e-05	0
197	164	2015	1e-09	1.4e-05	-0.00202420795512126
197	164	2015	2.5e-09	0	-0.00947117820958496
197	164	2015	2.5e-09	1e-07	-0.073513450049474
197	164	2015	2.5e-09	2.5e-07	-0.201464397311202
197	164	2015	2.5e-09	5e-07	-0.320517733493674
197	164	2015	2.5e-09	1e-06	0
197	164	2015	2.5e-09	2e-06	-0.00696669164971453
197	164	2015	2.5e-09	4e-06	-0.0142652339921096
197	164	2015	2.5e-09	6e-06	-0.0770310591203131
197	164	2015	2.5e-09	1e-05	-0.202431775710999
197	164	2015	2.5e-09	1.4e-05	-0.319112222314143
197	164	2015	5e-09	0	0
197	164	2015	5e-09	1e-07	-0.0257661773097608
197	164	2015	5e-09	2.5e-07	-0.0325001515975281
197	164	2015	5e-09	5e-07	-0.0904108182396445
197	164	2015	5e-09	1e-06	-0.206111346040124
197	164	2015	5e-09	2e-06	-0.313766147567648
197	164	2015	5e-09	4e-06	0
197	164	2015	5e-09	6e-06	-0.0884383900026194
197	164	2015	5e-09	1e-05	-0.0932902527348332
197	164	2015	5e-09	1.4e-05	-0.135015182660533
197	164	2015	7.5e-09	0	-0.218378001546311
197	164	2015	7.5e-09	1e-07	-0.295943833721246
197	164	2015	7.5e-09	2.5e-07	0
197	164	2015	7.5e-09	5e-07	-0.162644027599199
197	164	2015	7.5e-09	1e-06	-0.165267418062655
197	164	2015	7.5e-09	2e-06	-0.187827986919785
197	164	2015	7.5e-09	4e-06	-0.232902061794114
197	164	2015	7.5e-09	6e-06	-0.274841719951944
197	164	2015	7.5e-09	1e-05	0
197	164	2015	7.5e-09	1.4e-05	-0.285934010562233
197	164	2015	1e-08	0	-0.28485487495156
197	164	2015	1e-08	1e-07	-0.275574551038702
197	164	2015	1e-08	2.5e-07	-0.257033262582938
197	164	2015	1e-08	5e-07	-0.239781321155221
197	164	2015	1e-08	1e-06	0
197	164	2015	1e-08	2e-06	-0.361617153550291
197	164	2015	1e-08	4e-06	-0.358265174651373
197	164	2015	1e-08	6e-06	-0.329438908866652
197	164	2015	1e-08	1e-05	-0.271846510795663
197	164	2015	1e-08	1.4e-05	-0.218259044068473
5	164	2015	0	0	0
5	164	2015	0	1e-07	0
5	164	2015	0	2.5e-07	0
5	164	2015	0	5e-07	0
5	164	2015	0	1e-06	0
5	164	2015	0	2e-06	0
5	164	2015	0	4e-06	0
5	164	2015	0	6e-06	-0.00417280429446848
5	164	2015	0	1e-05	-0.00610977279362515
5	164	2015	0	1.4e-05	-0.0316846371502949
5	164	2015	1e-09	0	-0.113118100644281
5	164	2015	1e-09	1e-07	-0.232344335925532
5	164	2015	1e-09	2.5e-07	0
5	164	2015	1e-09	5e-07	-0.0104224122358227
5	164	2015	1e-09	1e-06	-0.0123101376328086
5	164	2015	1e-09	2e-06	-0.0372348181279092
5	164	2015	1e-09	4e-06	-0.11659801751347
5	164	2015	1e-09	6e-06	-0.232793191789884
5	164	2015	1e-09	1e-05	0
5	164	2015	1e-09	1.4e-05	-0.0206664770302811
5	164	2015	2.5e-09	0	-0.0224734854392494
5	164	2015	2.5e-09	1e-07	-0.0463324149834541
5	164	2015	2.5e-09	2.5e-07	-0.122302134351171
5	164	2015	2.5e-09	5e-07	-0.233528935311869
5	164	2015	2.5e-09	1e-06	0
5	164	2015	2.5e-09	2e-06	-0.0402061013757832
5	164	2015	2.5e-09	4e-06	-0.0418591494520308
5	164	2015	2.5e-09	6e-06	-0.0636852557327954
5	164	2015	2.5e-09	1e-05	-0.133182219792626
5	164	2015	2.5e-09	1.4e-05	-0.234932299339984
5	164	2015	5e-09	0	0
5	164	2015	5e-09	1e-07	-0.0753618343773685
5	164	2015	5e-09	2.5e-07	-0.0767378767008823
5	164	2015	5e-09	5e-07	-0.0949065231131634
5	164	2015	5e-09	1e-06	-0.152757692281292
5	164	2015	5e-09	2e-06	-0.237457234835368
5	164	2015	5e-09	4e-06	0
5	164	2015	5e-09	6e-06	-0.132438045890263
5	164	2015	5e-09	1e-05	-0.133364362448349
5	164	2015	5e-09	1.4e-05	-0.145595031318132
5	164	2015	7.5e-09	0	-0.1845389613044
5	164	2015	7.5e-09	1e-07	-0.241556530742083
5	164	2015	7.5e-09	2.5e-07	0
5	164	2015	7.5e-09	5e-07	-0.176434359607301
5	164	2015	7.5e-09	1e-06	-0.177014012023918
5	164	2015	7.5e-09	2e-06	-0.184667482865315
5	164	2015	7.5e-09	4e-06	-0.209037060340815
5	164	2015	7.5e-09	6e-06	-0.244716409506813
5	164	2015	7.5e-09	1e-05	0
5	164	2015	7.5e-09	1.4e-05	-0.239452332588009
5	164	2015	1e-08	0	-0.239535441779642
5	164	2015	1e-08	1e-07	-0.240632778315442
5	164	2015	1e-08	2.5e-07	-0.244126830658495
5	164	2015	1e-08	5e-07	-0.24924245129974
5	164	2015	1e-08	1e-06	0
5	164	2015	1e-08	2e-06	-0.282246922755357
5	164	2015	1e-08	4e-06	-0.281992836654783
5	164	2015	1e-08	6e-06	-0.278637997606071
5	164	2015	1e-08	1e-05	-0.267955784031389
5	164	2015	1e-08	1.4e-05	-0.252316020544309
198	164	2015	0	0	0
198	164	2015	0	1e-07	0
198	164	2015	0	2.5e-07	0
198	164	2015	0	5e-07	0
198	164	2015	0	1e-06	0
198	164	2015	0	2e-06	0
198	164	2015	0	4e-06	0
198	164	2015	0	6e-06	-3.36255276963016e-05
198	164	2015	0	1e-05	-0.00693925733206058
198	164	2015	0	1.4e-05	-0.225621598539742
198	164	2015	1e-09	0	-0.449398440417754
198	164	2015	1e-09	1e-07	-0.489805798626327
198	164	2015	1e-09	2.5e-07	0
198	164	2015	1e-09	5e-07	-6.34899390341559e-05
198	164	2015	1e-09	1e-06	-0.00696829670191377
198	164	2015	1e-09	2e-06	-0.225624511117926
198	164	2015	1e-09	4e-06	-0.449374617545348
198	164	2015	1e-09	6e-06	-0.48977714813673
198	164	2015	1e-09	1e-05	0
198	164	2015	1e-09	1.4e-05	-0.000412255081194104
198	164	2015	2.5e-09	0	-0.00730742677350463
198	164	2015	2.5e-09	1e-07	-0.225658525039473
198	164	2015	2.5e-09	2.5e-07	-0.449096407223797
198	164	2015	2.5e-09	5e-07	-0.48944255952006
198	164	2015	2.5e-09	1e-06	0
198	164	2015	2.5e-09	2e-06	-0.004649517449852
198	164	2015	2.5e-09	4e-06	-0.0114276295022881
198	164	2015	2.5e-09	6e-06	-0.226071771354437
198	164	2015	2.5e-09	1e-05	-0.445716338565623
198	164	2015	2.5e-09	1.4e-05	-0.485377532420113
198	164	2015	5e-09	0	0
198	164	2015	5e-09	1e-07	-0.0513121749656317
198	164	2015	5e-09	2.5e-07	-0.0568011731022564
198	164	2015	5e-09	5e-07	-0.230622627446676
198	164	2015	5e-09	1e-06	-0.408493487476005
198	164	2015	5e-09	2e-06	-0.440611607902381
198	164	2015	5e-09	4e-06	0
198	164	2015	5e-09	6e-06	-0.291789727391308
198	164	2015	5e-09	1e-05	-0.290635234227264
198	164	2015	5e-09	1.4e-05	-0.254075615183885
198	164	2015	7.5e-09	0	-0.216664290407455
198	164	2015	7.5e-09	1e-07	-0.209908931860915
198	164	2015	7.5e-09	2.5e-07	0
198	164	2015	7.5e-09	5e-07	-0.429278024985455
198	164	2015	7.5e-09	1e-06	-0.424325246701669
198	164	2015	7.5e-09	2e-06	-0.267484398352875
198	164	2015	7.5e-09	4e-06	-0.106989730483787
198	164	2015	7.5e-09	6e-06	-0.078009227046852
198	164	2015	7.5e-09	1e-05	0
198	164	2015	7.5e-09	1.4e-05	-0.48731426342105
198	164	2015	1e-08	0	-0.480758161911119
198	164	2015	1e-08	1e-07	-0.273144482525448
198	164	2015	1e-08	2.5e-07	-0.0606941619050112
198	164	2015	1e-08	5e-07	-0.0223320323173754
198	164	2015	1e-08	1e-06	0
198	164	2015	1e-08	2e-06	-0.496151630233779
198	164	2015	1e-08	4e-06	-0.489351385480751
198	164	2015	1e-08	6e-06	-0.274006361954099
198	164	2015	1e-08	1e-05	-0.0536445850826175
198	164	2015	1e-08	1.4e-05	-0.0138538847635131
94	164	2015	0	0	0
94	164	2015	0	1e-07	0
94	164	2015	0	2.5e-07	0
94	164	2015	0	5e-07	0
94	164	2015	0	1e-06	0
94	164	2015	0	2e-06	0
94	164	2015	0	4e-06	0
94	164	2015	0	6e-06	1.4210854715202e-16
94	164	2015	0	1e-05	1.4210854715202e-16
94	164	2015	0	1.4e-05	1.4210854715202e-16
94	164	2015	1e-09	0	1.4210854715202e-16
94	164	2015	1e-09	1e-07	1.4210854715202e-16
94	164	2015	1e-09	2.5e-07	0
94	164	2015	1e-09	5e-07	-2.69356776669838e-06
94	164	2015	1e-09	1e-06	-1.17297516477777e-05
94	164	2015	1e-09	2e-06	-0.000103653508391659
94	164	2015	1e-09	4e-06	-0.000292670466934482
94	164	2015	1e-09	6e-06	-0.000344431445882663
94	164	2015	1e-09	1e-05	0
94	164	2015	1e-09	1.4e-05	-2.7808687987374e-06
94	164	2015	2.5e-09	0	-1.7971596516162e-05
94	164	2015	2.5e-09	1e-07	-0.000333735321161015
94	164	2015	2.5e-09	2.5e-07	-0.00146497555846707
94	164	2015	2.5e-09	5e-07	-0.0017214166099761
94	164	2015	2.5e-09	1e-06	0
94	164	2015	2.5e-09	2e-06	-7.12320741753558e-05
94	164	2015	2.5e-09	4e-06	-0.000437474284403692
94	164	2015	2.5e-09	6e-06	-0.00464541427254957
94	164	2015	2.5e-09	1e-05	-0.00820340853484368
94	164	2015	2.5e-09	1.4e-05	-0.0084968578086982
94	164	2015	5e-09	0	0
94	164	2015	5e-09	1e-07	-0.0396389160814275
94	164	2015	5e-09	2.5e-07	-0.0396389160814275
94	164	2015	5e-09	5e-07	-0.0396389160814275
94	164	2015	5e-09	1e-06	-0.0396389160814275
94	164	2015	5e-09	2e-06	-0.0396389160814275
94	164	2015	5e-09	4e-06	0
94	164	2015	5e-09	6e-06	-0.14988981144887
94	164	2015	5e-09	1e-05	-0.14988981144887
94	164	2015	5e-09	1.4e-05	-0.14988981144887
94	164	2015	7.5e-09	0	-0.14988981144887
94	164	2015	7.5e-09	1e-07	-0.14988981144887
94	164	2015	7.5e-09	2.5e-07	0
94	164	2015	7.5e-09	5e-07	-0.261223194828384
94	164	2015	7.5e-09	1e-06	-0.261223194828384
94	164	2015	7.5e-09	2e-06	-0.261223194828384
94	164	2015	7.5e-09	4e-06	-0.261223194828384
94	164	2015	7.5e-09	6e-06	-0.261223194828384
94	164	2015	7.5e-09	1e-05	0
94	164	2015	7.5e-09	1.4e-05	-0.390527917960645
94	164	2015	1e-08	0	-0.390527917960645
94	164	2015	1e-08	1e-07	-0.390527917960645
94	164	2015	1e-08	2.5e-07	-0.390527917960645
94	164	2015	1e-08	5e-07	-0.390527917960645
94	164	2015	1e-08	1e-06	0
94	164	2015	1e-08	2e-06	-0.442993147813449
94	164	2015	1e-08	4e-06	-0.442993147813449
94	164	2015	1e-08	6e-06	-0.442993147813449
94	164	2015	1e-08	1e-05	-0.442993147813449
94	164	2015	1e-08	1.4e-05	-0.442993147813449
199	164	2015	0	0	0
199	164	2015	0	1e-07	0
199	164	2015	0	2.5e-07	0
199	164	2015	0	5e-07	0
199	164	2015	0	1e-06	0
199	164	2015	0	2e-06	0
199	164	2015	0	4e-06	0
199	164	2015	0	6e-06	-9.79454883008657e-05
199	164	2015	0	1e-05	-0.000757831570774812
199	164	2015	0	1.4e-05	-0.101508822880516
199	164	2015	1e-09	0	-0.42323912300459
199	164	2015	1e-09	1e-07	-0.489899691356845
199	164	2015	1e-09	2.5e-07	0
199	164	2015	1e-09	5e-07	-0.00098525297099286
199	164	2015	1e-09	1e-06	-0.0016427960480847
199	164	2015	1e-09	2e-06	-0.102036058772311
199	164	2015	1e-09	4e-06	-0.422624016536429
199	164	2015	1e-09	6e-06	-0.48904789847482
199	164	2015	1e-09	1e-05	0
199	164	2015	1e-09	1.4e-05	-0.00562563729932435
199	164	2015	2.5e-09	0	-0.00627092707565168
199	164	2015	2.5e-09	1e-07	-0.104793363559369
199	164	2015	2.5e-09	2.5e-07	-0.419407171788933
199	164	2015	2.5e-09	5e-07	-0.484593246149856
199	164	2015	2.5e-09	1e-06	0
199	164	2015	2.5e-09	2e-06	-0.0307863381791219
199	164	2015	2.5e-09	4e-06	-0.031365189140577
199	164	2015	2.5e-09	6e-06	-0.119743789229509
199	164	2015	2.5e-09	1e-05	-0.401965067268768
199	164	2015	2.5e-09	1.4e-05	-0.460439605687878
199	164	2015	5e-09	0	0
199	164	2015	5e-09	1e-07	-0.13724699865607
199	164	2015	5e-09	2.5e-07	-0.137544731847938
199	164	2015	5e-09	5e-07	-0.183002447994956
199	164	2015	5e-09	1e-06	-0.328163547343079
199	164	2015	5e-09	2e-06	-0.358240047385046
199	164	2015	5e-09	4e-06	0
199	164	2015	5e-09	6e-06	-0.34285283632467
199	164	2015	5e-09	1e-05	-0.342607651087883
199	164	2015	5e-09	1.4e-05	-0.30517292361471
199	164	2015	7.5e-09	0	-0.185631805969721
199	164	2015	7.5e-09	1e-07	-0.160863610867781
199	164	2015	7.5e-09	2.5e-07	0
199	164	2015	7.5e-09	5e-07	-0.429378536603781
199	164	2015	7.5e-09	1e-06	-0.428904873431901
199	164	2015	7.5e-09	2e-06	-0.356586278781549
199	164	2015	7.5e-09	4e-06	-0.125649760351886
199	164	2015	7.5e-09	6e-06	-0.0778011133146764
199	164	2015	7.5e-09	1e-05	0
199	164	2015	7.5e-09	1.4e-05	-0.478367758311618
199	164	2015	1e-08	0	-0.477764735236477
199	164	2015	1e-08	1e-07	-0.385695552059747
199	164	2015	1e-08	2.5e-07	-0.091689055939407
199	164	2015	1e-08	5e-07	-0.0307726917577344
199	164	2015	1e-08	1e-06	0
199	164	2015	1e-08	2e-06	-0.490523480606047
199	164	2015	1e-08	4e-06	-0.489888359387575
199	164	2015	1e-08	6e-06	-0.392918451910508
199	164	2015	1e-08	1e-05	-0.0832623678359857
199	164	2015	1e-08	1.4e-05	-0.0191035038739005
200	164	2015	0	0	0
200	164	2015	0	1e-07	0
200	164	2015	0	2.5e-07	0
200	164	2015	0	5e-07	0
200	164	2015	0	1e-06	0
200	164	2015	0	2e-06	0
200	164	2015	0	4e-06	0
200	164	2015	0	6e-06	-2.36004537241286e-05
200	164	2015	0	1e-05	-0.00265017082232575
200	164	2015	0	1.4e-05	-0.10085243577036
200	164	2015	1e-09	0	-0.35374484313761
200	164	2015	1e-09	1e-07	-0.461571846716664
200	164	2015	1e-09	2.5e-07	0
200	164	2015	1e-09	5e-07	-0.000175948248447924
200	164	2015	1e-09	1e-06	-0.00280091785712173
200	164	2015	1e-09	2e-06	-0.100943333561272
200	164	2015	1e-09	4e-06	-0.353681615976587
200	164	2015	1e-09	6e-06	-0.461442904527195
200	164	2015	1e-09	1e-05	0
200	164	2015	1e-09	1.4e-05	-0.00163150326262354
200	164	2015	2.5e-09	0	-0.00424117895684375
200	164	2015	2.5e-09	1e-07	-0.101811785484576
200	164	2015	2.5e-09	2.5e-07	-0.353077533643623
200	164	2015	2.5e-09	5e-07	-0.460210970380989
200	164	2015	2.5e-09	1e-06	0
200	164	2015	2.5e-09	2e-06	-0.0159207487410359
200	164	2015	2.5e-09	4e-06	-0.0183802834266191
200	164	2015	2.5e-09	6e-06	-0.110337414950609
200	164	2015	2.5e-09	1e-05	-0.347147231689505
200	164	2015	2.5e-09	1.4e-05	-0.448117020473946
200	164	2015	5e-09	0	0
200	164	2015	5e-09	1e-07	-0.124927059643564
200	164	2015	5e-09	2.5e-07	-0.12624123522034
200	164	2015	5e-09	5e-07	-0.175375657705846
200	164	2015	5e-09	1e-06	-0.301907590482901
200	164	2015	5e-09	2e-06	-0.355857645015787
200	164	2015	5e-09	4e-06	0
200	164	2015	5e-09	6e-06	-0.385728157606988
200	164	2015	5e-09	1e-05	-0.384302024749637
200	164	2015	5e-09	1.4e-05	-0.330981741241183
200	164	2015	7.5e-09	0	-0.1936702966926
200	164	2015	7.5e-09	1e-07	-0.135124127683722
200	164	2015	7.5e-09	2.5e-07	0
200	164	2015	7.5e-09	5e-07	-0.464488525211517
200	164	2015	7.5e-09	1e-06	-0.462234835640229
200	164	2015	7.5e-09	2e-06	-0.37797384532528
200	164	2015	7.5e-09	4e-06	-0.160983283048819
200	164	2015	7.5e-09	6e-06	-0.0684639291513053
200	164	2015	7.5e-09	1e-05	0
200	164	2015	7.5e-09	1.4e-05	-0.493146760621066
200	164	2015	1e-08	0	-0.490591951135739
200	164	2015	1e-08	1e-07	-0.395072683512453
200	164	2015	1e-08	2.5e-07	-0.149089583713359
200	164	2015	1e-08	5e-07	-0.0442085362412372
200	164	2015	1e-08	1e-06	0
200	164	2015	1e-08	2e-06	-0.497741965795859
200	164	2015	1e-08	4e-06	-0.495138873233523
200	164	2015	1e-08	6e-06	-0.397814396971003
200	164	2015	1e-08	1e-05	-0.147182488319916
200	164	2015	1e-08	1.4e-05	-0.0403193049112492
201	164	2015	0	0	0
201	164	2015	0	1e-07	0
201	164	2015	0	2.5e-07	0
201	164	2015	0	5e-07	0
201	164	2015	0	1e-06	0
201	164	2015	0	2e-06	0
201	164	2015	0	4e-06	0
201	164	2015	0	6e-06	-0.000424489191890984
201	164	2015	0	1e-05	-0.00736715378202618
201	164	2015	0	1.4e-05	-0.0610206954476646
201	164	2015	1e-09	0	-0.167690441126029
201	164	2015	1e-09	1e-07	-0.277368887544206
201	164	2015	1e-09	2.5e-07	0
201	164	2015	1e-09	5e-07	-0.000416194925883531
201	164	2015	1e-09	1e-06	-0.00724063081977761
201	164	2015	1e-09	2e-06	-0.0615369243823258
201	164	2015	1e-09	4e-06	-0.169390080386031
201	164	2015	1e-09	6e-06	-0.276663030514484
201	164	2015	1e-09	1e-05	0
201	164	2015	1e-09	1.4e-05	-0.020804037396435
201	164	2015	2.5e-09	0	-0.0271419858137847
201	164	2015	2.5e-09	1e-07	-0.075458122832321
201	164	2015	2.5e-09	2.5e-07	-0.173158868167656
201	164	2015	2.5e-09	5e-07	-0.275655026496099
201	164	2015	2.5e-09	1e-06	0
201	164	2015	2.5e-09	2e-06	-0.0371603813496029
201	164	2015	2.5e-09	4e-06	-0.0430460283254523
201	164	2015	2.5e-09	6e-06	-0.0879141318507875
201	164	2015	2.5e-09	1e-05	-0.17864255979871
201	164	2015	2.5e-09	1.4e-05	-0.273824180818317
201	164	2015	5e-09	0	0
201	164	2015	5e-09	1e-07	-0.0648596676589447
201	164	2015	5e-09	2.5e-07	-0.0699793471813025
201	164	2015	5e-09	5e-07	-0.109008244389759
201	164	2015	5e-09	1e-06	-0.187929130499083
201	164	2015	5e-09	2e-06	-0.270723664054772
201	164	2015	5e-09	4e-06	0
201	164	2015	5e-09	6e-06	-0.108546729348437
201	164	2015	5e-09	1e-05	-0.112458331990433
201	164	2015	5e-09	1.4e-05	-0.142277686262142
201	164	2015	7.5e-09	0	-0.202575825094033
201	164	2015	7.5e-09	1e-07	-0.26583355729875
201	164	2015	7.5e-09	2.5e-07	0
201	164	2015	7.5e-09	5e-07	-0.142577336121981
201	164	2015	7.5e-09	1e-06	-0.145547891513878
201	164	2015	7.5e-09	2e-06	-0.168193352140094
201	164	2015	7.5e-09	4e-06	-0.213985058972832
201	164	2015	7.5e-09	6e-06	-0.262024344830362
201	164	2015	7.5e-09	1e-05	0
201	164	2015	7.5e-09	1.4e-05	-0.193423664965541
201	164	2015	1e-08	0	-0.19498816849788
201	164	2015	1e-08	1e-07	-0.20691486181516
201	164	2015	1e-08	2.5e-07	-0.231031997380803
201	164	2015	1e-08	5e-07	-0.256332866241941
201	164	2015	1e-08	1e-06	0
201	164	2015	1e-08	2e-06	-0.230227415341726
201	164	2015	1e-08	4e-06	-0.23077418597511
201	164	2015	1e-08	6e-06	-0.234942387276335
201	164	2015	1e-08	1e-05	-0.243370966193586
201	164	2015	1e-08	1.4e-05	-0.252213242229671
202	164	2015	0	0	0
202	164	2015	0	1e-07	0
202	164	2015	0	2.5e-07	0
202	164	2015	0	5e-07	0
202	164	2015	0	1e-06	0
202	164	2015	0	2e-06	0
202	164	2015	0	4e-06	0
202	164	2015	0	6e-06	-4.2813392799701e-06
202	164	2015	0	1e-05	-3.37785869349716e-05
202	164	2015	0	1.4e-05	-0.000991923089513733
202	164	2015	1e-09	0	-0.0103538538823605
202	164	2015	1e-09	1e-07	-0.0148093678205215
202	164	2015	1e-09	2.5e-07	0
202	164	2015	1e-09	5e-07	-0.0084063239710224
202	164	2015	1e-09	1e-06	-0.013983246446887
202	164	2015	1e-09	2e-06	-0.0217773379537851
202	164	2015	1e-09	4e-06	-0.0249370697907482
202	164	2015	1e-09	6e-06	-0.0257876282192662
202	164	2015	1e-09	1e-05	0
202	164	2015	1e-09	1.4e-05	-0.000450598302409873
202	164	2015	2.5e-09	0	-0.00221261173915835
202	164	2015	2.5e-09	1e-07	-0.0187307053659991
202	164	2015	2.5e-09	2.5e-07	-0.0365027552028364
202	164	2015	2.5e-09	5e-07	-0.0389104817609906
202	164	2015	2.5e-09	1e-06	0
202	164	2015	2.5e-09	2e-06	-0.0174083624536753
202	164	2015	2.5e-09	4e-06	-0.0409810543983404
202	164	2015	2.5e-09	6e-06	-0.0565602164703169
202	164	2015	2.5e-09	1e-05	-0.0577891815520228
202	164	2015	2.5e-09	1.4e-05	-0.0578595106860188
202	164	2015	5e-09	0	0
202	164	2015	5e-09	1e-07	-0.0840096313615085
202	164	2015	5e-09	2.5e-07	-0.0840096313615085
202	164	2015	5e-09	5e-07	-0.0840096313615085
202	164	2015	5e-09	1e-06	-0.0840096313615085
202	164	2015	5e-09	2e-06	-0.0840096313615085
202	164	2015	5e-09	4e-06	0
202	164	2015	5e-09	6e-06	-0.118795447445598
202	164	2015	5e-09	1e-05	-0.118795447445598
202	164	2015	5e-09	1.4e-05	-0.118795447445598
202	164	2015	7.5e-09	0	-0.118795447445598
202	164	2015	7.5e-09	1e-07	-0.118795447445598
202	164	2015	7.5e-09	2.5e-07	0
202	164	2015	7.5e-09	5e-07	-0.143277211191633
202	164	2015	7.5e-09	1e-06	-0.143277211191633
202	164	2015	7.5e-09	2e-06	-0.143277211191633
202	164	2015	7.5e-09	4e-06	-0.143277211191633
202	164	2015	7.5e-09	6e-06	-0.143277211191633
202	164	2015	7.5e-09	1e-05	0
202	164	2015	7.5e-09	1.4e-05	-0.178032583928762
202	164	2015	1e-08	0	-0.178032583928762
202	164	2015	1e-08	1e-07	-0.178032583928762
202	164	2015	1e-08	2.5e-07	-0.178032583928762
202	164	2015	1e-08	5e-07	-0.178032583928762
202	164	2015	1e-08	1e-06	0
202	164	2015	1e-08	2e-06	-0.202833546923945
202	164	2015	1e-08	4e-06	-0.202833546923945
202	164	2015	1e-08	6e-06	-0.202833546923945
202	164	2015	1e-08	1e-05	-0.202833546923945
202	164	2015	1e-08	1.4e-05	-0.202833546923945
203	164	2015	0	0	0
203	164	2015	0	1e-07	0
203	164	2015	0	2.5e-07	0
203	164	2015	0	5e-07	0
203	164	2015	0	1e-06	0
203	164	2015	0	2e-06	0
203	164	2015	0	4e-06	0
203	164	2015	0	6e-06	-0.00420913378386118
203	164	2015	0	1e-05	-0.00420913426599142
203	164	2015	0	1.4e-05	-0.00420948518005218
203	164	2015	1e-09	0	-0.00422574091897133
203	164	2015	1e-09	1e-07	-0.00446509158060991
203	164	2015	1e-09	2.5e-07	0
203	164	2015	1e-09	5e-07	-0.0118730375486209
203	164	2015	1e-09	1e-06	-0.0118730380157172
203	164	2015	1e-09	2e-06	-0.0118733779880709
203	164	2015	1e-09	4e-06	-0.01188912686349
203	164	2015	1e-09	6e-06	-0.0121210144307305
203	164	2015	1e-09	1e-05	0
203	164	2015	1e-09	1.4e-05	-0.0255856254208298
203	164	2015	2.5e-09	0	-0.0255856258610265
203	164	2015	2.5e-09	1e-07	-0.0255859462560058
203	164	2015	2.5e-09	2.5e-07	-0.0256007882293429
203	164	2015	2.5e-09	5e-07	-0.0258193225055088
203	164	2015	2.5e-09	1e-06	0
203	164	2015	2.5e-09	2e-06	-0.0534027252337621
203	164	2015	2.5e-09	4e-06	-0.0534027256193923
203	164	2015	2.5e-09	6e-06	-0.0534030063000743
203	164	2015	2.5e-09	1e-05	-0.0534160085487746
203	164	2015	2.5e-09	1.4e-05	-0.0536074545879058
203	164	2015	5e-09	0	0
203	164	2015	5e-09	1e-07	-0.104783246876921
203	164	2015	5e-09	2.5e-07	-0.104783247161762
203	164	2015	5e-09	5e-07	-0.1047834544868
203	164	2015	5e-09	1e-06	-0.10479305860945
203	164	2015	5e-09	2e-06	-0.104934470397757
203	164	2015	5e-09	4e-06	0
203	164	2015	5e-09	6e-06	-0.185108563274703
203	164	2015	5e-09	1e-05	-0.185108563401984
203	164	2015	5e-09	1.4e-05	-0.185108656047077
203	164	2015	7.5e-09	0	-0.185112947737284
203	164	2015	7.5e-09	1e-07	-0.185176138890617
203	164	2015	7.5e-09	2.5e-07	0
203	164	2015	7.5e-09	5e-07	-0.241814659894754
203	164	2015	7.5e-09	1e-06	-0.24181465991081
203	164	2015	7.5e-09	2e-06	-0.241814671596968
203	164	2015	7.5e-09	4e-06	-0.241815212946424
203	164	2015	7.5e-09	6e-06	-0.241823183814504
203	164	2015	7.5e-09	1e-05	0
203	164	2015	7.5e-09	1.4e-05	-0.313726598504674
203	164	2015	1e-08	0	-0.313726598379681
203	164	2015	1e-08	1e-07	-0.313726507397621
203	164	2015	1e-08	2.5e-07	-0.313722292745696
203	164	2015	1e-08	5e-07	-0.313660235909529
203	164	2015	1e-08	1e-06	0
203	164	2015	1e-08	2e-06	-0.356277948690233
203	164	2015	1e-08	4e-06	-0.356277948481781
203	164	2015	1e-08	6e-06	-0.356277796749428
203	164	2015	1e-08	1e-05	-0.356270767901638
203	164	2015	1e-08	1.4e-05	-0.35616727464443
16	164	2015	0	0	0
16	164	2015	0	1e-07	0
16	164	2015	0	2.5e-07	0
16	164	2015	0	5e-07	0
16	164	2015	0	1e-06	0
16	164	2015	0	2e-06	0
16	164	2015	0	4e-06	0
16	164	2015	0	6e-06	-0.00108496100255337
16	164	2015	0	1e-05	-0.145642404274892
16	164	2015	0	1.4e-05	-0.477985699937431
16	164	2015	1e-09	0	-0.497746071289429
16	164	2015	1e-09	1e-07	-0.499561773126386
16	164	2015	1e-09	2.5e-07	0
16	164	2015	1e-09	5e-07	-0.00113675065970256
16	164	2015	1e-09	1e-06	-0.145664117081499
16	164	2015	1e-09	2e-06	-0.477938264871707
16	164	2015	1e-09	4e-06	-0.497694524849552
16	164	2015	1e-09	6e-06	-0.499509848908709
16	164	2015	1e-09	1e-05	0
16	164	2015	1e-09	1.4e-05	-0.00159790779943222
16	164	2015	2.5e-09	0	-0.145857457148646
16	164	2015	2.5e-09	1e-07	-0.477515882866562
16	164	2015	2.5e-09	2.5e-07	-0.497235533419885
16	164	2015	2.5e-09	5e-07	-0.499047493584803
16	164	2015	2.5e-09	1e-06	0
16	164	2015	2.5e-09	2e-06	-0.00591686647526018
16	164	2015	2.5e-09	4e-06	-0.147668179977049
16	164	2015	2.5e-09	6e-06	-0.473560071997619
16	164	2015	2.5e-09	1e-05	-0.492936857661652
16	164	2015	2.5e-09	1.4e-05	-0.494717313337196
16	164	2015	5e-09	0	0
16	164	2015	5e-09	1e-07	-0.0433309514752673
16	164	2015	5e-09	2.5e-07	-0.163354029946507
16	164	2015	5e-09	5e-07	-0.439291847825223
16	164	2015	5e-09	1e-06	-0.455698478626886
16	164	2015	5e-09	2e-06	-0.4572060185994
16	164	2015	5e-09	4e-06	0
16	164	2015	5e-09	6e-06	-0.233678176232067
16	164	2015	5e-09	1e-05	-0.243157077639299
16	164	2015	5e-09	1.4e-05	-0.264949447936031
16	164	2015	7.5e-09	0	-0.266245172373154
16	164	2015	7.5e-09	1e-07	-0.266364231332055
16	164	2015	7.5e-09	2.5e-07	0
16	164	2015	7.5e-09	5e-07	-0.382159217643967
16	164	2015	7.5e-09	1e-06	-0.305407733746361
16	164	2015	7.5e-09	2e-06	-0.128953028072956
16	164	2015	7.5e-09	4e-06	-0.11846143532407
16	164	2015	7.5e-09	6e-06	-0.117497404644311
16	164	2015	7.5e-09	1e-05	0
16	164	2015	7.5e-09	1.4e-05	-0.471401157534841
16	164	2015	1e-08	0	-0.342822404721512
16	164	2015	1e-08	1e-07	-0.0472147521867654
16	164	2015	1e-08	2.5e-07	-0.0296385980569404
16	164	2015	1e-08	5e-07	-0.0280235952428896
16	164	2015	1e-08	1e-06	0
16	164	2015	1e-08	2e-06	-0.489319556555306
16	164	2015	1e-08	4e-06	-0.350334691036354
16	164	2015	1e-08	6e-06	-0.0308029726539068
16	164	2015	1e-08	1e-05	-0.0118043483507095
16	164	2015	1e-08	1.4e-05	-0.0100586404167599
116	164	2015	0	0	0
116	164	2015	0	1e-07	0
116	164	2015	0	2.5e-07	0
116	164	2015	0	5e-07	0
116	164	2015	0	1e-06	0
116	164	2015	0	2e-06	0
116	164	2015	0	4e-06	0
116	164	2015	0	6e-06	-0.00230768753357111
116	164	2015	0	1e-05	-0.00230768753357111
116	164	2015	0	1.4e-05	-0.00230768753357111
116	164	2015	1e-09	0	-0.00230768753357111
116	164	2015	1e-09	1e-07	-0.00230768753357111
116	164	2015	1e-09	2.5e-07	0
116	164	2015	1e-09	5e-07	-0.00815781622999964
116	164	2015	1e-09	1e-06	-0.00815781622999964
116	164	2015	1e-09	2e-06	-0.00815781622999964
116	164	2015	1e-09	4e-06	-0.00815781622999964
116	164	2015	1e-09	6e-06	-0.00815781622999964
116	164	2015	1e-09	1e-05	0
116	164	2015	1e-09	1.4e-05	-0.000351370106533864
116	164	2015	2.5e-09	0	-0.00243928644701086
116	164	2015	2.5e-09	1e-07	-0.0166787527683802
116	164	2015	2.5e-09	2.5e-07	-0.0206720554140675
116	164	2015	2.5e-09	5e-07	-0.0208371468567755
116	164	2015	2.5e-09	1e-06	0
116	164	2015	2.5e-09	2e-06	-0.0511992303941049
116	164	2015	2.5e-09	4e-06	-0.0511992303941049
116	164	2015	2.5e-09	6e-06	-0.0511992303941049
116	164	2015	2.5e-09	1e-05	-0.0511992303941049
116	164	2015	2.5e-09	1.4e-05	-0.0511992303941049
116	164	2015	5e-09	0	0
116	164	2015	5e-09	1e-07	-0.115143517843191
116	164	2015	5e-09	2.5e-07	-0.115143517843191
116	164	2015	5e-09	5e-07	-0.115143517843191
116	164	2015	5e-09	1e-06	-0.115143517843191
116	164	2015	5e-09	2e-06	-0.115143517843191
116	164	2015	5e-09	4e-06	0
116	164	2015	5e-09	6e-06	-0.219831760308149
116	164	2015	5e-09	1e-05	-0.219831760308149
116	164	2015	5e-09	1.4e-05	-0.219831760308149
116	164	2015	7.5e-09	0	-0.219831760308149
116	164	2015	7.5e-09	1e-07	-0.219831760308149
116	164	2015	7.5e-09	2.5e-07	0
116	164	2015	7.5e-09	5e-07	-0.289841435915736
116	164	2015	7.5e-09	1e-06	-0.289841435915736
116	164	2015	7.5e-09	2e-06	-0.289841435915736
116	164	2015	7.5e-09	4e-06	-0.289841435915736
116	164	2015	7.5e-09	6e-06	-0.289841435915736
116	164	2015	7.5e-09	1e-05	0
116	164	2015	7.5e-09	1.4e-05	-0.368654336548608
116	164	2015	1e-08	0	-0.368654336548608
116	164	2015	1e-08	1e-07	-0.368654336548608
116	164	2015	1e-08	2.5e-07	-0.368654336548608
116	164	2015	1e-08	5e-07	-0.368654336548608
116	164	2015	1e-08	1e-06	0
116	164	2015	1e-08	2e-06	-0.408791543258991
116	164	2015	1e-08	4e-06	-0.408791543258991
116	164	2015	1e-08	6e-06	-0.408791543258991
116	164	2015	1e-08	1e-05	-0.408791543258991
116	164	2015	1e-08	1.4e-05	-0.408791543258991
20	164	2015	0	0	0
20	164	2015	0	1e-07	0
20	164	2015	0	2.5e-07	0
20	164	2015	0	5e-07	0
20	164	2015	0	1e-06	0
20	164	2015	0	2e-06	0
20	164	2015	0	4e-06	0
20	164	2015	0	6e-06	-4.85466576947147e-07
20	164	2015	0	1e-05	-0.000125776740736967
20	164	2015	0	1.4e-05	-0.00828391257469562
20	164	2015	1e-09	0	-0.0822999134328012
20	164	2015	1e-09	1e-07	-0.265035734014871
20	164	2015	1e-09	2.5e-07	0
20	164	2015	1e-09	5e-07	-5.5371027599449e-07
20	164	2015	1e-09	1e-06	-0.000125844936334687
20	164	2015	1e-09	2e-06	-0.00828397830734517
20	164	2015	1e-09	4e-06	-0.0822999587765925
20	164	2015	1e-09	6e-06	-0.265035729954559
20	164	2015	1e-09	1e-05	0
20	164	2015	1e-09	1.4e-05	-5.11037338100095e-07
20	164	2015	2.5e-09	0	-0.000125936562202895
20	164	2015	2.5e-09	1e-07	-0.00828526255117637
20	164	2015	2.5e-09	2.5e-07	-0.0823013163537456
20	164	2015	2.5e-09	5e-07	-0.265035602156592
20	164	2015	2.5e-09	1e-06	0
20	164	2015	2.5e-09	2e-06	-2.49499003814435e-06
20	164	2015	2.5e-09	4e-06	-0.000138704172951662
20	164	2015	2.5e-09	6e-06	-0.00834154924773756
20	164	2015	2.5e-09	1e-05	-0.0823454695888377
20	164	2015	2.5e-09	1.4e-05	-0.265031610241435
20	164	2015	5e-09	0	0
20	164	2015	5e-09	1e-07	-0.00215655273782147
20	164	2015	5e-09	2.5e-07	-0.00228076345044059
20	164	2015	5e-09	5e-07	-0.0103685409551662
20	164	2015	5e-09	1e-06	-0.0837462064829893
20	164	2015	5e-09	2e-06	-0.264906061590723
20	164	2015	5e-09	4e-06	0
20	164	2015	5e-09	6e-06	-0.0602876967366011
20	164	2015	5e-09	1e-05	-0.0603827740954795
20	164	2015	5e-09	1.4e-05	-0.0665735808957106
20	164	2015	7.5e-09	0	-0.122740673829375
20	164	2015	7.5e-09	1e-07	-0.261409877114769
20	164	2015	7.5e-09	2.5e-07	0
20	164	2015	7.5e-09	5e-07	-0.254255263314702
20	164	2015	7.5e-09	1e-06	-0.254253130721347
20	164	2015	7.5e-09	2e-06	-0.254114270391193
20	164	2015	7.5e-09	4e-06	-0.252854437655294
20	164	2015	7.5e-09	6e-06	-0.249744075472826
20	164	2015	7.5e-09	1e-05	0
20	164	2015	7.5e-09	1.4e-05	-0.464789762878179
20	164	2015	1e-08	0	-0.464682117548818
20	164	2015	1e-08	1e-07	-0.457672967895514
20	164	2015	1e-08	2.5e-07	-0.394081327473393
20	164	2015	1e-08	5e-07	-0.237081887901874
20	164	2015	1e-08	1e-06	0
20	164	2015	1e-08	2e-06	-0.49301890566557
20	164	2015	1e-08	4e-06	-0.492897112849233
20	164	2015	1e-08	6e-06	-0.484966772708403
20	164	2015	1e-08	1e-05	-0.413017483050556
20	164	2015	1e-08	1.4e-05	-0.235384101070346
23	164	2015	0	0	0
23	164	2015	0	1e-07	0
23	164	2015	0	2.5e-07	0
23	164	2015	0	5e-07	0
23	164	2015	0	1e-06	0
23	164	2015	0	2e-06	0
23	164	2015	0	4e-06	0
23	164	2015	0	6e-06	-0.00141137259207397
23	164	2015	0	1e-05	-0.092364841254082
23	164	2015	0	1.4e-05	-0.431219593224471
23	164	2015	1e-09	0	-0.488814248071466
23	164	2015	1e-09	1e-07	-0.49712540791841
23	164	2015	1e-09	2.5e-07	0
23	164	2015	1e-09	5e-07	-0.00154204899750283
23	164	2015	1e-09	1e-06	-0.0924477058490112
23	164	2015	1e-09	2e-06	-0.431124330921916
23	164	2015	1e-09	4e-06	-0.48868870979633
23	164	2015	1e-09	6e-06	-0.496995500688407
23	164	2015	1e-09	1e-05	0
23	164	2015	1e-09	1.4e-05	-0.00245257112279646
23	164	2015	2.5e-09	0	-0.0930250866457875
23	164	2015	2.5e-09	1e-07	-0.430460565845902
23	164	2015	2.5e-09	2.5e-07	-0.487813988941351
23	164	2015	2.5e-09	5e-07	-0.49609033799461
23	164	2015	2.5e-09	1e-06	0
23	164	2015	2.5e-09	2e-06	-0.00917245109422865
23	164	2015	2.5e-09	4e-06	-0.0972863006727347
23	164	2015	2.5e-09	6e-06	-0.425561814331651
23	164	2015	2.5e-09	1e-05	-0.481358331258046
23	164	2015	2.5e-09	1.4e-05	-0.489410011961923
23	164	2015	5e-09	0	0
23	164	2015	5e-09	1e-07	-0.0542787640380342
23	164	2015	5e-09	2.5e-07	-0.125889140937314
23	164	2015	5e-09	5e-07	-0.392679587301536
23	164	2015	5e-09	1e-06	-0.438025575768494
23	164	2015	5e-09	2e-06	-0.444569199644143
23	164	2015	5e-09	4e-06	0
23	164	2015	5e-09	6e-06	-0.235808722776658
23	164	2015	5e-09	1e-05	-0.241001019390007
23	164	2015	5e-09	1.4e-05	-0.260345354542425
23	164	2015	7.5e-09	0	-0.263633283367001
23	164	2015	7.5e-09	1e-07	-0.264107745834031
23	164	2015	7.5e-09	2.5e-07	0
23	164	2015	7.5e-09	5e-07	-0.371042990540196
23	164	2015	7.5e-09	1e-06	-0.326755848519062
23	164	2015	7.5e-09	2e-06	-0.161760398144149
23	164	2015	7.5e-09	4e-06	-0.133716358742577
23	164	2015	7.5e-09	6e-06	-0.129669481565526
23	164	2015	7.5e-09	1e-05	0
23	164	2015	7.5e-09	1.4e-05	-0.462535919333704
23	164	2015	1e-08	0	-0.384773395439368
23	164	2015	1e-08	1e-07	-0.0950626110741589
23	164	2015	1e-08	2.5e-07	-0.0458208857215087
23	164	2015	1e-08	5e-07	-0.0387150900251471
23	164	2015	1e-08	1e-06	0
23	164	2015	1e-08	2e-06	-0.484390865420031
23	164	2015	1e-08	4e-06	-0.398632066013417
23	164	2015	1e-08	6e-06	-0.079130488671762
23	164	2015	1e-08	1e-05	-0.0248252650824199
23	164	2015	1e-08	1.4e-05	-0.0169887845101499
204	164	2015	0	0	0
204	164	2015	0	1e-07	0
204	164	2015	0	2.5e-07	0
204	164	2015	0	5e-07	0
204	164	2015	0	1e-06	0
204	164	2015	0	2e-06	0
204	164	2015	0	4e-06	0
204	164	2015	0	6e-06	-0.000181806268618203
204	164	2015	0	1e-05	-0.0426166096264491
204	164	2015	0	1.4e-05	-0.437174308221014
204	164	2015	1e-09	0	-0.494281278455768
204	164	2015	1e-09	1e-07	-0.499014504269135
204	164	2015	1e-09	2.5e-07	0
204	164	2015	1e-09	5e-07	-0.000432150581060853
204	164	2015	1e-09	1e-06	-0.042824429767567
204	164	2015	1e-09	2e-06	-0.436986739722505
204	164	2015	1e-09	4e-06	-0.49403648271938
204	164	2015	1e-09	6e-06	-0.49876496533873
204	164	2015	1e-09	1e-05	0
204	164	2015	1e-09	1.4e-05	-0.00178358140065328
204	164	2015	2.5e-09	0	-0.043946302842687
204	164	2015	2.5e-09	1e-07	-0.435974190856517
204	164	2015	2.5e-09	2.5e-07	-0.492715004714021
204	164	2015	2.5e-09	5e-07	-0.497417882203717
204	164	2015	2.5e-09	1e-06	0
204	164	2015	2.5e-09	2e-06	-0.00960646623510726
204	164	2015	2.5e-09	4e-06	-0.050440371009777
204	164	2015	2.5e-09	6e-06	-0.430112956190975
204	164	2015	2.5e-09	1e-05	-0.48506550457142
204	164	2015	2.5e-09	1.4e-05	-0.489620164351747
204	164	2015	5e-09	0	0
204	164	2015	5e-09	1e-07	-0.051163764582023
204	164	2015	5e-09	2.5e-07	-0.0849386327145088
204	164	2015	5e-09	5e-07	-0.398976478685329
204	164	2015	5e-09	1e-06	-0.444429273007485
204	164	2015	5e-09	2e-06	-0.448196559881414
204	164	2015	5e-09	4e-06	0
204	164	2015	5e-09	6e-06	-0.200700092321191
204	164	2015	5e-09	1e-05	-0.209074309813769
204	164	2015	5e-09	1.4e-05	-0.286937566385029
204	164	2015	7.5e-09	0	-0.298207235412486
204	164	2015	7.5e-09	1e-07	-0.299141305073853
204	164	2015	7.5e-09	2.5e-07	0
204	164	2015	7.5e-09	5e-07	-0.327112400041277
204	164	2015	7.5e-09	1e-06	-0.314013876337593
204	164	2015	7.5e-09	2e-06	-0.19222414341644
204	164	2015	7.5e-09	4e-06	-0.174596702163612
204	164	2015	7.5e-09	6e-06	-0.173135678060626
204	164	2015	7.5e-09	1e-05	0
204	164	2015	7.5e-09	1.4e-05	-0.437376440266446
204	164	2015	1e-08	0	-0.405548164359742
204	164	2015	1e-08	1e-07	-0.109609682305606
204	164	2015	1e-08	2.5e-07	-0.066776529775107
204	164	2015	1e-08	5e-07	-0.0632263679928969
204	164	2015	1e-08	1e-06	0
204	164	2015	1e-08	2e-06	-0.471392530727043
204	164	2015	1e-08	4e-06	-0.433786188426784
204	164	2015	1e-08	6e-06	-0.0841233952372128
204	164	2015	1e-08	1e-05	-0.0335143644313116
204	164	2015	1e-08	1.4e-05	-0.0293197106085777
205	164	2015	0	0	0
205	164	2015	0	1e-07	0
205	164	2015	0	2.5e-07	0
205	164	2015	0	5e-07	0
205	164	2015	0	1e-06	0
205	164	2015	0	2e-06	0
205	164	2015	0	4e-06	0
205	164	2015	0	6e-06	-0.000132305753123774
205	164	2015	0	1e-05	-0.000472313422806536
205	164	2015	0	1.4e-05	-0.00285821774485541
205	164	2015	1e-09	0	-0.0318840538854083
205	164	2015	1e-09	1e-07	-0.18529610432563
205	164	2015	1e-09	2.5e-07	0
205	164	2015	1e-09	5e-07	-0.000413574238546062
205	164	2015	1e-09	1e-06	-0.000867309935203195
205	164	2015	1e-09	2e-06	-0.00394968253406944
205	164	2015	1e-09	4e-06	-0.0347351378028888
205	164	2015	1e-09	6e-06	-0.185692435304631
205	164	2015	1e-09	1e-05	0
205	164	2015	1e-09	1.4e-05	-0.00262194068921588
205	164	2015	2.5e-09	0	-0.00971378144841651
205	164	2015	2.5e-09	1e-07	-0.0305501539695915
205	164	2015	2.5e-09	2.5e-07	-0.0606416981332526
205	164	2015	2.5e-09	5e-07	-0.193932124808879
205	164	2015	2.5e-09	1e-06	0
205	164	2015	2.5e-09	2e-06	-0.0016711963997524
205	164	2015	2.5e-09	4e-06	-0.00743749892705779
205	164	2015	2.5e-09	6e-06	-0.0545044996847172
205	164	2015	2.5e-09	1e-05	-0.118766485618035
205	164	2015	2.5e-09	1.4e-05	-0.212801604161346
205	164	2015	5e-09	0	0
205	164	2015	5e-09	1e-07	-0.256216879358142
205	164	2015	5e-09	2.5e-07	-0.256216702279605
205	164	2015	5e-09	5e-07	-0.256181031942332
205	164	2015	5e-09	1e-06	-0.255461618717441
205	164	2015	5e-09	2e-06	-0.251620363491434
205	164	2015	5e-09	4e-06	0
205	164	2015	5e-09	6e-06	-0.398488244949001
205	164	2015	5e-09	1e-05	-0.398484015482794
205	164	2015	5e-09	1.4e-05	-0.397632040484829
205	164	2015	7.5e-09	0	-0.380449077618238
205	164	2015	7.5e-09	1e-07	-0.288701881951015
205	164	2015	7.5e-09	2.5e-07	0
205	164	2015	7.5e-09	5e-07	-0.447287193092618
205	164	2015	7.5e-09	1e-06	-0.447281573661151
205	164	2015	7.5e-09	2e-06	-0.446149606911923
205	164	2015	7.5e-09	4e-06	-0.423319661591142
205	164	2015	7.5e-09	6e-06	-0.301420808833319
205	164	2015	7.5e-09	1e-05	0
205	164	2015	7.5e-09	1.4e-05	-0.478641143837799
205	164	2015	1e-08	0	-0.478634631335805
205	164	2015	1e-08	1e-07	-0.477322766291385
205	164	2015	1e-08	2.5e-07	-0.450864562238336
205	164	2015	1e-08	5e-07	-0.309592882662158
205	164	2015	1e-08	1e-06	0
205	164	2015	1e-08	2e-06	-0.488501877779937
205	164	2015	1e-08	4e-06	-0.488495084409643
205	164	2015	1e-08	6e-06	-0.487126641830866
205	164	2015	1e-08	1e-05	-0.459527360076862
205	164	2015	1e-08	1.4e-05	-0.31216297810042
21	164	2015	0	0	0
21	164	2015	0	1e-07	0
21	164	2015	0	2.5e-07	0
21	164	2015	0	5e-07	0
21	164	2015	0	1e-06	0
21	164	2015	0	2e-06	0
21	164	2015	0	4e-06	0
21	164	2015	0	6e-06	-0.0121798437078802
21	164	2015	0	1e-05	-0.0342393392162869
21	164	2015	0	1.4e-05	-0.0717769082038666
21	164	2015	1e-09	0	-0.106855925773499
21	164	2015	1e-09	1e-07	-0.13849672921787
21	164	2015	1e-09	2.5e-07	0
21	164	2015	1e-09	5e-07	-0.0138072782585846
21	164	2015	1e-09	1e-06	-0.0357158177432412
21	164	2015	1e-09	2e-06	-0.0729965122182804
21	164	2015	1e-09	4e-06	-0.107835479465486
21	164	2015	1e-09	6e-06	-0.13925976073806
21	164	2015	1e-09	1e-05	0
21	164	2015	1e-09	1.4e-05	-0.020003880835562
21	164	2015	2.5e-09	0	-0.0413376417613051
21	164	2015	2.5e-09	1e-07	-0.0776402635601318
21	164	2015	2.5e-09	2.5e-07	-0.1115652177394
21	164	2015	2.5e-09	5e-07	-0.142165071481449
21	164	2015	2.5e-09	1e-06	0
21	164	2015	2.5e-09	2e-06	-0.0449574087089924
21	164	2015	2.5e-09	4e-06	-0.0639765540671354
21	164	2015	2.5e-09	6e-06	-0.0963405072996113
21	164	2015	2.5e-09	1e-05	-0.126584758983582
21	164	2015	2.5e-09	1.4e-05	-0.153864668432444
21	164	2015	5e-09	0	0
21	164	2015	5e-09	1e-07	-0.127751649694852
21	164	2015	5e-09	2.5e-07	-0.13909104571793
21	164	2015	5e-09	5e-07	-0.158386743587881
21	164	2015	5e-09	1e-06	-0.17641865515952
21	164	2015	5e-09	2e-06	-0.192683197592385
21	164	2015	5e-09	4e-06	0
21	164	2015	5e-09	6e-06	-0.288489490414178
21	164	2015	5e-09	1e-05	-0.284919318927664
21	164	2015	5e-09	1.4e-05	-0.278844132012286
21	164	2015	7.5e-09	0	-0.273166844050089
21	164	2015	7.5e-09	1e-07	-0.268046006439617
21	164	2015	7.5e-09	2.5e-07	0
21	164	2015	7.5e-09	5e-07	-0.376232554574044
21	164	2015	7.5e-09	1e-06	-0.364523595526769
21	164	2015	7.5e-09	2e-06	-0.344599030259975
21	164	2015	7.5e-09	4e-06	-0.325979439436381
21	164	2015	7.5e-09	6e-06	-0.309184818198927
21	164	2015	7.5e-09	1e-05	0
21	164	2015	7.5e-09	1.4e-05	-0.442996904143345
21	164	2015	1e-08	0	-0.425095081158849
21	164	2015	1e-08	1e-07	-0.394632420984783
21	164	2015	1e-08	2.5e-07	-0.366164935735076
21	164	2015	1e-08	5e-07	-0.340487645783795
21	164	2015	1e-08	1e-06	0
21	164	2015	1e-08	2e-06	-0.464784227296612
21	164	2015	1e-08	4e-06	-0.444861476545804
21	164	2015	1e-08	6e-06	-0.41095990203129
21	164	2015	1e-08	1e-05	-0.379278736731898
21	164	2015	1e-08	1.4e-05	-0.350702750470686
195	164	2015	0	0	0
195	164	2015	0	1e-07	0
195	164	2015	0	2.5e-07	0
195	164	2015	0	5e-07	0
195	164	2015	0	1e-06	0
195	164	2015	0	2e-06	0
195	164	2015	0	4e-06	0
195	164	2015	0	6e-06	-0.00033108461328851
195	164	2015	0	1e-05	-0.0101277369592714
195	164	2015	0	1.4e-05	-0.109270035959699
195	164	2015	1e-09	0	-0.281024869010284
195	164	2015	1e-09	1e-07	-0.395465978418041
195	164	2015	1e-09	2.5e-07	0
195	164	2015	1e-09	5e-07	-0.000370474456571372
195	164	2015	1e-09	1e-06	-0.0101655812012525
195	164	2015	1e-09	2e-06	-0.109292238688541
195	164	2015	1e-09	4e-06	-0.281019974269077
195	164	2015	1e-09	6e-06	-0.395443028496206
195	164	2015	1e-09	1e-05	0
195	164	2015	1e-09	1.4e-05	-0.0010061309119429
195	164	2015	2.5e-09	0	-0.01077629540342
195	164	2015	2.5e-09	1e-07	-0.109650536836983
195	164	2015	2.5e-09	2.5e-07	-0.280940985027534
195	164	2015	2.5e-09	5e-07	-0.395072672466601
195	164	2015	2.5e-09	1e-06	0
195	164	2015	2.5e-09	2e-06	-0.0114303847797858
195	164	2015	2.5e-09	4e-06	-0.0207915164088763
195	164	2015	2.5e-09	6e-06	-0.115526337874113
195	164	2015	2.5e-09	1e-05	-0.279645625089438
195	164	2015	2.5e-09	1.4e-05	-0.388999131890614
195	164	2015	5e-09	0	0
195	164	2015	5e-09	1e-07	-0.138166459759161
195	164	2015	5e-09	2.5e-07	-0.142554648463642
195	164	2015	5e-09	5e-07	-0.186963197552183
195	164	2015	5e-09	1e-06	-0.263896887930779
195	164	2015	5e-09	2e-06	-0.31515819290475
195	164	2015	5e-09	4e-06	0
195	164	2015	5e-09	6e-06	-0.432140730161604
195	164	2015	5e-09	1e-05	-0.424993787544928
195	164	2015	5e-09	1.4e-05	-0.352666598948509
195	164	2015	7.5e-09	0	-0.227366456349007
195	164	2015	7.5e-09	1e-07	-0.143878340915225
195	164	2015	7.5e-09	2.5e-07	0
195	164	2015	7.5e-09	5e-07	-0.485101261681595
195	164	2015	7.5e-09	1e-06	-0.47587622330135
195	164	2015	7.5e-09	2e-06	-0.382518667976884
195	164	2015	7.5e-09	4e-06	-0.220785366546226
195	164	2015	7.5e-09	6e-06	-0.113021654077929
195	164	2015	7.5e-09	1e-05	0
195	164	2015	7.5e-09	1.4e-05	-0.497798362169528
195	164	2015	1e-08	0	-0.488075107665384
195	164	2015	1e-08	1e-07	-0.389675596152405
195	164	2015	1e-08	2.5e-07	-0.219207573496425
195	164	2015	1e-08	5e-07	-0.105623872328893
195	164	2015	1e-08	1e-06	0
195	164	2015	1e-08	2e-06	-0.499192378019549
195	164	2015	1e-08	4e-06	-0.489414424320568
195	164	2015	1e-08	6e-06	-0.390461355966121
195	164	2015	1e-08	1e-05	-0.21903434744993
195	164	2015	1e-08	1.4e-05	-0.104811669178816
206	164	2015	0	0	0
206	164	2015	0	1e-07	0
206	164	2015	0	2.5e-07	0
206	164	2015	0	5e-07	0
206	164	2015	0	1e-06	0
206	164	2015	0	2e-06	0
206	164	2015	0	4e-06	0
206	164	2015	0	6e-06	-0.000107663579903772
206	164	2015	0	1e-05	-0.00140644847428902
206	164	2015	0	1.4e-05	-0.0271274456416403
206	164	2015	1e-09	0	-0.128265802456992
206	164	2015	1e-09	1e-07	-0.276180742431361
206	164	2015	1e-09	2.5e-07	0
206	164	2015	1e-09	5e-07	-0.000657801590686802
206	164	2015	1e-09	1e-06	-0.00195372720995991
206	164	2015	1e-09	2e-06	-0.0276180995987379
206	164	2015	1e-09	4e-06	-0.128533800308547
206	164	2015	1e-09	6e-06	-0.276123105523529
206	164	2015	1e-09	1e-05	0
206	164	2015	1e-09	1.4e-05	-0.00292359271871277
206	164	2015	2.5e-09	0	-0.00420774216536245
206	164	2015	2.5e-09	1e-07	-0.0296389004907535
206	164	2015	2.5e-09	2.5e-07	-0.129637572711982
206	164	2015	2.5e-09	5e-07	-0.27588572291798
206	164	2015	2.5e-09	1e-06	0
206	164	2015	2.5e-09	2e-06	-0.0130636537648563
206	164	2015	2.5e-09	4e-06	-0.0142951014828195
206	164	2015	2.5e-09	6e-06	-0.0386825604087772
206	164	2015	2.5e-09	1e-05	-0.134577268791394
206	164	2015	2.5e-09	1.4e-05	-0.274823368104342
206	164	2015	5e-09	0	0
206	164	2015	5e-09	1e-07	-0.0547475839291919
206	164	2015	5e-09	2.5e-07	-0.0557623845117861
206	164	2015	5e-09	5e-07	-0.0758593867353082
206	164	2015	5e-09	1e-06	-0.154883452893268
206	164	2015	5e-09	2e-06	-0.27045622241755
206	164	2015	5e-09	4e-06	0
206	164	2015	5e-09	6e-06	-0.180331271979881
206	164	2015	5e-09	1e-05	-0.180693366683784
206	164	2015	5e-09	1.4e-05	-0.187864251480531
206	164	2015	7.5e-09	0	-0.216061117276067
206	164	2015	7.5e-09	1e-07	-0.25729905946675
206	164	2015	7.5e-09	2.5e-07	0
206	164	2015	7.5e-09	5e-07	-0.289509794373224
206	164	2015	7.5e-09	1e-06	-0.289304447043061
206	164	2015	7.5e-09	2e-06	-0.285237770474605
206	164	2015	7.5e-09	4e-06	-0.269247061282536
206	164	2015	7.5e-09	6e-06	-0.245860634364303
206	164	2015	7.5e-09	1e-05	0
206	164	2015	7.5e-09	1.4e-05	-0.404345994084053
206	164	2015	1e-08	0	-0.403543799633046
206	164	2015	1e-08	1e-07	-0.387657226505193
206	164	2015	1e-08	2.5e-07	-0.325189123456004
206	164	2015	1e-08	5e-07	-0.23382946522364
206	164	2015	1e-08	1e-06	0
206	164	2015	1e-08	2e-06	-0.449264011462353
206	164	2015	1e-08	4e-06	-0.448228361102724
206	164	2015	1e-08	6e-06	-0.427718452124315
206	164	2015	1e-08	1e-05	-0.347070782089896
206	164	2015	1e-08	1.4e-05	-0.22912349040122
25	164	2015	0	0	0
25	164	2015	0	1e-07	0
25	164	2015	0	2.5e-07	0
25	164	2015	0	5e-07	0
25	164	2015	0	1e-06	0
25	164	2015	0	2e-06	0
25	164	2015	0	4e-06	0
25	164	2015	0	6e-06	-0.000118951285455609
25	164	2015	0	1e-05	-0.00202749554499675
25	164	2015	0	1.4e-05	-0.0201964173864091
25	164	2015	1e-09	0	-0.0712355190595937
25	164	2015	1e-09	1e-07	-0.152851478245327
25	164	2015	1e-09	2.5e-07	0
25	164	2015	1e-09	5e-07	-0.000354237041832306
25	164	2015	1e-09	1e-06	-0.00226098423320067
25	164	2015	1e-09	2e-06	-0.0204127983806121
25	164	2015	1e-09	4e-06	-0.0714038420930041
25	164	2015	1e-09	6e-06	-0.152942952422899
25	164	2015	1e-09	1e-05	0
25	164	2015	1e-09	1.4e-05	-0.0014928862750989
25	164	2015	2.5e-09	0	-0.00339093667865967
25	164	2015	2.5e-09	1e-07	-0.0214599593177498
25	164	2015	2.5e-09	2.5e-07	-0.0722184298346724
25	164	2015	2.5e-09	5e-07	-0.153385635412977
25	164	2015	2.5e-09	1e-06	0
25	164	2015	2.5e-09	2e-06	-0.00746452546638622
25	164	2015	2.5e-09	4e-06	-0.00931696561755999
25	164	2015	2.5e-09	6e-06	-0.0269517886793324
25	164	2015	2.5e-09	1e-05	-0.076490530443684
25	164	2015	2.5e-09	1.4e-05	-0.155707283744734
25	164	2015	5e-09	0	0
25	164	2015	5e-09	1e-07	-0.0369733305975005
25	164	2015	5e-09	2.5e-07	-0.0386003880678803
25	164	2015	5e-09	5e-07	-0.0540896175489517
25	164	2015	5e-09	1e-06	-0.0976010798813942
25	164	2015	5e-09	2e-06	-0.16717968956335
25	164	2015	5e-09	4e-06	0
25	164	2015	5e-09	6e-06	-0.148882185393968
25	164	2015	5e-09	1e-05	-0.149654504165625
25	164	2015	5e-09	1.4e-05	-0.157006809111529
25	164	2015	7.5e-09	0	-0.177660485919742
25	164	2015	7.5e-09	1e-07	-0.210687510066996
25	164	2015	7.5e-09	2.5e-07	0
25	164	2015	7.5e-09	5e-07	-0.264909223687444
25	164	2015	7.5e-09	1e-06	-0.264795349852557
25	164	2015	7.5e-09	2e-06	-0.263711295974574
25	164	2015	7.5e-09	4e-06	-0.260666033488418
25	164	2015	7.5e-09	6e-06	-0.255796394121107
25	164	2015	7.5e-09	1e-05	0
25	164	2015	7.5e-09	1.4e-05	-0.397118676487984
25	164	2015	1e-08	0	-0.395995011820628
25	164	2015	1e-08	1e-07	-0.385297971175597
25	164	2015	1e-08	2.5e-07	-0.355248453111215
25	164	2015	1e-08	5e-07	-0.307196662239235
25	164	2015	1e-08	1e-06	0
25	164	2015	1e-08	2e-06	-0.448353646595624
25	164	2015	1e-08	4e-06	-0.446838658902413
25	164	2015	1e-08	6e-06	-0.432416309066384
25	164	2015	1e-08	1e-05	-0.391901864341902
25	164	2015	1e-08	1.4e-05	-0.327115746274248
26	164	2015	0	0	0
26	164	2015	0	1e-07	0
26	164	2015	0	2.5e-07	0
26	164	2015	0	5e-07	0
26	164	2015	0	1e-06	0
26	164	2015	0	2e-06	0
26	164	2015	0	4e-06	0
26	164	2015	0	6e-06	-0.000671055683820612
26	164	2015	0	1e-05	-0.0524016604818975
26	164	2015	0	1.4e-05	-0.435076127758147
26	164	2015	1e-09	0	-0.492798211826498
26	164	2015	1e-09	1e-07	-0.498324199185327
26	164	2015	1e-09	2.5e-07	0
26	164	2015	1e-09	5e-07	-0.00285658009398077
26	164	2015	1e-09	1e-06	-0.0541337337299851
26	164	2015	1e-09	2e-06	-0.433453819541735
26	164	2015	1e-09	4e-06	-0.49066993337834
26	164	2015	1e-09	6e-06	-0.496147481995746
26	164	2015	1e-09	1e-05	0
26	164	2015	1e-09	1.4e-05	-0.0107520768785126
26	164	2015	2.5e-09	0	-0.0603910780530556
26	164	2015	2.5e-09	1e-07	-0.427593015953063
26	164	2015	2.5e-09	2.5e-07	-0.482981245223726
26	164	2015	2.5e-09	5e-07	-0.488283802463606
26	164	2015	2.5e-09	1e-06	0
26	164	2015	2.5e-09	2e-06	-0.040795757678021
26	164	2015	2.5e-09	4e-06	-0.0842013157905019
26	164	2015	2.5e-09	6e-06	-0.405291681780952
26	164	2015	2.5e-09	1e-05	-0.453724505719161
26	164	2015	2.5e-09	1.4e-05	-0.458361191610786
26	164	2015	5e-09	0	0
26	164	2015	5e-09	1e-07	-0.133497757567663
26	164	2015	5e-09	2.5e-07	-0.157669565930651
26	164	2015	5e-09	5e-07	-0.336479265227927
26	164	2015	5e-09	1e-06	-0.363450671416945
26	164	2015	5e-09	2e-06	-0.366032761999015
26	164	2015	5e-09	4e-06	0
26	164	2015	5e-09	6e-06	-0.299838827937662
26	164	2015	5e-09	1e-05	-0.289498300813089
26	164	2015	5e-09	1.4e-05	-0.213004787462582
26	164	2015	7.5e-09	0	-0.201466612366322
26	164	2015	7.5e-09	1e-07	-0.200362012441441
26	164	2015	7.5e-09	2.5e-07	0
26	164	2015	7.5e-09	5e-07	-0.38700140247852
26	164	2015	7.5e-09	1e-06	-0.358576441919544
26	164	2015	7.5e-09	2e-06	-0.148304269736105
26	164	2015	7.5e-09	4e-06	-0.116587107923881
26	164	2015	7.5e-09	6e-06	-0.113550685416601
26	164	2015	7.5e-09	1e-05	0
26	164	2015	7.5e-09	1.4e-05	-0.45322002314309
26	164	2015	1e-08	0	-0.411056066875984
26	164	2015	1e-08	1e-07	-0.0991503861719778
26	164	2015	1e-08	2.5e-07	-0.0521029673798687
26	164	2015	1e-08	5e-07	-0.0475989123772311
26	164	2015	1e-08	1e-06	0
26	164	2015	1e-08	2e-06	-0.475201791002704
26	164	2015	1e-08	4e-06	-0.428477072049069
26	164	2015	1e-08	6e-06	-0.0828333858016689
26	164	2015	1e-08	1e-05	-0.0306969732072415
26	164	2015	1e-08	1.4e-05	-0.0257057265885238
6	164	2015	0	0	0
6	164	2015	0	1e-07	0
6	164	2015	0	2.5e-07	0
6	164	2015	0	5e-07	0
6	164	2015	0	1e-06	0
6	164	2015	0	2e-06	0
6	164	2015	0	4e-06	0
6	164	2015	0	6e-06	-0.0192410976582987
6	164	2015	0	1e-05	-0.0654838742803606
6	164	2015	0	1.4e-05	-0.164931963375557
6	164	2015	1e-09	0	-0.250570767026614
6	164	2015	1e-09	1e-07	-0.312556525247617
6	164	2015	1e-09	2.5e-07	0
6	164	2015	1e-09	5e-07	-0.0297172494393558
6	164	2015	1e-09	1e-06	-0.0738606645990683
6	164	2015	1e-09	2e-06	-0.168793940765598
6	164	2015	1e-09	4e-06	-0.250544854951535
6	164	2015	1e-09	6e-06	-0.309716540975118
6	164	2015	1e-09	1e-05	0
6	164	2015	1e-09	1.4e-05	-0.0469806380037258
6	164	2015	2.5e-09	0	-0.0876645679040575
6	164	2015	2.5e-09	1e-07	-0.1751579967381
6	164	2015	2.5e-09	2.5e-07	-0.250502155090944
6	164	2015	2.5e-09	5e-07	-0.305036601906127
6	164	2015	2.5e-09	1e-06	0
6	164	2015	2.5e-09	2e-06	-0.0791777357328823
6	164	2015	2.5e-09	4e-06	-0.1134095496669
6	164	2015	2.5e-09	6e-06	-0.187027284817695
6	164	2015	2.5e-09	1e-05	-0.250422517679126
6	164	2015	2.5e-09	1.4e-05	-0.296308277509734
6	164	2015	5e-09	0	0
6	164	2015	5e-09	1e-07	-0.133305525998384
6	164	2015	5e-09	2.5e-07	-0.156690437434195
6	164	2015	5e-09	5e-07	-0.206981205546124
6	164	2015	5e-09	1e-06	-0.250288636136124
6	164	2015	5e-09	2e-06	-0.281634752701024
6	164	2015	5e-09	4e-06	0
6	164	2015	5e-09	6e-06	-0.21016624173161
6	164	2015	5e-09	1e-05	-0.218148701203075
6	164	2015	5e-09	1.4e-05	-0.235315497807981
6	164	2015	7.5e-09	0	-0.250098526191341
6	164	2015	7.5e-09	1e-07	-0.260798549826408
6	164	2015	7.5e-09	2.5e-07	0
6	164	2015	7.5e-09	5e-07	-0.260984740936857
6	164	2015	7.5e-09	1e-06	-0.258783461089191
6	164	2015	7.5e-09	2e-06	-0.254049466065421
6	164	2015	7.5e-09	4e-06	-0.249972829962966
6	164	2015	7.5e-09	6e-06	-0.247022142085173
6	164	2015	7.5e-09	1e-05	0
6	164	2015	7.5e-09	1.4e-05	-0.323057336666338
6	164	2015	1e-08	0	-0.308417060318248
6	164	2015	1e-08	1e-07	-0.27693219688666
6	164	2015	1e-08	2.5e-07	-0.249819297464158
6	164	2015	1e-08	5e-07	-0.230194856712726
6	164	2015	1e-08	1e-06	0
6	164	2015	1e-08	2e-06	-0.359150526779817
6	164	2015	1e-08	4e-06	-0.337277379625626
6	164	2015	1e-08	6e-06	-0.290237758610644
6	164	2015	1e-08	1e-05	-0.249730023323082
6	164	2015	1e-08	1.4e-05	-0.220410339037835
207	164	2015	0	0	0
207	164	2015	0	1e-07	0
207	164	2015	0	2.5e-07	0
207	164	2015	0	5e-07	0
207	164	2015	0	1e-06	0
207	164	2015	0	2e-06	0
207	164	2015	0	4e-06	0
207	164	2015	0	6e-06	-2.4790218707551e-05
207	164	2015	0	1e-05	-0.00188594395453123
207	164	2015	0	1.4e-05	-0.0877894783909173
207	164	2015	1e-09	0	-0.346619503521072
207	164	2015	1e-09	1e-07	-0.461751397055954
207	164	2015	1e-09	2.5e-07	0
207	164	2015	1e-09	5e-07	-0.000175663864158793
207	164	2015	1e-09	1e-06	-0.00203569429239877
207	164	2015	1e-09	2e-06	-0.0878873812699551
207	164	2015	1e-09	4e-06	-0.346561188391621
207	164	2015	1e-09	6e-06	-0.461623593562035
207	164	2015	1e-09	1e-05	0
207	164	2015	1e-09	1.4e-05	-0.000999359061681133
207	164	2015	2.5e-09	0	-0.00285325678822076
207	164	2015	2.5e-09	1e-07	-0.088421882382101
207	164	2015	2.5e-09	2.5e-07	-0.34624281673746
207	164	2015	2.5e-09	5e-07	-0.460925849937872
207	164	2015	2.5e-09	1e-06	0
207	164	2015	2.5e-09	2e-06	-0.00584693163191574
207	164	2015	2.5e-09	4e-06	-0.007664737468357
207	164	2015	2.5e-09	6e-06	-0.0915675034052563
207	164	2015	2.5e-09	1e-05	-0.344369150723025
207	164	2015	2.5e-09	1.4e-05	-0.456819521694462
207	164	2015	5e-09	0	0
207	164	2015	5e-09	1e-07	-0.0328605642443739
207	164	2015	5e-09	2.5e-07	-0.0344772440439621
207	164	2015	5e-09	5e-07	-0.109096823374451
207	164	2015	5e-09	1e-06	-0.333927940278198
207	164	2015	5e-09	2e-06	-0.433936554818471
207	164	2015	5e-09	4e-06	0
207	164	2015	5e-09	6e-06	-0.147551231470246
207	164	2015	5e-09	1e-05	-0.148313998740035
207	164	2015	5e-09	1.4e-05	-0.183520335092591
207	164	2015	7.5e-09	0	-0.289598123191297
207	164	2015	7.5e-09	1e-07	-0.336783284957807
207	164	2015	7.5e-09	2.5e-07	0
207	164	2015	7.5e-09	5e-07	-0.271535300607891
207	164	2015	7.5e-09	1e-06	-0.271374962687929
207	164	2015	7.5e-09	2e-06	-0.2639743950917
207	164	2015	7.5e-09	4e-06	-0.241676254398458
207	164	2015	7.5e-09	6e-06	-0.231757671115745
207	164	2015	7.5e-09	1e-05	0
207	164	2015	7.5e-09	1.4e-05	-0.407834297168869
207	164	2015	1e-08	0	-0.406659165074475
207	164	2015	1e-08	1e-07	-0.352419690712392
207	164	2015	1e-08	2.5e-07	-0.188994464913557
207	164	2015	1e-08	5e-07	-0.116300210496497
207	164	2015	1e-08	1e-06	0
207	164	2015	1e-08	2e-06	-0.456589623063024
207	164	2015	1e-08	4e-06	-0.455051490345453
207	164	2015	1e-08	6e-06	-0.384057335306954
207	164	2015	1e-08	1e-05	-0.170149734726021
207	164	2015	1e-08	1.4e-05	-0.0750000816515684
9	164	2015	0	0	0
9	164	2015	0	1e-07	0
9	164	2015	0	2.5e-07	0
9	164	2015	0	5e-07	0
9	164	2015	0	1e-06	0
9	164	2015	0	2e-06	0
9	164	2015	0	4e-06	0
9	164	2015	0	6e-06	-0.00595517433609189
9	164	2015	0	1e-05	-0.025197936570877
9	164	2015	0	1.4e-05	-0.103251534529864
9	164	2015	1e-09	0	-0.204703486641243
9	164	2015	1e-09	1e-07	-0.291258086877073
9	164	2015	1e-09	2.5e-07	0
9	164	2015	1e-09	5e-07	-0.0137604487756298
9	164	2015	1e-09	1e-06	-0.032387770630523
9	164	2015	1e-09	2e-06	-0.107944983954409
9	164	2015	1e-09	4e-06	-0.206152202945543
9	164	2015	1e-09	6e-06	-0.289938531381275
9	164	2015	1e-09	1e-05	0
9	164	2015	1e-09	1.4e-05	-0.0291462636307388
9	164	2015	2.5e-09	0	-0.0465604248450002
9	164	2015	2.5e-09	1e-07	-0.117196746264274
9	164	2015	2.5e-09	2.5e-07	-0.209007923267512
9	164	2015	2.5e-09	5e-07	-0.287337413802815
9	164	2015	2.5e-09	1e-06	0
9	164	2015	2.5e-09	2e-06	-0.0627307094709852
9	164	2015	2.5e-09	4e-06	-0.0774967608376693
9	164	2015	2.5e-09	6e-06	-0.137391666919992
9	164	2015	2.5e-09	1e-05	-0.215241443259221
9	164	2015	2.5e-09	1.4e-05	-0.281659645464864
9	164	2015	5e-09	0	0
9	164	2015	5e-09	1e-07	-0.127219404936723
9	164	2015	5e-09	2.5e-07	-0.136900568187862
9	164	2015	5e-09	5e-07	-0.176169858893629
9	164	2015	5e-09	1e-06	-0.227211019125892
9	164	2015	5e-09	2e-06	-0.270757221318495
9	164	2015	5e-09	4e-06	0
9	164	2015	5e-09	6e-06	-0.225293686323276
9	164	2015	5e-09	1e-05	-0.227241761716745
9	164	2015	5e-09	1.4e-05	-0.235143657073573
9	164	2015	7.5e-09	0	-0.245414326591605
9	164	2015	7.5e-09	1e-07	-0.254176836092769
9	164	2015	7.5e-09	2.5e-07	0
9	164	2015	7.5e-09	5e-07	-0.289144784907004
9	164	2015	7.5e-09	1e-06	-0.286058246249001
9	164	2015	7.5e-09	2e-06	-0.273538450776959
9	164	2015	7.5e-09	4e-06	-0.257265559790674
9	164	2015	7.5e-09	6e-06	-0.243382203732106
9	164	2015	7.5e-09	1e-05	0
9	164	2015	7.5e-09	1.4e-05	-0.361762565883316
9	164	2015	1e-08	0	-0.3529501664555
9	164	2015	1e-08	1e-07	-0.317204805493269
9	164	2015	1e-08	2.5e-07	-0.270743953676422
9	164	2015	1e-08	5e-07	-0.231105480764551
9	164	2015	1e-08	1e-06	0
9	164	2015	1e-08	2e-06	-0.399930265504027
9	164	2015	1e-08	4e-06	-0.388108369903317
9	164	2015	1e-08	6e-06	-0.340155717624379
9	164	2015	1e-08	1e-05	-0.277828159256439
9	164	2015	1e-08	1.4e-05	-0.224652870009272
208	164	2015	0	0	0
208	164	2015	0	1e-07	0
208	164	2015	0	2.5e-07	0
208	164	2015	0	5e-07	0
208	164	2015	0	1e-06	0
208	164	2015	0	2e-06	0
208	164	2015	0	4e-06	0
208	164	2015	0	6e-06	-0.0146773402045287
208	164	2015	0	1e-05	-0.0411010895486658
208	164	2015	0	1.4e-05	-0.0985701144411369
208	164	2015	1e-09	0	-0.156801004941431
208	164	2015	1e-09	1e-07	-0.208283190644833
208	164	2015	1e-09	2.5e-07	0
208	164	2015	1e-09	5e-07	-0.0229537891275457
208	164	2015	1e-09	1e-06	-0.0484481982543342
208	164	2015	1e-09	2e-06	-0.103896000670434
208	164	2015	1e-09	4e-06	-0.160078873392133
208	164	2015	1e-09	6e-06	-0.209750397594471
208	164	2015	1e-09	1e-05	0
208	164	2015	1e-09	1.4e-05	-0.0358928894985965
208	164	2015	2.5e-09	0	-0.0599344018017624
208	164	2015	2.5e-09	1e-07	-0.112222298231943
208	164	2015	2.5e-09	2.5e-07	-0.165203374163083
208	164	2015	2.5e-09	5e-07	-0.21204417577918
208	164	2015	2.5e-09	1e-06	0
208	164	2015	2.5e-09	2e-06	-0.0593685741269185
208	164	2015	2.5e-09	4e-06	-0.0807740648636107
208	164	2015	2.5e-09	6e-06	-0.127328876747469
208	164	2015	2.5e-09	1e-05	-0.174500864755672
208	164	2015	2.5e-09	1.4e-05	-0.216205826259303
208	164	2015	5e-09	0	0
208	164	2015	5e-09	1e-07	-0.0991375775453442
208	164	2015	5e-09	2.5e-07	-0.116077513715774
208	164	2015	5e-09	5e-07	-0.152920188870477
208	164	2015	5e-09	1e-06	-0.190251286565027
208	164	2015	5e-09	2e-06	-0.223255873778286
208	164	2015	5e-09	4e-06	0
208	164	2015	5e-09	6e-06	-0.159275482027796
208	164	2015	5e-09	1e-05	-0.169462694446476
208	164	2015	5e-09	1.4e-05	-0.191618867533392
208	164	2015	7.5e-09	0	-0.214068764523011
208	164	2015	7.5e-09	1e-07	-0.233916816921178
208	164	2015	7.5e-09	2.5e-07	0
208	164	2015	7.5e-09	5e-07	-0.202944394082215
208	164	2015	7.5e-09	1e-06	-0.208228141669841
208	164	2015	7.5e-09	2e-06	-0.219719766786478
208	164	2015	7.5e-09	4e-06	-0.231363736126299
208	164	2015	7.5e-09	6e-06	-0.241658220492365
208	164	2015	7.5e-09	1e-05	0
208	164	2015	7.5e-09	1.4e-05	-0.262467974546165
208	164	2015	1e-08	0	-0.26106797917588
208	164	2015	1e-08	1e-07	-0.258023128585737
208	164	2015	1e-08	2.5e-07	-0.254937912477822
208	164	2015	1e-08	5e-07	-0.252210259384453
208	164	2015	1e-08	1e-06	0
208	164	2015	1e-08	2e-06	-0.301300848990323
208	164	2015	1e-08	4e-06	-0.295540414461664
208	164	2015	1e-08	6e-06	-0.283012042692484
208	164	2015	1e-08	1e-05	-0.270317582572392
208	164	2015	1e-08	1.4e-05	-0.25909435469983
40	164	2015	0	0	0
40	164	2015	0	1e-07	0
40	164	2015	0	2.5e-07	0
40	164	2015	0	5e-07	0
40	164	2015	0	1e-06	0
40	164	2015	0	2e-06	0
40	164	2015	0	4e-06	0
40	164	2015	0	6e-06	-0.00345719033622572
40	164	2015	0	1e-05	-0.0338729662200392
40	164	2015	0	1.4e-05	-0.153442277995726
40	164	2015	1e-09	0	-0.280360048038606
40	164	2015	1e-09	1e-07	-0.365061544743777
40	164	2015	1e-09	2.5e-07	0
40	164	2015	1e-09	5e-07	-0.00421551601969895
40	164	2015	1e-09	1e-06	-0.0345377379115425
40	164	2015	1e-09	2e-06	-0.153739273883107
40	164	2015	1e-09	4e-06	-0.280266665456447
40	164	2015	1e-09	6e-06	-0.364707634099705
40	164	2015	1e-09	1e-05	0
40	164	2015	1e-09	1.4e-05	-0.00652297589933966
40	164	2015	2.5e-09	0	-0.036560528436373
40	164	2015	2.5e-09	1e-07	-0.154642983343944
40	164	2015	2.5e-09	2.5e-07	-0.279982517673396
40	164	2015	2.5e-09	5e-07	-0.363630742429055
40	164	2015	2.5e-09	1e-06	0
40	164	2015	2.5e-09	2e-06	-0.0143668674010607
40	164	2015	2.5e-09	4e-06	-0.0434367257421101
40	164	2015	2.5e-09	6e-06	-0.157715018971703
40	164	2015	2.5e-09	1e-05	-0.279016596488647
40	164	2015	2.5e-09	1.4e-05	-0.359969997772898
40	164	2015	5e-09	0	0
40	164	2015	5e-09	1e-07	-0.0397470151460226
40	164	2015	5e-09	2.5e-07	-0.0656857463340975
40	164	2015	5e-09	5e-07	-0.167655074630708
40	164	2015	5e-09	1e-06	-0.275891206193084
40	164	2015	5e-09	2e-06	-0.348125081227397
40	164	2015	5e-09	4e-06	0
40	164	2015	5e-09	6e-06	-0.11031602996866
40	164	2015	5e-09	1e-05	-0.127548722063102
40	164	2015	5e-09	1.4e-05	-0.195293209057148
40	164	2015	7.5e-09	0	-0.267201118321634
40	164	2015	7.5e-09	1e-07	-0.31519051758057
40	164	2015	7.5e-09	2.5e-07	0
40	164	2015	7.5e-09	5e-07	-0.183152986476511
40	164	2015	7.5e-09	1e-06	-0.191399845448409
40	164	2015	7.5e-09	2e-06	-0.223819575766904
40	164	2015	7.5e-09	4e-06	-0.25823174906045
40	164	2015	7.5e-09	6e-06	-0.281197505406912
40	164	2015	7.5e-09	1e-05	0
40	164	2015	7.5e-09	1.4e-05	-0.294096888243973
40	164	2015	1e-08	0	-0.288656692799493
40	164	2015	1e-08	1e-07	-0.267270408665018
40	164	2015	1e-08	2.5e-07	-0.244569772092458
40	164	2015	1e-08	5e-07	-0.229419979488898
40	164	2015	1e-08	1e-06	0
40	164	2015	1e-08	2e-06	-0.360633249202031
40	164	2015	1e-08	4e-06	-0.346984519727356
40	164	2015	1e-08	6e-06	-0.293329166790334
40	164	2015	1e-08	1e-05	-0.236376277754677
40	164	2015	1e-08	1.4e-05	-0.19836745565377
209	164	2015	0	0	0
209	164	2015	0	1e-07	0
209	164	2015	0	2.5e-07	0
209	164	2015	0	5e-07	0
209	164	2015	0	1e-06	0
209	164	2015	0	2e-06	0
209	164	2015	0	4e-06	0
209	164	2015	0	6e-06	-0.0272336087728081
209	164	2015	0	1e-05	-0.119528515084889
209	164	2015	0	1.4e-05	-0.27209287714239
209	164	2015	1e-09	0	-0.361389861094279
209	164	2015	1e-09	1e-07	-0.409358972795213
209	164	2015	1e-09	2.5e-07	0
209	164	2015	1e-09	5e-07	-0.0342851054307167
209	164	2015	1e-09	1e-06	-0.123658488348643
209	164	2015	1e-09	2e-06	-0.271393544319
209	164	2015	1e-09	4e-06	-0.357863901774724
209	164	2015	1e-09	6e-06	-0.404314588595772
209	164	2015	1e-09	1e-05	0
209	164	2015	1e-09	1.4e-05	-0.0494683337723376
209	164	2015	2.5e-09	0	-0.132551114999474
209	164	2015	2.5e-09	1e-07	-0.269887746265136
209	164	2015	2.5e-09	2.5e-07	-0.350271833300575
209	164	2015	2.5e-09	5e-07	-0.393453059354728
209	164	2015	2.5e-09	1e-06	0
209	164	2015	2.5e-09	2e-06	-0.084908704366384
209	164	2015	2.5e-09	4e-06	-0.153308096121601
209	164	2015	2.5e-09	6e-06	-0.266372944283106
209	164	2015	2.5e-09	1e-05	-0.332550587578304
209	164	2015	2.5e-09	1.4e-05	-0.368100307432698
209	164	2015	5e-09	0	0
209	164	2015	5e-09	1e-07	-0.155170945030187
209	164	2015	5e-09	2.5e-07	-0.194459810356267
209	164	2015	5e-09	5e-07	-0.259404680164883
209	164	2015	5e-09	1e-06	-0.297417364902304
209	164	2015	5e-09	2e-06	-0.317837256364755
209	164	2015	5e-09	4e-06	0
209	164	2015	5e-09	6e-06	-0.258230362065717
209	164	2015	5e-09	1e-05	-0.254820419966349
209	164	2015	5e-09	1.4e-05	-0.249183753092405
209	164	2015	7.5e-09	0	-0.245884572703246
209	164	2015	7.5e-09	1e-07	-0.244112298370952
209	164	2015	7.5e-09	2.5e-07	0
209	164	2015	7.5e-09	5e-07	-0.31982030578927
209	164	2015	7.5e-09	1e-06	-0.290892878514437
209	164	2015	7.5e-09	2e-06	-0.243075564813216
209	164	2015	7.5e-09	4e-06	-0.215087757984574
209	164	2015	7.5e-09	6e-06	-0.2000530930652
209	164	2015	7.5e-09	1e-05	0
209	164	2015	7.5e-09	1.4e-05	-0.383016395280041
209	164	2015	1e-08	0	-0.327906036519408
209	164	2015	1e-08	1e-07	-0.236808086881255
209	164	2015	1e-08	2.5e-07	-0.183487822324174
209	164	2015	1e-08	5e-07	-0.154844909503737
209	164	2015	1e-08	1e-06	0
209	164	2015	1e-08	2e-06	-0.412926851909186
209	164	2015	1e-08	4e-06	-0.345424216301355
209	164	2015	1e-08	6e-06	-0.23384171462043
209	164	2015	1e-08	1e-05	-0.168531699047082
209	164	2015	1e-08	1.4e-05	-0.133448056872609
28	164	2015	0	0	0
28	164	2015	0	1e-07	0
28	164	2015	0	2.5e-07	0
28	164	2015	0	5e-07	0
28	164	2015	0	1e-06	0
28	164	2015	0	2e-06	0
28	164	2015	0	4e-06	0
28	164	2015	0	6e-06	-0.0179557702093662
28	164	2015	0	1e-05	-0.116612293884173
28	164	2015	0	1.4e-05	-0.299579780873552
28	164	2015	1e-09	0	-0.39568437718028
28	164	2015	1e-09	1e-07	-0.440054806278429
28	164	2015	1e-09	2.5e-07	0
28	164	2015	1e-09	5e-07	-0.0189143101606334
28	164	2015	1e-09	1e-06	-0.117163298515641
28	164	2015	1e-09	2e-06	-0.299374974226193
28	164	2015	1e-09	4e-06	-0.395082576842781
28	164	2015	1e-09	6e-06	-0.439269718345355
28	164	2015	1e-09	1e-05	0
28	164	2015	1e-09	1.4e-05	-0.023532244798822
28	164	2015	2.5e-09	0	-0.119817860143553
28	164	2015	2.5e-09	1e-07	-0.298388282216414
28	164	2015	2.5e-09	2.5e-07	-0.392183297975856
28	164	2015	2.5e-09	5e-07	-0.435487419281684
28	164	2015	2.5e-09	1e-06	0
28	164	2015	2.5e-09	2e-06	-0.046730026281534
28	164	2015	2.5e-09	4e-06	-0.133152812974516
28	164	2015	2.5e-09	6e-06	-0.293431723185823
28	164	2015	2.5e-09	1e-05	-0.377619029989868
28	164	2015	2.5e-09	1.4e-05	-0.41648737834223
28	164	2015	5e-09	0	0
28	164	2015	5e-09	1e-07	-0.139388148423193
28	164	2015	5e-09	2.5e-07	-0.18641616874349
28	164	2015	5e-09	5e-07	-0.273633905347028
28	164	2015	5e-09	1e-06	-0.319445461842616
28	164	2015	5e-09	2e-06	-0.340596150753226
28	164	2015	5e-09	4e-06	0
28	164	2015	5e-09	6e-06	-0.321780938765208
28	164	2015	5e-09	1e-05	-0.291262369563642
28	164	2015	5e-09	1.4e-05	-0.234662910092236
28	164	2015	7.5e-09	0	-0.204933758245742
28	164	2015	7.5e-09	1e-07	-0.191208137673518
28	164	2015	7.5e-09	2.5e-07	0
28	164	2015	7.5e-09	5e-07	-0.405434362040702
28	164	2015	7.5e-09	1e-06	-0.339349487478714
28	164	2015	7.5e-09	2e-06	-0.216789083196977
28	164	2015	7.5e-09	4e-06	-0.152413612065488
28	164	2015	7.5e-09	6e-06	-0.122692169103663
28	164	2015	7.5e-09	1e-05	0
28	164	2015	7.5e-09	1.4e-05	-0.456888960497397
28	164	2015	1e-08	0	-0.368927516044398
28	164	2015	1e-08	1e-07	-0.205795025216215
28	164	2015	1e-08	2.5e-07	-0.120108860786008
28	164	2015	1e-08	5e-07	-0.0805485064465693
28	164	2015	1e-08	1e-06	0
28	164	2015	1e-08	2e-06	-0.470609236878444
28	164	2015	1e-08	4e-06	-0.376814444305421
28	164	2015	1e-08	6e-06	-0.202863479376395
28	164	2015	1e-08	1e-05	-0.111494856804449
28	164	2015	1e-08	1.4e-05	-0.0693109743948599
210	164	2015	0	0	0
210	164	2015	0	1e-07	0
210	164	2015	0	2.5e-07	0
210	164	2015	0	5e-07	0
210	164	2015	0	1e-06	0
210	164	2015	0	2e-06	0
210	164	2015	0	4e-06	0
210	164	2015	0	6e-06	-0.00151106838500695
210	164	2015	0	1e-05	-0.00151106838500695
210	164	2015	0	1.4e-05	-0.00151106838500695
210	164	2015	1e-09	0	-0.00151106838500695
210	164	2015	1e-09	1e-07	-0.00151106838500667
210	164	2015	1e-09	2.5e-07	0
210	164	2015	1e-09	5e-07	-0.00487752333953409
210	164	2015	1e-09	1e-06	-0.00487752333953409
210	164	2015	1e-09	2e-06	-0.00487752333953409
210	164	2015	1e-09	4e-06	-0.00487752333953409
210	164	2015	1e-09	6e-06	-0.00487752333953409
210	164	2015	1e-09	1e-05	0
210	164	2015	1e-09	1.4e-05	-0.0117314364944393
210	164	2015	2.5e-09	0	-0.0117314364944393
210	164	2015	2.5e-09	1e-07	-0.0117314364944393
210	164	2015	2.5e-09	2.5e-07	-0.0117314364944393
210	164	2015	2.5e-09	5e-07	-0.0117314364944393
210	164	2015	2.5e-09	1e-06	0
210	164	2015	2.5e-09	2e-06	-0.0276780972983066
210	164	2015	2.5e-09	4e-06	-0.0276780972983066
210	164	2015	2.5e-09	6e-06	-0.0276780972983066
210	164	2015	2.5e-09	1e-05	-0.0276780972983066
210	164	2015	2.5e-09	1.4e-05	-0.0276780972983063
210	164	2015	5e-09	0	0
210	164	2015	5e-09	1e-07	-0.0625254285249376
210	164	2015	5e-09	2.5e-07	-0.0625254285249376
210	164	2015	5e-09	5e-07	-0.0625254285249376
210	164	2015	5e-09	1e-06	-0.0625254285249376
210	164	2015	5e-09	2e-06	-0.0625254285249378
210	164	2015	5e-09	4e-06	0
210	164	2015	5e-09	6e-06	-0.129241214272039
210	164	2015	5e-09	1e-05	-0.129241214272039
210	164	2015	5e-09	1.4e-05	-0.129241214272039
210	164	2015	7.5e-09	0	-0.129241214272039
210	164	2015	7.5e-09	1e-07	-0.129241214272039
210	164	2015	7.5e-09	2.5e-07	0
210	164	2015	7.5e-09	5e-07	-0.184986374708267
210	164	2015	7.5e-09	1e-06	-0.184986374708267
210	164	2015	7.5e-09	2e-06	-0.184986374708267
210	164	2015	7.5e-09	4e-06	-0.184986374708267
210	164	2015	7.5e-09	6e-06	-0.184986374708267
210	164	2015	7.5e-09	1e-05	0
210	164	2015	7.5e-09	1.4e-05	-0.265570535341558
210	164	2015	1e-08	0	-0.265570535341558
210	164	2015	1e-08	1e-07	-0.265570535341558
210	164	2015	1e-08	2.5e-07	-0.265570535341558
210	164	2015	1e-08	5e-07	-0.265570535341558
210	164	2015	1e-08	1e-06	0
210	164	2015	1e-08	2e-06	-0.317939228014403
210	164	2015	1e-08	4e-06	-0.317939228014403
210	164	2015	1e-08	6e-06	-0.317939228014403
210	164	2015	1e-08	1e-05	-0.317939228014403
210	164	2015	1e-08	1.4e-05	-0.317939228014403
7	164	2015	0	0	0
7	164	2015	0	1e-07	0
7	164	2015	0	2.5e-07	0
7	164	2015	0	5e-07	0
7	164	2015	0	1e-06	0
7	164	2015	0	2e-06	0
7	164	2015	0	4e-06	0
7	164	2015	0	6e-06	-0.0309851943596018
7	164	2015	0	1e-05	-0.071403789721071
7	164	2015	0	1.4e-05	-0.142563718308928
7	164	2015	1e-09	0	-0.203378017127138
7	164	2015	1e-09	1e-07	-0.251508041675643
7	164	2015	1e-09	2.5e-07	0
7	164	2015	1e-09	5e-07	-0.0441896212294542
7	164	2015	1e-09	1e-06	-0.0821713750035606
7	164	2015	1e-09	2e-06	-0.149041063621773
7	164	2015	1e-09	4e-06	-0.206188861634075
7	164	2015	1e-09	6e-06	-0.251417121676127
7	164	2015	1e-09	1e-05	0
7	164	2015	1e-09	1.4e-05	-0.0616347870391566
7	164	2015	2.5e-09	0	-0.096397082220889
7	164	2015	2.5e-09	1e-07	-0.157598675709223
7	164	2015	2.5e-09	2.5e-07	-0.209902438071138
7	164	2015	2.5e-09	5e-07	-0.251297001773719
7	164	2015	2.5e-09	1e-06	0
7	164	2015	2.5e-09	2e-06	-0.088764813162655
7	164	2015	2.5e-09	4e-06	-0.118520334739172
7	164	2015	2.5e-09	6e-06	-0.170907132735073
7	164	2015	2.5e-09	1e-05	-0.21567764404213
7	164	2015	2.5e-09	1.4e-05	-0.251110196092085
7	164	2015	5e-09	0	0
7	164	2015	5e-09	1e-07	-0.12829144536899
7	164	2015	5e-09	2.5e-07	-0.150752432913992
7	164	2015	5e-09	5e-07	-0.190296663865639
7	164	2015	5e-09	1e-06	-0.224091732598186
7	164	2015	5e-09	2e-06	-0.250838032717145
7	164	2015	5e-09	4e-06	0
7	164	2015	5e-09	6e-06	-0.180728377744066
7	164	2015	5e-09	1e-05	-0.193512269964541
7	164	2015	5e-09	1.4e-05	-0.216019258377876
7	164	2015	7.5e-09	0	-0.235254054505821
7	164	2015	7.5e-09	1e-07	-0.250476974572545
7	164	2015	7.5e-09	2.5e-07	0
7	164	2015	7.5e-09	5e-07	-0.216070473572949
7	164	2015	7.5e-09	1e-06	-0.222332076734668
7	164	2015	7.5e-09	2e-06	-0.23335609253355
7	164	2015	7.5e-09	4e-06	-0.2427773750485
7	164	2015	7.5e-09	6e-06	-0.250233624113846
7	164	2015	7.5e-09	1e-05	0
7	164	2015	7.5e-09	1.4e-05	-0.262768360424652
7	164	2015	1e-08	0	-0.260411993730974
7	164	2015	1e-08	1e-07	-0.256263435767755
7	164	2015	1e-08	2.5e-07	-0.252718018443055
7	164	2015	1e-08	5e-07	-0.249912082566319
7	164	2015	1e-08	1e-06	0
7	164	2015	1e-08	2e-06	-0.29320075898048
7	164	2015	1e-08	4e-06	-0.285228174700459
7	164	2015	1e-08	6e-06	-0.271191850009974
7	164	2015	1e-08	1e-05	-0.259196204975245
7	164	2015	1e-08	1.4e-05	-0.249702538169639
211	164	2015	0	0	0
211	164	2015	0	1e-07	0
211	164	2015	0	2.5e-07	0
211	164	2015	0	5e-07	0
211	164	2015	0	1e-06	0
211	164	2015	0	2e-06	0
211	164	2015	0	4e-06	0
211	164	2015	0	6e-06	-0.0619544623269111
211	164	2015	0	1e-05	-0.292490161379224
211	164	2015	0	1.4e-05	-0.444595807207899
211	164	2015	1e-09	0	-0.478444376256364
211	164	2015	1e-09	1e-07	-0.489289654942487
211	164	2015	1e-09	2.5e-07	0
211	164	2015	1e-09	5e-07	-0.0619810914638857
211	164	2015	1e-09	1e-06	-0.292484144345577
211	164	2015	1e-09	2e-06	-0.444568250486963
211	164	2015	1e-09	4e-06	-0.478412026238056
211	164	2015	1e-09	6e-06	-0.489255769123781
211	164	2015	1e-09	1e-05	0
211	164	2015	1e-09	1.4e-05	-0.062776303058088
211	164	2015	2.5e-09	0	-0.292304460906201
211	164	2015	2.5e-09	1e-07	-0.443745338951866
211	164	2015	2.5e-09	2.5e-07	-0.477445975041749
211	164	2015	2.5e-09	5e-07	-0.488243855146254
211	164	2015	2.5e-09	1e-06	0
211	164	2015	2.5e-09	2e-06	-0.0855845655179999
211	164	2015	2.5e-09	4e-06	-0.287150779703799
211	164	2015	2.5e-09	6e-06	-0.420142586664746
211	164	2015	2.5e-09	1e-05	-0.449737690359109
211	164	2015	2.5e-09	1.4e-05	-0.45922013396996
211	164	2015	5e-09	0	0
211	164	2015	5e-09	1e-07	-0.314807012125129
211	164	2015	5e-09	2.5e-07	-0.23535641718609
211	164	2015	5e-09	5e-07	-0.182935537884735
211	164	2015	5e-09	1e-06	-0.17127014740599
211	164	2015	5e-09	2e-06	-0.167532488347396
211	164	2015	5e-09	4e-06	0
211	164	2015	5e-09	6e-06	-0.432149926137394
211	164	2015	5e-09	1e-05	-0.208841991931515
211	164	2015	5e-09	1.4e-05	-0.0615051686512952
211	164	2015	7.5e-09	0	-0.0287178213505954
211	164	2015	7.5e-09	1e-07	-0.0182125642939186
211	164	2015	7.5e-09	2.5e-07	0
211	164	2015	7.5e-09	5e-07	-0.437237917460124
211	164	2015	7.5e-09	1e-06	-0.207692325871506
211	164	2015	7.5e-09	2e-06	-0.0562399451806133
211	164	2015	7.5e-09	4e-06	-0.0225367493693001
211	164	2015	7.5e-09	6e-06	-0.0117380491151383
211	164	2015	7.5e-09	1e-05	0
211	164	2015	7.5e-09	1.4e-05	-0.437980776923971
211	164	2015	1e-08	0	-0.20752447175015
211	164	2015	1e-08	1e-07	-0.0554712093797098
211	164	2015	1e-08	2.5e-07	-0.0216342973942907
211	164	2015	1e-08	5e-07	-0.010792753699068
211	164	2015	1e-08	1e-06	0
211	164	2015	1e-08	2e-06	-0.438033467768764
211	164	2015	1e-08	4e-06	-0.207512565897312
211	164	2015	1e-08	6e-06	-0.0554166831324945
211	164	2015	1e-08	1e-05	-0.0215702866907024
211	164	2015	1e-08	1.4e-05	-0.0107257041204123
186	164	2015	0	0	0
186	164	2015	0	1e-07	0
186	164	2015	0	2.5e-07	0
186	164	2015	0	5e-07	0
186	164	2015	0	1e-06	0
186	164	2015	0	2e-06	0
186	164	2015	0	4e-06	0
186	164	2015	0	6e-06	-0.000409106165036377
186	164	2015	0	1e-05	-0.00922319677801468
186	164	2015	0	1.4e-05	-0.111476220602634
186	164	2015	1e-09	0	-0.29382594873714
186	164	2015	1e-09	1e-07	-0.408132581510246
186	164	2015	1e-09	2.5e-07	0
186	164	2015	1e-09	5e-07	-0.00182413067253165
186	164	2015	1e-09	1e-06	-0.0105882508958173
186	164	2015	1e-09	2e-06	-0.112261563928692
186	164	2015	1e-09	4e-06	-0.293577482975532
186	164	2015	1e-09	6e-06	-0.407236068521201
186	164	2015	1e-09	1e-05	0
186	164	2015	1e-09	1.4e-05	-0.00892292567983489
186	164	2015	2.5e-09	0	-0.0174363579814742
186	164	2015	2.5e-09	1e-07	-0.116201418858772
186	164	2015	2.5e-09	2.5e-07	-0.292330997491605
186	164	2015	2.5e-09	5e-07	-0.402738505477658
186	164	2015	2.5e-09	1e-06	0
186	164	2015	2.5e-09	2e-06	-0.0450774764084792
186	164	2015	2.5e-09	4e-06	-0.052314141431884
186	164	2015	2.5e-09	6e-06	-0.136267315223794
186	164	2015	2.5e-09	1e-05	-0.285982578835371
186	164	2015	2.5e-09	1.4e-05	-0.379832171227162
186	164	2015	5e-09	0	0
186	164	2015	5e-09	1e-07	-0.177480850020435
186	164	2015	5e-09	2.5e-07	-0.180041802262221
186	164	2015	5e-09	5e-07	-0.209751629638795
186	164	2015	5e-09	1e-06	-0.262733719971238
186	164	2015	5e-09	2e-06	-0.295945748336396
186	164	2015	5e-09	4e-06	0
186	164	2015	5e-09	6e-06	-0.376946052601699
186	164	2015	5e-09	1e-05	-0.372463060480475
186	164	2015	5e-09	1.4e-05	-0.320455483033735
186	164	2015	7.5e-09	0	-0.227709398334928
186	164	2015	7.5e-09	1e-07	-0.169571156214875
186	164	2015	7.5e-09	2.5e-07	0
186	164	2015	7.5e-09	5e-07	-0.446519866350767
186	164	2015	7.5e-09	1e-06	-0.439579934037326
186	164	2015	7.5e-09	2e-06	-0.359069181953305
186	164	2015	7.5e-09	4e-06	-0.215492853300116
186	164	2015	7.5e-09	6e-06	-0.12549147604462
186	164	2015	7.5e-09	1e-05	0
186	164	2015	7.5e-09	1.4e-05	-0.483510889402419
186	164	2015	1e-08	0	-0.475264650500487
186	164	2015	1e-08	1e-07	-0.379599323250359
186	164	2015	1e-08	2.5e-07	-0.208997557517938
186	164	2015	1e-08	5e-07	-0.102055180441101
186	164	2015	1e-08	1e-06	0
186	164	2015	1e-08	2e-06	-0.492569633922126
186	164	2015	1e-08	4e-06	-0.484003493144729
186	164	2015	1e-08	6e-06	-0.384626956703584
186	164	2015	1e-08	1e-05	-0.207406922271422
186	164	2015	1e-08	1.4e-05	-0.0963158578475039
212	164	2015	0	0	0
212	164	2015	0	1e-07	0
212	164	2015	0	2.5e-07	0
212	164	2015	0	5e-07	0
212	164	2015	0	1e-06	0
212	164	2015	0	2e-06	0
212	164	2015	0	4e-06	0
212	164	2015	0	6e-06	-0.0129925485040177
212	164	2015	0	1e-05	-0.000135974844417035
212	164	2015	0	1.4e-05	-4.23655320091143e-06
212	164	2015	1e-09	0	-5.56845201771239e-07
212	164	2015	1e-09	1e-07	-1.31964087586311e-07
212	164	2015	1e-09	2.5e-07	0
212	164	2015	1e-09	5e-07	-0.0129466162164042
212	164	2015	1e-09	1e-06	-0.00013549413536623
212	164	2015	1e-09	2e-06	-4.22157580189264e-06
212	164	2015	1e-09	4e-06	-5.5487659864184e-07
212	164	2015	1e-09	6e-06	-1.31497557873672e-07
212	164	2015	1e-09	1e-05	0
212	164	2015	1e-09	1.4e-05	-0.0128283370279814
212	164	2015	2.5e-09	0	-0.000134256272429809
212	164	2015	2.5e-09	1e-07	-4.18300784332359e-06
212	164	2015	2.5e-09	2.5e-07	-5.49807292884452e-07
212	164	2015	2.5e-09	5e-07	-1.3029620731686e-07
212	164	2015	2.5e-09	1e-06	0
212	164	2015	2.5e-09	2e-06	-0.0124822401929893
212	164	2015	2.5e-09	4e-06	-0.000130634160626499
212	164	2015	2.5e-09	6e-06	-4.0701541060173e-06
212	164	2015	2.5e-09	1e-05	-5.34973993495669e-07
212	164	2015	2.5e-09	1.4e-05	-1.26780934692761e-07
212	164	2015	5e-09	0	0
212	164	2015	5e-09	1e-07	-0.0126797119334672
212	164	2015	5e-09	2.5e-07	-0.00381787848279927
212	164	2015	5e-09	5e-07	-0.0155266733427082
212	164	2015	5e-09	1e-06	-0.0260523229074562
212	164	2015	5e-09	2e-06	-0.0284942479089972
212	164	2015	5e-09	4e-06	0
212	164	2015	5e-09	6e-06	-0.0862197450241624
212	164	2015	5e-09	1e-05	-0.0773251446223482
212	164	2015	5e-09	1.4e-05	-0.077234003740725
212	164	2015	7.5e-09	0	-0.0772314579977368
212	164	2015	7.5e-09	1e-07	-0.0772311640510115
212	164	2015	7.5e-09	2.5e-07	0
212	164	2015	7.5e-09	5e-07	-0.134840714948848
212	164	2015	7.5e-09	1e-06	-0.12858662880617
212	164	2015	7.5e-09	2e-06	-0.128522544654095
212	164	2015	7.5e-09	4e-06	-0.128520754658455
212	164	2015	7.5e-09	6e-06	-0.128520547974842
212	164	2015	7.5e-09	1e-05	0
212	164	2015	7.5e-09	1.4e-05	-0.219731387582515
212	164	2015	1e-08	0	-0.218087555655335
212	164	2015	1e-08	1e-07	-0.218070711695594
212	164	2015	1e-08	2.5e-07	-0.218070241210872
212	164	2015	1e-08	5e-07	-0.218070186885889
212	164	2015	1e-08	1e-06	0
212	164	2015	1e-08	2e-06	-0.282163115553507
212	164	2015	1e-08	4e-06	-0.283909834415118
212	164	2015	1e-08	6e-06	-0.283927732633116
212	164	2015	1e-08	1e-05	-0.283928232565333
212	164	2015	1e-08	1.4e-05	-0.283928290290499
213	164	2015	0	0	0
213	164	2015	0	1e-07	0
213	164	2015	0	2.5e-07	0
213	164	2015	0	5e-07	0
213	164	2015	0	1e-06	0
213	164	2015	0	2e-06	0
213	164	2015	0	4e-06	0
213	164	2015	0	6e-06	-6.54464841430524e-05
213	164	2015	0	1e-05	-0.00177504405433311
213	164	2015	0	1.4e-05	-0.0216123720158843
213	164	2015	1e-09	0	-0.0832728955105549
213	164	2015	1e-09	1e-07	-0.182316732494013
213	164	2015	1e-09	2.5e-07	0
213	164	2015	1e-09	5e-07	-9.73293772828754e-05
213	164	2015	1e-09	1e-06	-0.00180670886271486
213	164	2015	1e-09	2e-06	-0.0216415062761739
213	164	2015	1e-09	4e-06	-0.0832941640481828
213	164	2015	1e-09	6e-06	-0.182325366507817
213	164	2015	1e-09	1e-05	0
213	164	2015	1e-09	1.4e-05	-0.000257984471976727
213	164	2015	2.5e-09	0	-0.00196626504749133
213	164	2015	2.5e-09	1e-07	-0.0217883112516544
213	164	2015	2.5e-09	2.5e-07	-0.0834013343388968
213	164	2015	2.5e-09	5e-07	-0.182368872544087
213	164	2015	2.5e-09	1e-06	0
213	164	2015	2.5e-09	2e-06	-0.00114184104281051
213	164	2015	2.5e-09	4e-06	-0.00284407587945211
213	164	2015	2.5e-09	6e-06	-0.0225959703082007
213	164	2015	2.5e-09	1e-05	-0.0839909400767435
213	164	2015	2.5e-09	1.4e-05	-0.182608224405921
213	164	2015	5e-09	0	0
213	164	2015	5e-09	1e-07	-0.00595903414727857
213	164	2015	5e-09	2.5e-07	-0.00762831851144369
213	164	2015	5e-09	5e-07	-0.0269978718908128
213	164	2015	5e-09	1e-06	-0.0872044079497383
213	164	2015	5e-09	2e-06	-0.183912739387668
213	164	2015	5e-09	4e-06	0
213	164	2015	5e-09	6e-06	-0.0309306367086165
213	164	2015	5e-09	1e-05	-0.0324291107928023
213	164	2015	5e-09	1.4e-05	-0.0498166658339407
213	164	2015	7.5e-09	0	-0.103862540772693
213	164	2015	7.5e-09	1e-07	-0.190675148316072
213	164	2015	7.5e-09	2.5e-07	0
213	164	2015	7.5e-09	5e-07	-0.0758328923347076
213	164	2015	7.5e-09	1e-06	-0.07702422686562
213	164	2015	7.5e-09	2e-06	-0.0908478858446176
213	164	2015	7.5e-09	4e-06	-0.133816074448893
213	164	2015	7.5e-09	6e-06	-0.202834857073469
213	164	2015	7.5e-09	1e-05	0
213	164	2015	7.5e-09	1.4e-05	-0.193012564926411
213	164	2015	1e-08	0	-0.193402369293845
213	164	2015	1e-08	1e-07	-0.197925467134219
213	164	2015	1e-08	2.5e-07	-0.21198464794706
213	164	2015	1e-08	5e-07	-0.234567576758365
213	164	2015	1e-08	1e-06	0
213	164	2015	1e-08	2e-06	-0.295055336597187
213	164	2015	1e-08	4e-06	-0.294747149942373
213	164	2015	1e-08	6e-06	-0.291171103829806
213	164	2015	1e-08	1e-05	-0.280055651397436
213	164	2015	1e-08	1.4e-05	-0.262201163690983
39	164	2015	0	0	0
39	164	2015	0	1e-07	0
39	164	2015	0	2.5e-07	0
39	164	2015	0	5e-07	0
39	164	2015	0	1e-06	0
39	164	2015	0	2e-06	0
39	164	2015	0	4e-06	0
39	164	2015	0	6e-06	-1.4210854715202e-16
39	164	2015	0	1e-05	-1.4210854715202e-16
39	164	2015	0	1.4e-05	-1.4210854715202e-16
39	164	2015	1e-09	0	-1.4210854715202e-16
39	164	2015	1e-09	1e-07	-1.4210854715202e-16
39	164	2015	1e-09	2.5e-07	0
39	164	2015	1e-09	5e-07	0
39	164	2015	1e-09	1e-06	0
39	164	2015	1e-09	2e-06	0
39	164	2015	1e-09	4e-06	0
39	164	2015	1e-09	6e-06	0
39	164	2015	1e-09	1e-05	0
39	164	2015	1e-09	1.4e-05	0
39	164	2015	2.5e-09	0	0
39	164	2015	2.5e-09	1e-07	0
39	164	2015	2.5e-09	2.5e-07	0
39	164	2015	2.5e-09	5e-07	0
39	164	2015	2.5e-09	1e-06	0
39	164	2015	2.5e-09	2e-06	-0.00474752951264492
39	164	2015	2.5e-09	4e-06	-0.0236811310813627
39	164	2015	2.5e-09	6e-06	-0.061249213439263
39	164	2015	2.5e-09	1e-05	-0.0650366896630804
39	164	2015	2.5e-09	1.4e-05	-0.0651846583072947
39	164	2015	5e-09	0	0
39	164	2015	5e-09	1e-07	-0.147863616496219
39	164	2015	5e-09	2.5e-07	-0.147863616496219
39	164	2015	5e-09	5e-07	-0.147863616496219
39	164	2015	5e-09	1e-06	-0.147863616496219
39	164	2015	5e-09	2e-06	-0.147863616496219
39	164	2015	5e-09	4e-06	0
39	164	2015	5e-09	6e-06	-0.270223359466162
39	164	2015	5e-09	1e-05	-0.270223359466162
39	164	2015	5e-09	1.4e-05	-0.270223359466162
39	164	2015	7.5e-09	0	-0.270223359466162
39	164	2015	7.5e-09	1e-07	-0.270223359466162
39	164	2015	7.5e-09	2.5e-07	0
39	164	2015	7.5e-09	5e-07	-0.341173218155535
39	164	2015	7.5e-09	1e-06	-0.341173218155535
39	164	2015	7.5e-09	2e-06	-0.341173218155535
39	164	2015	7.5e-09	4e-06	-0.341173218155535
39	164	2015	7.5e-09	6e-06	-0.341173218155535
39	164	2015	7.5e-09	1e-05	0
39	164	2015	7.5e-09	1.4e-05	-0.410530646368255
39	164	2015	1e-08	0	-0.410530646368255
39	164	2015	1e-08	1e-07	-0.410530646368255
39	164	2015	1e-08	2.5e-07	-0.410530646368255
39	164	2015	1e-08	5e-07	-0.410530646368255
39	164	2015	1e-08	1e-06	0
39	164	2015	1e-08	2e-06	-0.441620218653904
39	164	2015	1e-08	4e-06	-0.441620218653904
39	164	2015	1e-08	6e-06	-0.441620218653904
39	164	2015	1e-08	1e-05	-0.441620218653904
39	164	2015	1e-08	1.4e-05	-0.441620218653904
