name	drugA	drugB	concA	concB	experiments
197	164	2015	0	0	1
197	164	2015	0	1e-07	1.014807272
197	164	2015	0	2.5e-07	0.94553393
197	164	2015	0	5e-07	0.936742768
197	164	2015	0	1e-06	0.508478948
197	164	2015	0	2e-06	0.410126079
197	164	2015	0	4e-06	0.990143972
197	164	2015	0	6e-06	0.958788906
197	164	2015	0	1e-05	0.977188399
197	164	2015	0	1.4e-05	0.922745318
197	164	2015	1e-09	0	0.681208146
197	164	2015	1e-09	1e-07	0.413464993
197	164	2015	1e-09	2.5e-07	0.971054824
197	164	2015	1e-09	5e-07	0.991424334
197	164	2015	1e-09	1e-06	0.967723005
197	164	2015	1e-09	2e-06	0.905234748
197	164	2015	1e-09	4e-06	0.561940993
197	164	2015	1e-09	6e-06	0.276162228
197	164	2015	1e-09	1e-05	1.001028872
197	164	2015	1e-09	1.4e-05	0.990581932
197	164	2015	2.5e-09	0	0.96139078
197	164	2015	2.5e-09	1e-07	0.877820688
197	164	2015	2.5e-09	2.5e-07	0.570074519
197	164	2015	2.5e-09	5e-07	0.252555657
197	164	2015	2.5e-09	1e-06	0.979504988
197	164	2015	2.5e-09	2e-06	0.984132035
197	164	2015	2.5e-09	4e-06	0.945839013
197	164	2015	2.5e-09	6e-06	0.826338407
197	164	2015	2.5e-09	1e-05	0.455664092
197	164	2015	2.5e-09	1.4e-05	0.221272528
197	164	2015	5e-09	0	0.981485688
197	164	2015	5e-09	1e-07	0.96000479
197	164	2015	5e-09	2.5e-07	0.90558269
197	164	2015	5e-09	5e-07	0.644176889
197	164	2015	5e-09	1e-06	0.324309387
197	164	2015	5e-09	2e-06	0.202849958
197	164	2015	5e-09	4e-06	0.832707525
197	164	2015	5e-09	6e-06	0.796431565
197	164	2015	5e-09	1e-05	0.572883538
197	164	2015	5e-09	1.4e-05	0.266610171
197	164	2015	7.5e-09	0	0.165407769
197	164	2015	7.5e-09	1e-07	0.145748145
197	164	2015	7.5e-09	2.5e-07	0.669780781
197	164	2015	7.5e-09	5e-07	0.609049831
197	164	2015	7.5e-09	1e-06	0.375284397
197	164	2015	7.5e-09	2e-06	0.175050432
197	164	2015	7.5e-09	4e-06	0.128506029
197	164	2015	7.5e-09	6e-06	0.126783527
197	164	2015	7.5e-09	1e-05	0.386254986
197	164	2015	7.5e-09	1.4e-05	0.29665724
197	164	2015	1e-08	0	0.156609526
197	164	2015	1e-08	1e-07	0.11996441
197	164	2015	1e-08	2.5e-07	0.1215554
197	164	2015	1e-08	5e-07	0.123274044
197	164	2015	1e-08	1e-06	0.319332188
197	164	2015	1e-08	2e-06	0.203936885
197	164	2015	1e-08	4e-06	0.131854728
197	164	2015	1e-08	6e-06	0.121788752
197	164	2015	1e-08	1e-05	0.113395426
197	164	2015	1e-08	1.4e-05	0.114154915
5	164	2015	0	0	1
5	164	2015	0	1e-07	1.018789086
5	164	2015	0	2.5e-07	0.981174706
5	164	2015	0	5e-07	0.96928096
5	164	2015	0	1e-06	0.761178151
5	164	2015	0	2e-06	0.542649011
5	164	2015	0	4e-06	0.967477533
5	164	2015	0	6e-06	0.981818522
5	164	2015	0	1e-05	0.949325556
5	164	2015	0	1.4e-05	0.943707526
5	164	2015	1e-09	0	0.663134112
5	164	2015	1e-09	1e-07	0.554072371
5	164	2015	1e-09	2.5e-07	0.941155575
5	164	2015	1e-09	5e-07	0.946606417
5	164	2015	1e-09	1e-06	0.943165353
5	164	2015	1e-09	2e-06	0.958112491
5	164	2015	1e-09	4e-06	0.742089746
5	164	2015	1e-09	6e-06	0.559133139
5	164	2015	1e-09	1e-05	0.977082299
5	164	2015	1e-09	1.4e-05	0.937690601
5	164	2015	2.5e-09	0	0.943951936
5	164	2015	2.5e-09	1e-07	0.914995795
5	164	2015	2.5e-09	2.5e-07	0.628443481
5	164	2015	2.5e-09	5e-07	0.544864784
5	164	2015	2.5e-09	1e-06	0.921628013
5	164	2015	2.5e-09	2e-06	0.919392914
5	164	2015	2.5e-09	4e-06	0.932472822
5	164	2015	2.5e-09	6e-06	0.916829617
5	164	2015	2.5e-09	1e-05	0.645018794
5	164	2015	2.5e-09	1.4e-05	0.53564785
5	164	2015	5e-09	0	0.925030614
5	164	2015	5e-09	1e-07	0.897387058
5	164	2015	5e-09	2.5e-07	0.876048122
5	164	2015	5e-09	5e-07	0.727492826
5	164	2015	5e-09	1e-06	0.549510642
5	164	2015	5e-09	2e-06	0.513925897
5	164	2015	5e-09	4e-06	0.716069809
5	164	2015	5e-09	6e-06	0.699982239
5	164	2015	5e-09	1e-05	0.605900649
5	164	2015	5e-09	1.4e-05	0.525141589
5	164	2015	7.5e-09	0	0.488232135
5	164	2015	7.5e-09	1e-07	0.440440469
5	164	2015	7.5e-09	2.5e-07	0.58229339
5	164	2015	7.5e-09	5e-07	0.575806014
5	164	2015	7.5e-09	1e-06	0.502350973
5	164	2015	7.5e-09	2e-06	0.484889275
5	164	2015	7.5e-09	4e-06	0.459949335
5	164	2015	7.5e-09	6e-06	0.438273168
5	164	2015	7.5e-09	1e-05	0.517242024
5	164	2015	7.5e-09	1.4e-05	0.482710408
5	164	2015	1e-08	0	0.463940847
5	164	2015	1e-08	1e-07	0.453106743
5	164	2015	1e-08	2.5e-07	0.421613992
5	164	2015	1e-08	5e-07	0.40875979
5	164	2015	1e-08	1e-06	0.475840601
5	164	2015	1e-08	2e-06	0.479691896
5	164	2015	1e-08	4e-06	0.461678679
5	164	2015	1e-08	6e-06	0.450423923
5	164	2015	1e-08	1e-05	0.428101032
5	164	2015	1e-08	1.4e-05	0.420580159
198	164	2015	0	0	1
198	164	2015	0	1e-07	1.011593267
198	164	2015	0	2.5e-07	0.965104661
198	164	2015	0	5e-07	0.552773035
198	164	2015	0	1e-06	0.090030269
198	164	2015	0	2e-06	0.035834829
198	164	2015	0	4e-06	1.030139758
198	164	2015	0	6e-06	1.047581104
198	164	2015	0	1e-05	1.002608186
198	164	2015	0	1.4e-05	0.669250924
198	164	2015	1e-09	0	0.114247771
198	164	2015	1e-09	1e-07	0.027154873
198	164	2015	1e-09	2.5e-07	1.027319294
198	164	2015	1e-09	5e-07	1.043190601
198	164	2015	1e-09	1e-06	1.014033954
198	164	2015	1e-09	2e-06	0.490281269
198	164	2015	1e-09	4e-06	0.052319252
198	164	2015	1e-09	6e-06	0.027241173
198	164	2015	1e-09	1e-05	1.013735534
198	164	2015	1e-09	1.4e-05	1.003242286
198	164	2015	2.5e-09	0	0.925989735
198	164	2015	2.5e-09	1e-07	0.342916622
198	164	2015	2.5e-09	2.5e-07	0.033608618
198	164	2015	2.5e-09	5e-07	0.023291442
198	164	2015	2.5e-09	1e-06	0.970592106
198	164	2015	2.5e-09	2e-06	0.995583483
198	164	2015	2.5e-09	4e-06	0.801885551
198	164	2015	2.5e-09	6e-06	0.112477076
198	164	2015	2.5e-09	1e-05	0.028737901
198	164	2015	2.5e-09	1.4e-05	0.025972472
198	164	2015	5e-09	0	0.927452096
198	164	2015	5e-09	1e-07	0.920299222
198	164	2015	5e-09	2.5e-07	0.324826819
198	164	2015	5e-09	5e-07	0.029267059
198	164	2015	5e-09	1e-06	0.023267504
198	164	2015	5e-09	2e-06	0.022462531
198	164	2015	5e-09	4e-06	0.395200479
198	164	2015	5e-09	6e-06	0.327602503
198	164	2015	5e-09	1e-05	0.03442737
198	164	2015	5e-09	1.4e-05	0.028925568
198	164	2015	7.5e-09	0	0.019585322
198	164	2015	7.5e-09	1e-07	0.023613483
198	164	2015	7.5e-09	2.5e-07	0.153236902
198	164	2015	7.5e-09	5e-07	0.102143806
198	164	2015	7.5e-09	1e-06	0.023162605
198	164	2015	7.5e-09	2e-06	0.023019035
198	164	2015	7.5e-09	4e-06	0.020263315
198	164	2015	7.5e-09	6e-06	0.025553561
198	164	2015	7.5e-09	1e-05	0.061949029
198	164	2015	7.5e-09	1.4e-05	0.033213645
198	164	2015	1e-08	0	0.026187911
198	164	2015	1e-08	1e-07	0.028773794
198	164	2015	1e-08	2.5e-07	0.02706164
198	164	2015	1e-08	5e-07	0.030544489
198	164	2015	1e-08	1e-06	0.036792512
198	164	2015	1e-08	2e-06	0.036741921
198	164	2015	1e-08	4e-06	0.027146669
198	164	2015	1e-08	6e-06	0.02647189
198	164	2015	1e-08	1e-05	0.026714542
198	164	2015	1e-08	1.4e-05	0.026991135
94	164	2015	0	0	1
94	164	2015	0	1e-07	1.013344299
94	164	2015	0	2.5e-07	0.979930493
94	164	2015	0	5e-07	1.053655754
94	164	2015	0	1e-06	0.981363082
94	164	2015	0	2e-06	0.800392635
94	164	2015	0	4e-06	0.975011754
94	164	2015	0	6e-06	1.046705046
94	164	2015	0	1e-05	1.03378832
94	164	2015	0	1.4e-05	1.052486574
94	164	2015	1e-09	0	0.987080172
94	164	2015	1e-09	1e-07	0.986196576
94	164	2015	1e-09	2.5e-07	1.051904812
94	164	2015	1e-09	5e-07	0.998501088
94	164	2015	1e-09	1e-06	1.037997874
94	164	2015	1e-09	2e-06	1.001087706
94	164	2015	1e-09	4e-06	1.006419221
94	164	2015	1e-09	6e-06	0.892911469
94	164	2015	1e-09	1e-05	0.978938241
94	164	2015	1e-09	1.4e-05	1.022795928
94	164	2015	2.5e-09	0	1.010664827
94	164	2015	2.5e-09	1e-07	1.018876013
94	164	2015	2.5e-09	2.5e-07	0.990781026
94	164	2015	2.5e-09	5e-07	0.744951331
94	164	2015	2.5e-09	1e-06	1.010349071
94	164	2015	2.5e-09	2e-06	1.033175041
94	164	2015	2.5e-09	4e-06	1.054478166
94	164	2015	2.5e-09	6e-06	1.015015652
94	164	2015	2.5e-09	1e-05	0.766090094
94	164	2015	2.5e-09	1.4e-05	0.586751207
94	164	2015	5e-09	0	1.018754196
94	164	2015	5e-09	1e-07	1.064947416
94	164	2015	5e-09	2.5e-07	1.007915641
94	164	2015	5e-09	5e-07	0.713344708
94	164	2015	5e-09	1e-06	0.52202674
94	164	2015	5e-09	2e-06	0.381754867
94	164	2015	5e-09	4e-06	0.702548109
94	164	2015	5e-09	6e-06	0.699205639
94	164	2015	5e-09	1e-05	0.576499217
94	164	2015	5e-09	1.4e-05	0.369447863
94	164	2015	7.5e-09	0	0.281259507
94	164	2015	7.5e-09	1e-07	0.276767733
94	164	2015	7.5e-09	2.5e-07	0.40159991
94	164	2015	7.5e-09	5e-07	0.402900537
94	164	2015	7.5e-09	1e-06	0.355322779
94	164	2015	7.5e-09	2e-06	0.25272712
94	164	2015	7.5e-09	4e-06	0.231819199
94	164	2015	7.5e-09	6e-06	0.242439115
94	164	2015	7.5e-09	1e-05	0.225483889
94	164	2015	7.5e-09	1.4e-05	0.268404565
94	164	2015	1e-08	0	0.244741553
94	164	2015	1e-08	1e-07	0.200799955
94	164	2015	1e-08	2.5e-07	0.199766541
94	164	2015	1e-08	5e-07	0.172829492
94	164	2015	1e-08	1e-06	0.210590545
94	164	2015	1e-08	2e-06	0.230532558
94	164	2015	1e-08	4e-06	0.231840611
94	164	2015	1e-08	6e-06	0.186820184
94	164	2015	1e-08	1e-05	0.190786332
94	164	2015	1e-08	1.4e-05	0.188534907
199	164	2015	0	0	1
199	164	2015	0	1e-07	0.987858071
199	164	2015	0	2.5e-07	0.957323545
199	164	2015	0	5e-07	0.801340172
199	164	2015	0	1e-06	0.142683988
199	164	2015	0	2e-06	0.058679112
199	164	2015	0	4e-06	1.022306489
199	164	2015	0	6e-06	1.001377444
199	164	2015	0	1e-05	1.072421141
199	164	2015	0	1.4e-05	0.761862539
199	164	2015	1e-09	0	0.160358535
199	164	2015	1e-09	1e-07	0.044572466
199	164	2015	1e-09	2.5e-07	1.015800092
199	164	2015	1e-09	5e-07	0.991284106
199	164	2015	1e-09	1e-06	1.006028343
199	164	2015	1e-09	2e-06	0.530721051
199	164	2015	1e-09	4e-06	0.059335424
199	164	2015	1e-09	6e-06	0.029589185
199	164	2015	1e-09	1e-05	0.998321784
199	164	2015	1e-09	1.4e-05	0.987811669
199	164	2015	2.5e-09	0	0.849378209
199	164	2015	2.5e-09	1e-07	0.232727835
199	164	2015	2.5e-09	2.5e-07	0.044888468
199	164	2015	2.5e-09	5e-07	0.033512401
199	164	2015	2.5e-09	1e-06	0.992812984
199	164	2015	2.5e-09	2e-06	0.865472066
199	164	2015	2.5e-09	4e-06	0.451626549
199	164	2015	2.5e-09	6e-06	0.074104436
199	164	2015	2.5e-09	1e-05	0.038819612
199	164	2015	2.5e-09	1.4e-05	0.032118109
199	164	2015	5e-09	0	0.693590299
199	164	2015	5e-09	1e-07	0.517027638
199	164	2015	5e-09	2.5e-07	0.162276496
199	164	2015	5e-09	5e-07	0.039403
199	164	2015	5e-09	1e-06	0.027029326
199	164	2015	5e-09	2e-06	0.02795401
199	164	2015	5e-09	4e-06	0.32920629
199	164	2015	5e-09	6e-06	0.141211594
199	164	2015	5e-09	1e-05	0.039127511
199	164	2015	5e-09	1.4e-05	0.028877684
199	164	2015	7.5e-09	0	0.028846749
199	164	2015	7.5e-09	1e-07	0.027078928
199	164	2015	7.5e-09	2.5e-07	0.13647683
199	164	2015	7.5e-09	5e-07	0.061588397
199	164	2015	7.5e-09	1e-06	0.027392811
199	164	2015	7.5e-09	2e-06	0.025791932
199	164	2015	7.5e-09	4e-06	0.03010681
199	164	2015	7.5e-09	6e-06	0.032993834
199	164	2015	7.5e-09	1e-05	0.044830756
199	164	2015	7.5e-09	1.4e-05	0.044037693
199	164	2015	1e-08	0	0.030247049
199	164	2015	1e-08	1e-07	0.032558931
199	164	2015	1e-08	2.5e-07	0.034223007
199	164	2015	1e-08	5e-07	0.03146244
199	164	2015	1e-08	1e-06	0.038698072
199	164	2015	1e-08	2e-06	0.037224739
199	164	2015	1e-08	4e-06	0.031335161
199	164	2015	1e-08	6e-06	0.036843408
199	164	2015	1e-08	1e-05	0.037672152
199	164	2015	1e-08	1.4e-05	0.040694797
200	164	2015	0	0	1
200	164	2015	0	1e-07	0.993383291
200	164	2015	0	2.5e-07	0.94387894
200	164	2015	0	5e-07	0.818006061
200	164	2015	0	1e-06	0.261756846
200	164	2015	0	2e-06	0.125572309
200	164	2015	0	4e-06	0.952568185
200	164	2015	0	6e-06	0.933733046
200	164	2015	0	1e-05	1.025631446
200	164	2015	0	1.4e-05	0.753162417
200	164	2015	1e-09	0	0.162587169
200	164	2015	1e-09	1e-07	0.088233375
200	164	2015	1e-09	2.5e-07	0.994213921
200	164	2015	1e-09	5e-07	0.92358603
200	164	2015	1e-09	1e-06	0.883899396
200	164	2015	1e-09	2e-06	0.693952631
200	164	2015	1e-09	4e-06	0.150327509
200	164	2015	1e-09	6e-06	0.074053647
200	164	2015	1e-09	1e-05	0.903179319
200	164	2015	1e-09	1.4e-05	0.878360347
200	164	2015	2.5e-09	0	0.878182433
200	164	2015	2.5e-09	1e-07	0.490586008
200	164	2015	2.5e-09	2.5e-07	0.089567495
200	164	2015	2.5e-09	5e-07	0.071212957
200	164	2015	2.5e-09	1e-06	0.90293024
200	164	2015	2.5e-09	2e-06	0.91736369
200	164	2015	2.5e-09	4e-06	0.767033762
200	164	2015	2.5e-09	6e-06	0.243292958
200	164	2015	2.5e-09	1e-05	0.079134385
200	164	2015	2.5e-09	1.4e-05	0.067168384
200	164	2015	5e-09	0	0.787387099
200	164	2015	5e-09	1e-07	0.775223727
200	164	2015	5e-09	2.5e-07	0.45412537
200	164	2015	5e-09	5e-07	0.098210344
200	164	2015	5e-09	1e-06	0.063444055
200	164	2015	5e-09	2e-06	0.064763909
200	164	2015	5e-09	4e-06	0.190638627
200	164	2015	5e-09	6e-06	0.135817926
200	164	2015	5e-09	1e-05	0.088648508
200	164	2015	5e-09	1.4e-05	0.059967971
200	164	2015	7.5e-09	0	0.057335682
200	164	2015	7.5e-09	1e-07	0.061564422
200	164	2015	7.5e-09	2.5e-07	0.086300331
200	164	2015	7.5e-09	5e-07	0.077301786
200	164	2015	7.5e-09	1e-06	0.073377575
200	164	2015	7.5e-09	2e-06	0.056991998
200	164	2015	7.5e-09	4e-06	0.062767983
200	164	2015	7.5e-09	6e-06	0.057294169
200	164	2015	7.5e-09	1e-05	0.070044656
200	164	2015	7.5e-09	1.4e-05	0.057151782
200	164	2015	1e-08	0	0.05511769
200	164	2015	1e-08	1e-07	0.052122808
200	164	2015	1e-08	2.5e-07	0.057839771
200	164	2015	1e-08	5e-07	0.051162074
200	164	2015	1e-08	1e-06	0.059802753
200	164	2015	1e-08	2e-06	0.051385535
200	164	2015	1e-08	4e-06	0.039753881
200	164	2015	1e-08	6e-06	0.040147818
200	164	2015	1e-08	1e-05	0.039788587
200	164	2015	1e-08	1.4e-05	0.045028699
201	164	2015	0	0	1
201	164	2015	0	1e-07	1.035915467
201	164	2015	0	2.5e-07	1.059182976
201	164	2015	0	5e-07	0.949981726
201	164	2015	0	1e-06	0.563351937
201	164	2015	0	2e-06	0.503390621
201	164	2015	0	4e-06	0.996227275
201	164	2015	0	6e-06	1.047484626
201	164	2015	0	1e-05	1.10404588
201	164	2015	0	1.4e-05	1.038054495
201	164	2015	1e-09	0	0.747502702
201	164	2015	1e-09	1e-07	0.562287385
201	164	2015	1e-09	2.5e-07	1.029186879
201	164	2015	1e-09	5e-07	1.109698266
201	164	2015	1e-09	1e-06	1.025102066
201	164	2015	1e-09	2e-06	1.046994098
201	164	2015	1e-09	4e-06	0.745188369
201	164	2015	1e-09	6e-06	0.573540743
201	164	2015	1e-09	1e-05	0.978239603
201	164	2015	1e-09	1.4e-05	0.970737845
201	164	2015	2.5e-09	0	0.958043687
201	164	2015	2.5e-09	1e-07	0.952703872
201	164	2015	2.5e-09	2.5e-07	0.60622031
201	164	2015	2.5e-09	5e-07	0.580248508
201	164	2015	2.5e-09	1e-06	0.918325232
201	164	2015	2.5e-09	2e-06	0.994003076
201	164	2015	2.5e-09	4e-06	0.929219435
201	164	2015	2.5e-09	6e-06	0.801178291
201	164	2015	2.5e-09	1e-05	0.626367576
201	164	2015	2.5e-09	1.4e-05	0.499377629
201	164	2015	5e-09	0	0.833280173
201	164	2015	5e-09	1e-07	0.864565887
201	164	2015	5e-09	2.5e-07	0.871926927
201	164	2015	5e-09	5e-07	0.56675403
201	164	2015	5e-09	1e-06	0.480578013
201	164	2015	5e-09	2e-06	0.449702937
201	164	2015	5e-09	4e-06	0.782581657
201	164	2015	5e-09	6e-06	0.795789733
201	164	2015	5e-09	1e-05	0.785442843
201	164	2015	5e-09	1.4e-05	0.512776405
201	164	2015	7.5e-09	0	0.466072761
201	164	2015	7.5e-09	1e-07	0.454640082
201	164	2015	7.5e-09	2.5e-07	0.721442975
201	164	2015	7.5e-09	5e-07	0.7426042
201	164	2015	7.5e-09	1e-06	0.686493072
201	164	2015	7.5e-09	2e-06	0.490202593
201	164	2015	7.5e-09	4e-06	0.436491267
201	164	2015	7.5e-09	6e-06	0.436994309
201	164	2015	7.5e-09	1e-05	0.631182134
201	164	2015	7.5e-09	1.4e-05	0.643825295
201	164	2015	1e-08	0	0.574217423
201	164	2015	1e-08	1e-07	0.436623668
201	164	2015	1e-08	2.5e-07	0.453234694
201	164	2015	1e-08	5e-07	0.422334247
201	164	2015	1e-08	1e-06	0.529388237
201	164	2015	1e-08	2e-06	0.520260924
201	164	2015	1e-08	4e-06	0.420806912
201	164	2015	1e-08	6e-06	0.387733198
201	164	2015	1e-08	1e-05	0.382692727
201	164	2015	1e-08	1.4e-05	0.3841791
202	164	2015	0	0	1
202	164	2015	0	1e-07	0.973143097
202	164	2015	0	2.5e-07	1.078052875
202	164	2015	0	5e-07	0.949923066
202	164	2015	0	1e-06	0.928241712
202	164	2015	0	2e-06	0.934424395
202	164	2015	0	4e-06	0.96877885
202	164	2015	0	6e-06	1.008029095
202	164	2015	0	1e-05	1.007245769
202	164	2015	0	1.4e-05	1.007749336
202	164	2015	1e-09	0	0.982878724
202	164	2015	1e-09	1e-07	0.88980277
202	164	2015	1e-09	2.5e-07	0.971212757
202	164	2015	1e-09	5e-07	1.010714785
202	164	2015	1e-09	1e-06	0.948524269
202	164	2015	1e-09	2e-06	0.961924745
202	164	2015	1e-09	4e-06	0.943544552
202	164	2015	1e-09	6e-06	0.996614911
202	164	2015	1e-09	1e-05	0.976779969
202	164	2015	1e-09	1.4e-05	1.003636872
202	164	2015	2.5e-09	0	1.049517415
202	164	2015	2.5e-09	1e-07	0.953643866
202	164	2015	2.5e-09	2.5e-07	0.921667366
202	164	2015	2.5e-09	5e-07	0.83880263
202	164	2015	2.5e-09	1e-06	0.924520912
202	164	2015	2.5e-09	2e-06	0.974681774
202	164	2015	2.5e-09	4e-06	0.910980557
202	164	2015	2.5e-09	6e-06	0.913246608
202	164	2015	2.5e-09	1e-05	0.926982795
202	164	2015	2.5e-09	1.4e-05	0.808868373
202	164	2015	5e-09	0	0.813120716
202	164	2015	5e-09	1e-07	0.801007134
202	164	2015	5e-09	2.5e-07	0.896908659
202	164	2015	5e-09	5e-07	0.747796895
202	164	2015	5e-09	1e-06	0.741334452
202	164	2015	5e-09	2e-06	0.748216534
202	164	2015	5e-09	4e-06	0.672938694
202	164	2015	5e-09	6e-06	0.756494861
202	164	2015	5e-09	1e-05	0.746286194
202	164	2015	5e-09	1.4e-05	0.685818021
202	164	2015	7.5e-09	0	0.645432928
202	164	2015	7.5e-09	1e-07	0.625174791
202	164	2015	7.5e-09	2.5e-07	0.655849946
202	164	2015	7.5e-09	5e-07	0.650050291
202	164	2015	7.5e-09	1e-06	0.626353336
202	164	2015	7.5e-09	2e-06	0.610774477
202	164	2015	7.5e-09	4e-06	0.606910057
202	164	2015	7.5e-09	6e-06	0.562887913
202	164	2015	7.5e-09	1e-05	0.732787721
202	164	2015	7.5e-09	1.4e-05	0.606064323
202	164	2015	1e-08	0	0.601538677
202	164	2015	1e-08	1e-07	0.606490032
202	164	2015	1e-08	2.5e-07	0.532934279
202	164	2015	1e-08	5e-07	0.549199029
202	164	2015	1e-08	1e-06	0.59882501
202	164	2015	1e-08	2e-06	0.508721144
202	164	2015	1e-08	4e-06	0.508470798
202	164	2015	1e-08	6e-06	0.532227247
202	164	2015	1e-08	1e-05	0.52356973
202	164	2015	1e-08	1.4e-05	0.54631417
203	164	2015	0	0	1
203	164	2015	0	1e-07	1.01139628
203	164	2015	0	2.5e-07	1.038539766
203	164	2015	0	5e-07	0.997916646
203	164	2015	0	1e-06	0.984147952
203	164	2015	0	2e-06	1.001803275
203	164	2015	0	4e-06	1.003419035
203	164	2015	0	6e-06	1.006657441
203	164	2015	0	1e-05	0.991406164
203	164	2015	0	1.4e-05	0.972741188
203	164	2015	1e-09	0	1.002568619
203	164	2015	1e-09	1e-07	0.924027685
203	164	2015	1e-09	2.5e-07	0.986418133
203	164	2015	1e-09	5e-07	0.97153551
203	164	2015	1e-09	1e-06	0.947191294
203	164	2015	1e-09	2e-06	0.941970183
203	164	2015	1e-09	4e-06	0.940634421
203	164	2015	1e-09	6e-06	0.9491728
203	164	2015	1e-09	1e-05	0.996309576
203	164	2015	1e-09	1.4e-05	0.9372018
203	164	2015	2.5e-09	0	0.946771928
203	164	2015	2.5e-09	1e-07	0.918265501
203	164	2015	2.5e-09	2.5e-07	0.899729509
203	164	2015	2.5e-09	5e-07	0.876832107
203	164	2015	2.5e-09	1e-06	0.917416284
203	164	2015	2.5e-09	2e-06	0.913841186
203	164	2015	2.5e-09	4e-06	0.905328049
203	164	2015	2.5e-09	6e-06	0.866295527
203	164	2015	2.5e-09	1e-05	0.817774842
203	164	2015	2.5e-09	1.4e-05	0.737287958
203	164	2015	5e-09	0	0.870260194
203	164	2015	5e-09	1e-07	0.833637374
203	164	2015	5e-09	2.5e-07	0.802171496
203	164	2015	5e-09	5e-07	0.697142399
203	164	2015	5e-09	1e-06	0.584601208
203	164	2015	5e-09	2e-06	0.415938018
203	164	2015	5e-09	4e-06	0.542783882
203	164	2015	5e-09	6e-06	0.500796282
203	164	2015	5e-09	1e-05	0.358677471
203	164	2015	5e-09	1.4e-05	0.244874248
203	164	2015	7.5e-09	0	0.23266459
203	164	2015	7.5e-09	1e-07	0.204399153
203	164	2015	7.5e-09	2.5e-07	0.437474334
203	164	2015	7.5e-09	5e-07	0.381504222
203	164	2015	7.5e-09	1e-06	0.293346753
203	164	2015	7.5e-09	2e-06	0.225965067
203	164	2015	7.5e-09	4e-06	0.212936313
203	164	2015	7.5e-09	6e-06	0.229394039
203	164	2015	7.5e-09	1e-05	0.387229809
203	164	2015	7.5e-09	1.4e-05	0.34197228
203	164	2015	1e-08	0	0.254324715
203	164	2015	1e-08	1e-07	0.215226515
203	164	2015	1e-08	2.5e-07	0.22549209
203	164	2015	1e-08	5e-07	0.228344971
203	164	2015	1e-08	1e-06	0.377187272
203	164	2015	1e-08	2e-06	0.299102556
203	164	2015	1e-08	4e-06	0.272102996
203	164	2015	1e-08	6e-06	0.251635133
203	164	2015	1e-08	1e-05	0.233885144
203	164	2015	1e-08	1.4e-05	0.239168228
16	164	2015	0	0	1
16	164	2015	0	1e-07	0.995807194
16	164	2015	0	2.5e-07	0.709284818
16	164	2015	0	5e-07	0.037486412
16	164	2015	0	1e-06	0.034134852
16	164	2015	0	2e-06	0.034640318
16	164	2015	0	4e-06	0.962202008
16	164	2015	0	6e-06	0.980734175
16	164	2015	0	1e-05	0.642984107
16	164	2015	0	1.4e-05	0.030596204
16	164	2015	1e-09	0	0.037929593
16	164	2015	1e-09	1e-07	0.03854672
16	164	2015	1e-09	2.5e-07	0.963272516
16	164	2015	1e-09	5e-07	0.911244112
16	164	2015	1e-09	1e-06	0.641070682
16	164	2015	1e-09	2e-06	0.034328201
16	164	2015	1e-09	4e-06	0.035379212
16	164	2015	1e-09	6e-06	0.03770389
16	164	2015	1e-09	1e-05	0.959612008
16	164	2015	1e-09	1.4e-05	0.943208184
16	164	2015	2.5e-09	0	0.337086993
16	164	2015	2.5e-09	1e-07	0.028589257
16	164	2015	2.5e-09	2.5e-07	0.039566196
16	164	2015	2.5e-09	5e-07	0.040454888
16	164	2015	2.5e-09	1e-06	0.962237645
16	164	2015	2.5e-09	2e-06	0.908052513
16	164	2015	2.5e-09	4e-06	0.092566268
16	164	2015	2.5e-09	6e-06	0.030872147
16	164	2015	2.5e-09	1e-05	0.034124927
16	164	2015	2.5e-09	1.4e-05	0.044777991
16	164	2015	5e-09	0	0.923431619
16	164	2015	5e-09	1e-07	0.487442493
16	164	2015	5e-09	2.5e-07	0.032456233
16	164	2015	5e-09	5e-07	0.030955766
16	164	2015	5e-09	1e-06	0.046201575
16	164	2015	5e-09	2e-06	0.043431725
16	164	2015	5e-09	4e-06	0.545683049
16	164	2015	5e-09	6e-06	0.059787608
16	164	2015	5e-09	1e-05	0.030656629
16	164	2015	5e-09	1.4e-05	0.038784012
16	164	2015	7.5e-09	0	0.039627716
16	164	2015	7.5e-09	1e-07	0.048273267
16	164	2015	7.5e-09	2.5e-07	0.202174822
16	164	2015	7.5e-09	5e-07	0.036675307
16	164	2015	7.5e-09	1e-06	0.027587359
16	164	2015	7.5e-09	2e-06	0.036773317
16	164	2015	7.5e-09	4e-06	0.044897532
16	164	2015	7.5e-09	6e-06	0.050430638
16	164	2015	7.5e-09	1e-05	0.084354879
16	164	2015	7.5e-09	1.4e-05	0.031917384
16	164	2015	1e-08	0	0.026030605
16	164	2015	1e-08	1e-07	0.036745061
16	164	2015	1e-08	2.5e-07	0.044760247
16	164	2015	1e-08	5e-07	0.047228029
16	164	2015	1e-08	1e-06	0.058960686
16	164	2015	1e-08	2e-06	0.030540322
16	164	2015	1e-08	4e-06	0.029130071
16	164	2015	1e-08	6e-06	0.030997575
16	164	2015	1e-08	1e-05	0.046412501
16	164	2015	1e-08	1.4e-05	0.043213457
116	164	2015	0	0	1
116	164	2015	0	1e-07	0.960354857
116	164	2015	0	2.5e-07	0.932895996
116	164	2015	0	5e-07	0.898814678
116	164	2015	0	1e-06	0.909937283
116	164	2015	0	2e-06	0.78653365
116	164	2015	0	4e-06	0.972153888
116	164	2015	0	6e-06	0.961947161
116	164	2015	0	1e-05	0.951710915
116	164	2015	0	1.4e-05	0.922513242
116	164	2015	1e-09	0	0.948331329
116	164	2015	1e-09	1e-07	0.826682481
116	164	2015	1e-09	2.5e-07	1.004045754
116	164	2015	1e-09	5e-07	1.028612745
116	164	2015	1e-09	1e-06	0.970217398
116	164	2015	1e-09	2e-06	0.979137556
116	164	2015	1e-09	4e-06	0.907743801
116	164	2015	1e-09	6e-06	0.69967179
116	164	2015	1e-09	1e-05	1.007311604
116	164	2015	1e-09	1.4e-05	1.018501435
116	164	2015	2.5e-09	0	1.005605563
116	164	2015	2.5e-09	1e-07	0.994150717
116	164	2015	2.5e-09	2.5e-07	0.783966464
116	164	2015	2.5e-09	5e-07	0.624394762
116	164	2015	2.5e-09	1e-06	0.959033757
116	164	2015	2.5e-09	2e-06	0.920715457
116	164	2015	2.5e-09	4e-06	0.890992103
116	164	2015	2.5e-09	6e-06	0.797533552
116	164	2015	2.5e-09	1e-05	0.613861555
116	164	2015	2.5e-09	1.4e-05	0.442172338
116	164	2015	5e-09	0	0.816966172
116	164	2015	5e-09	1e-07	0.785705001
116	164	2015	5e-09	2.5e-07	0.709599324
116	164	2015	5e-09	5e-07	0.475108049
116	164	2015	5e-09	1e-06	0.34098073
116	164	2015	5e-09	2e-06	0.283868976
116	164	2015	5e-09	4e-06	0.464059403
116	164	2015	5e-09	6e-06	0.446819052
116	164	2015	5e-09	1e-05	0.33000205
116	164	2015	5e-09	1.4e-05	0.292675397
116	164	2015	7.5e-09	0	0.244110097
116	164	2015	7.5e-09	1e-07	0.246277238
116	164	2015	7.5e-09	2.5e-07	0.373964189
116	164	2015	7.5e-09	5e-07	0.301676795
116	164	2015	7.5e-09	1e-06	0.25313365
116	164	2015	7.5e-09	2e-06	0.265768693
116	164	2015	7.5e-09	4e-06	0.253192734
116	164	2015	7.5e-09	6e-06	0.231160433
116	164	2015	7.5e-09	1e-05	0.274554617
116	164	2015	7.5e-09	1.4e-05	0.273523985
116	164	2015	1e-08	0	0.250251844
116	164	2015	1e-08	1e-07	0.228560202
116	164	2015	1e-08	2.5e-07	0.261365483
116	164	2015	1e-08	5e-07	0.255671723
116	164	2015	1e-08	1e-06	0.293152932
116	164	2015	1e-08	2e-06	0.287930978
116	164	2015	1e-08	4e-06	0.238468635
116	164	2015	1e-08	6e-06	0.234442531
116	164	2015	1e-08	1e-05	0.239510728
116	164	2015	1e-08	1.4e-05	0.227501025
20	164	2015	0	0	1
20	164	2015	0	1e-07	0.987015482
20	164	2015	0	2.5e-07	1.037722339
20	164	2015	0	5e-07	0.990490827
20	164	2015	0	1e-06	0.833050796
20	164	2015	0	2e-06	0.470724774
20	164	2015	0	4e-06	1.069608534
20	164	2015	0	6e-06	1.051300635
20	164	2015	0	1e-05	1.020668698
20	164	2015	0	1.4e-05	1.031931078
20	164	2015	1e-09	0	0.815072721
20	164	2015	1e-09	1e-07	0.538342505
20	164	2015	1e-09	2.5e-07	1.078684506
20	164	2015	1e-09	5e-07	1.024468439
20	164	2015	1e-09	1e-06	1.020895731
20	164	2015	1e-09	2e-06	0.996318318
20	164	2015	1e-09	4e-06	0.642981496
20	164	2015	1e-09	6e-06	0.409408743
20	164	2015	1e-09	1e-05	1.028311849
20	164	2015	1e-09	1.4e-05	1.032826505
20	164	2015	2.5e-09	0	1.048413878
20	164	2015	2.5e-09	1e-07	1.004366646
20	164	2015	2.5e-09	2.5e-07	0.729650784
20	164	2015	2.5e-09	5e-07	0.455215641
20	164	2015	2.5e-09	1e-06	1.093991495
20	164	2015	2.5e-09	2e-06	1.065452124
20	164	2015	2.5e-09	4e-06	1.041737301
20	164	2015	2.5e-09	6e-06	0.978301124
20	164	2015	2.5e-09	1e-05	0.665658225
20	164	2015	2.5e-09	1.4e-05	0.461361366
20	164	2015	5e-09	0	1.032858602
20	164	2015	5e-09	1e-07	1.008154465
20	164	2015	5e-09	2.5e-07	0.993836337
20	164	2015	5e-09	5e-07	0.66187657
20	164	2015	5e-09	1e-06	0.432726062
20	164	2015	5e-09	2e-06	0.389525758
20	164	2015	5e-09	4e-06	0.964572135
20	164	2015	5e-09	6e-06	0.857105599
20	164	2015	5e-09	1e-05	0.4614565
20	164	2015	5e-09	1.4e-05	0.274113484
20	164	2015	7.5e-09	0	0.233567187
20	164	2015	7.5e-09	1e-07	0.227293916
20	164	2015	7.5e-09	2.5e-07	0.428787523
20	164	2015	7.5e-09	5e-07	0.312999363
20	164	2015	7.5e-09	1e-06	0.225221466
20	164	2015	7.5e-09	2e-06	0.179441706
20	164	2015	7.5e-09	4e-06	0.154013336
20	164	2015	7.5e-09	6e-06	0.125024973
20	164	2015	7.5e-09	1e-05	0.144965038
20	164	2015	7.5e-09	1.4e-05	0.181924559
20	164	2015	1e-08	0	0.14334646
20	164	2015	1e-08	1e-07	0.10944204
20	164	2015	1e-08	2.5e-07	0.106045759
20	164	2015	1e-08	5e-07	0.103077582
20	164	2015	1e-08	1e-06	0.129741196
20	164	2015	1e-08	2e-06	0.16743654
20	164	2015	1e-08	4e-06	0.144146887
20	164	2015	1e-08	6e-06	0.105834181
20	164	2015	1e-08	1e-05	0.090612202
20	164	2015	1e-08	1.4e-05	0.078206365
23	164	2015	0	0	1
23	164	2015	0	1e-07	0.992675731
23	164	2015	0	2.5e-07	0.824430369
23	164	2015	0	5e-07	0.109554561
23	164	2015	0	1e-06	0.089317987
23	164	2015	0	2e-06	0.092134491
23	164	2015	0	4e-06	1.029757852
23	164	2015	0	6e-06	0.996763443
23	164	2015	0	1e-05	0.61604645
23	164	2015	0	1.4e-05	0.103589338
23	164	2015	1e-09	0	0.097289126
23	164	2015	1e-09	1e-07	0.098324015
23	164	2015	1e-09	2.5e-07	1.04215753
23	164	2015	1e-09	5e-07	0.993693564
23	164	2015	1e-09	1e-06	0.65237588
23	164	2015	1e-09	2e-06	0.110143398
23	164	2015	1e-09	4e-06	0.089528014
23	164	2015	1e-09	6e-06	0.096604703
23	164	2015	1e-09	1e-05	0.999894431
23	164	2015	1e-09	1.4e-05	0.981886162
23	164	2015	2.5e-09	0	0.343467933
23	164	2015	2.5e-09	1e-07	0.094809536
23	164	2015	2.5e-09	2.5e-07	0.092615899
23	164	2015	2.5e-09	5e-07	0.088294108
23	164	2015	2.5e-09	1e-06	1.006730008
23	164	2015	2.5e-09	2e-06	0.924129875
23	164	2015	2.5e-09	4e-06	0.161023879
23	164	2015	2.5e-09	6e-06	0.085194984
23	164	2015	2.5e-09	1e-05	0.097570864
23	164	2015	2.5e-09	1.4e-05	0.090806721
23	164	2015	5e-09	0	0.932431038
23	164	2015	5e-09	1e-07	0.641003264
23	164	2015	5e-09	2.5e-07	0.097973275
23	164	2015	5e-09	5e-07	0.088049406
23	164	2015	5e-09	1e-06	0.092627782
23	164	2015	5e-09	2e-06	0.090862201
23	164	2015	5e-09	4e-06	0.511427817
23	164	2015	5e-09	6e-06	0.114832503
23	164	2015	5e-09	1e-05	0.078701254
23	164	2015	5e-09	1.4e-05	0.087380175
23	164	2015	7.5e-09	0	0.087416699
23	164	2015	7.5e-09	1e-07	0.093303624
23	164	2015	7.5e-09	2.5e-07	0.233712421
23	164	2015	7.5e-09	5e-07	0.074399578
23	164	2015	7.5e-09	1e-06	0.083008383
23	164	2015	7.5e-09	2e-06	0.084535303
23	164	2015	7.5e-09	4e-06	0.079889153
23	164	2015	7.5e-09	6e-06	0.088747638
23	164	2015	7.5e-09	1e-05	0.111762157
23	164	2015	7.5e-09	1.4e-05	0.081894959
23	164	2015	1e-08	0	0.097134251
23	164	2015	1e-08	1e-07	0.090362481
23	164	2015	1e-08	2.5e-07	0.08269203
23	164	2015	1e-08	5e-07	0.083022138
23	164	2015	1e-08	1e-06	0.09827571
23	164	2015	1e-08	2e-06	0.089256142
23	164	2015	1e-08	4e-06	0.103062439
23	164	2015	1e-08	6e-06	0.094220111
23	164	2015	1e-08	1e-05	0.083125297
23	164	2015	1e-08	1.4e-05	0.08764817
204	164	2015	0	0	1
204	164	2015	0	1e-07	1.003153983
204	164	2015	0	2.5e-07	0.921159368
204	164	2015	0	5e-07	0.114160941
204	164	2015	0	1e-06	0.068020159
204	164	2015	0	2e-06	0.066873256
204	164	2015	0	4e-06	0.983016366
204	164	2015	0	6e-06	0.971839523
204	164	2015	0	1e-05	0.868976852
204	164	2015	0	1.4e-05	0.133284379
204	164	2015	1e-09	0	0.075984335
204	164	2015	1e-09	1e-07	0.069376666
204	164	2015	1e-09	2.5e-07	0.97879299
204	164	2015	1e-09	5e-07	0.972509432
204	164	2015	1e-09	1e-06	0.850945753
204	164	2015	1e-09	2e-06	0.130956451
204	164	2015	1e-09	4e-06	0.076265403
204	164	2015	1e-09	6e-06	0.073677298
204	164	2015	1e-09	1e-05	0.993321211
204	164	2015	1e-09	1.4e-05	0.982475568
204	164	2015	2.5e-09	0	0.642854384
204	164	2015	2.5e-09	1e-07	0.088845396
204	164	2015	2.5e-09	2.5e-07	0.077029963
204	164	2015	2.5e-09	5e-07	0.067093814
204	164	2015	2.5e-09	1e-06	0.985604471
204	164	2015	2.5e-09	2e-06	0.967320346
204	164	2015	2.5e-09	4e-06	0.469566636
204	164	2015	2.5e-09	6e-06	0.090594294
204	164	2015	2.5e-09	1e-05	0.069415294
204	164	2015	2.5e-09	1.4e-05	0.066917368
204	164	2015	5e-09	0	0.967384726
204	164	2015	5e-09	1e-07	0.861092425
204	164	2015	5e-09	2.5e-07	0.229440016
204	164	2015	5e-09	5e-07	0.07540886
204	164	2015	5e-09	1e-06	0.076291093
204	164	2015	5e-09	2e-06	0.069480383
204	164	2015	5e-09	4e-06	0.607466723
204	164	2015	5e-09	6e-06	0.184025855
204	164	2015	5e-09	1e-05	0.094794175
204	164	2015	5e-09	1.4e-05	0.084484831
204	164	2015	7.5e-09	0	0.074308229
204	164	2015	7.5e-09	1e-07	0.087043307
204	164	2015	7.5e-09	2.5e-07	0.255745979
204	164	2015	7.5e-09	5e-07	0.119586674
204	164	2015	7.5e-09	1e-06	0.092395739
204	164	2015	7.5e-09	2e-06	0.07667707
204	164	2015	7.5e-09	4e-06	0.08183556
204	164	2015	7.5e-09	6e-06	0.087403268
204	164	2015	7.5e-09	1e-05	0.1807585
204	164	2015	7.5e-09	1.4e-05	0.11865367
204	164	2015	1e-08	0	0.096455197
204	164	2015	1e-08	1e-07	0.08331585
204	164	2015	1e-08	2.5e-07	0.083810824
204	164	2015	1e-08	5e-07	0.085832378
204	164	2015	1e-08	1e-06	0.162896102
204	164	2015	1e-08	2e-06	0.120906996
204	164	2015	1e-08	4e-06	0.106047925
204	164	2015	1e-08	6e-06	0.095592496
204	164	2015	1e-08	1e-05	0.090847936
204	164	2015	1e-08	1.4e-05	0.086624246
205	164	2015	0	0	1
205	164	2015	0	1e-07	1.0881645
205	164	2015	0	2.5e-07	1.017305995
205	164	2015	0	5e-07	0.921647083
205	164	2015	0	1e-06	0.948379537
205	164	2015	0	2e-06	0.629015733
205	164	2015	0	4e-06	1.008202769
205	164	2015	0	6e-06	0.993363401
205	164	2015	0	1e-05	1.086177476
205	164	2015	0	1.4e-05	0.944249344
205	164	2015	1e-09	0	1.031828271
205	164	2015	1e-09	1e-07	0.672637874
205	164	2015	1e-09	2.5e-07	0.981650671
205	164	2015	1e-09	5e-07	1.05570705
205	164	2015	1e-09	1e-06	0.983929121
205	164	2015	1e-09	2e-06	1.061579416
205	164	2015	1e-09	4e-06	1.104217581
205	164	2015	1e-09	6e-06	0.726354159
205	164	2015	1e-09	1e-05	0.961910619
205	164	2015	1e-09	1.4e-05	0.969966582
205	164	2015	2.5e-09	0	1.039729378
205	164	2015	2.5e-09	1e-07	0.918313081
205	164	2015	2.5e-09	2.5e-07	0.972622456
205	164	2015	2.5e-09	5e-07	0.560409742
205	164	2015	2.5e-09	1e-06	0.83479919
205	164	2015	2.5e-09	2e-06	0.902051931
205	164	2015	2.5e-09	4e-06	0.96008302
205	164	2015	2.5e-09	6e-06	0.889514847
205	164	2015	2.5e-09	1e-05	0.918850607
205	164	2015	2.5e-09	1.4e-05	0.494517557
205	164	2015	5e-09	0	0.423770956
205	164	2015	5e-09	1e-07	0.390230369
205	164	2015	5e-09	2.5e-07	0.320234234
205	164	2015	5e-09	5e-07	0.352808614
205	164	2015	5e-09	1e-06	0.344909046
205	164	2015	5e-09	2e-06	0.234065188
205	164	2015	5e-09	4e-06	0.180534002
205	164	2015	5e-09	6e-06	0.183570252
205	164	2015	5e-09	1e-05	0.23655206
205	164	2015	5e-09	1.4e-05	0.211748057
205	164	2015	7.5e-09	0	0.218870553
205	164	2015	7.5e-09	1e-07	0.191739873
205	164	2015	7.5e-09	2.5e-07	0.139377242
205	164	2015	7.5e-09	5e-07	0.113402619
205	164	2015	7.5e-09	1e-06	0.142215342
205	164	2015	7.5e-09	2e-06	0.141641904
205	164	2015	7.5e-09	4e-06	0.165293691
205	164	2015	7.5e-09	6e-06	0.165990664
205	164	2015	7.5e-09	1e-05	0.115705175
205	164	2015	7.5e-09	1.4e-05	0.09568433
205	164	2015	1e-08	0	0.108361828
205	164	2015	1e-08	1e-07	0.113439168
205	164	2015	1e-08	2.5e-07	0.130072769
205	164	2015	1e-08	5e-07	0.129540303
205	164	2015	1e-08	1e-06	0.108328959
205	164	2015	1e-08	2e-06	0.106596145
205	164	2015	1e-08	4e-06	0.10590236
205	164	2015	1e-08	6e-06	0.107031957
205	164	2015	1e-08	1e-05	0.107314517
205	164	2015	1e-08	1.4e-05	0.104565081
21	164	2015	0	0	1
21	164	2015	0	1e-07	0.987474092
21	164	2015	0	2.5e-07	0.947297497
21	164	2015	0	5e-07	0.838266907
21	164	2015	0	1e-06	0.779044771
21	164	2015	0	2e-06	0.734870409
21	164	2015	0	4e-06	1.001712766
21	164	2015	0	6e-06	0.967613596
21	164	2015	0	1e-05	0.938946456
21	164	2015	0	1.4e-05	0.82221446
21	164	2015	1e-09	0	0.765345856
21	164	2015	1e-09	1e-07	0.763759569
21	164	2015	1e-09	2.5e-07	0.99785255
21	164	2015	1e-09	5e-07	0.965601997
21	164	2015	1e-09	1e-06	0.973895801
21	164	2015	1e-09	2e-06	0.829283161
21	164	2015	1e-09	4e-06	0.771286665
21	164	2015	1e-09	6e-06	0.763721068
21	164	2015	1e-09	1e-05	0.983991151
21	164	2015	1e-09	1.4e-05	0.948228354
21	164	2015	2.5e-09	0	0.918177326
21	164	2015	2.5e-09	1e-07	0.792551196
21	164	2015	2.5e-09	2.5e-07	0.736872501
21	164	2015	2.5e-09	5e-07	0.686304188
21	164	2015	2.5e-09	1e-06	0.942769175
21	164	2015	2.5e-09	2e-06	0.922874542
21	164	2015	2.5e-09	4e-06	0.830571403
21	164	2015	2.5e-09	6e-06	0.698466988
21	164	2015	2.5e-09	1e-05	0.643290514
21	164	2015	2.5e-09	1.4e-05	0.597126816
21	164	2015	5e-09	0	0.819355506
21	164	2015	5e-09	1e-07	0.665252796
21	164	2015	5e-09	2.5e-07	0.530057826
21	164	2015	5e-09	5e-07	0.382681905
21	164	2015	5e-09	1e-06	0.354222681
21	164	2015	5e-09	2e-06	0.269191527
21	164	2015	5e-09	4e-06	0.344719162
21	164	2015	5e-09	6e-06	0.216745702
21	164	2015	5e-09	1e-05	0.19398474
21	164	2015	5e-09	1.4e-05	0.152325828
21	164	2015	7.5e-09	0	0.131686524
21	164	2015	7.5e-09	1e-07	0.135340131
21	164	2015	7.5e-09	2.5e-07	0.209892388
21	164	2015	7.5e-09	5e-07	0.159933248
21	164	2015	7.5e-09	1e-06	0.15084351
21	164	2015	7.5e-09	2e-06	0.107857596
21	164	2015	7.5e-09	4e-06	0.092068667
21	164	2015	7.5e-09	6e-06	0.110827339
21	164	2015	7.5e-09	1e-05	0.160975891
21	164	2015	7.5e-09	1.4e-05	0.151376117
21	164	2015	1e-08	0	0.124944654
21	164	2015	1e-08	1e-07	0.109985641
21	164	2015	1e-08	2.5e-07	0.103037148
21	164	2015	1e-08	5e-07	0.107010259
21	164	2015	1e-08	1e-06	0.147731283
21	164	2015	1e-08	2e-06	0.141007231
21	164	2015	1e-08	4e-06	0.137316555
21	164	2015	1e-08	6e-06	0.112110731
21	164	2015	1e-08	1e-05	0.108219816
21	164	2015	1e-08	1.4e-05	0.113862562
195	164	2015	0	0	1
195	164	2015	0	1e-07	1.034426151
195	164	2015	0	2.5e-07	1.043526768
195	164	2015	0	5e-07	0.807306893
195	164	2015	0	1e-06	0.369236409
195	164	2015	0	2e-06	0.276864277
195	164	2015	0	4e-06	1.066907862
195	164	2015	0	6e-06	1.0388888
195	164	2015	0	1e-05	1.083579045
195	164	2015	0	1.4e-05	0.828874547
195	164	2015	1e-09	0	0.541508081
195	164	2015	1e-09	1e-07	0.321358558
195	164	2015	1e-09	2.5e-07	1.057035689
195	164	2015	1e-09	5e-07	1.041535661
195	164	2015	1e-09	1e-06	1.066946145
195	164	2015	1e-09	2e-06	0.838729844
195	164	2015	1e-09	4e-06	0.389725486
195	164	2015	1e-09	6e-06	0.312832111
195	164	2015	1e-09	1e-05	1.03589245
195	164	2015	1e-09	1.4e-05	1.082718391
195	164	2015	2.5e-09	0	1.062588486
195	164	2015	2.5e-09	1e-07	0.793921341
195	164	2015	2.5e-09	2.5e-07	0.39897402
195	164	2015	2.5e-09	5e-07	0.295363626
195	164	2015	2.5e-09	1e-06	1.062864287
195	164	2015	2.5e-09	2e-06	1.064445548
195	164	2015	2.5e-09	4e-06	0.927151709
195	164	2015	2.5e-09	6e-06	0.392998327
195	164	2015	2.5e-09	1e-05	0.261533087
195	164	2015	2.5e-09	1.4e-05	0.206188979
195	164	2015	5e-09	0	0.710405942
195	164	2015	5e-09	1e-07	0.497085701
195	164	2015	5e-09	2.5e-07	0.313953702
195	164	2015	5e-09	5e-07	0.172522846
195	164	2015	5e-09	1e-06	0.103903506
195	164	2015	5e-09	2e-06	0.109658558
195	164	2015	5e-09	4e-06	0.12730851
195	164	2015	5e-09	6e-06	0.122271866
195	164	2015	5e-09	1e-05	0.109456304
195	164	2015	5e-09	1.4e-05	0.058598562
195	164	2015	7.5e-09	0	0.06481998
195	164	2015	7.5e-09	1e-07	0.053165243
195	164	2015	7.5e-09	2.5e-07	0.084009046
195	164	2015	7.5e-09	5e-07	0.059454372
195	164	2015	7.5e-09	1e-06	0.08183941
195	164	2015	7.5e-09	2e-06	0.062934071
195	164	2015	7.5e-09	4e-06	0.050379686
195	164	2015	7.5e-09	6e-06	0.051400156
195	164	2015	7.5e-09	1e-05	0.042933054
195	164	2015	7.5e-09	1.4e-05	0.046833331
195	164	2015	1e-08	0	0.049471654
195	164	2015	1e-08	1e-07	0.050857742
195	164	2015	1e-08	2.5e-07	0.054535091
195	164	2015	1e-08	5e-07	0.031956166
195	164	2015	1e-08	1e-06	0.034695791
195	164	2015	1e-08	2e-06	0.045617519
195	164	2015	1e-08	4e-06	0.04343114
195	164	2015	1e-08	6e-06	0.048467558
195	164	2015	1e-08	1e-05	0.038790091
195	164	2015	1e-08	1.4e-05	0.050651069
206	164	2015	0	0	1
206	164	2015	0	1e-07	1.001012894
206	164	2015	0	2.5e-07	1.000258391
206	164	2015	0	5e-07	0.95644557
206	164	2015	0	1e-06	0.73653394
206	164	2015	0	2e-06	0.450817962
206	164	2015	0	4e-06	1.000614965
206	164	2015	0	6e-06	0.997250717
206	164	2015	0	1e-05	1.016154621
206	164	2015	0	1.4e-05	0.973034289
206	164	2015	1e-09	0	0.743985944
206	164	2015	1e-09	1e-07	0.473341774
206	164	2015	1e-09	2.5e-07	0.997345153
206	164	2015	1e-09	5e-07	1.031027622
206	164	2015	1e-09	1e-06	0.986238082
206	164	2015	1e-09	2e-06	0.933523822
206	164	2015	1e-09	4e-06	0.68464546
206	164	2015	1e-09	6e-06	0.475663017
206	164	2015	1e-09	1e-05	0.995938089
206	164	2015	1e-09	1.4e-05	0.989695357
206	164	2015	2.5e-09	0	0.99947503
206	164	2015	2.5e-09	1e-07	0.96559262
206	164	2015	2.5e-09	2.5e-07	0.697124105
206	164	2015	2.5e-09	5e-07	0.468943955
206	164	2015	2.5e-09	1e-06	1.004454665
206	164	2015	2.5e-09	2e-06	1.002010284
206	164	2015	2.5e-09	4e-06	1.002465053
206	164	2015	2.5e-09	6e-06	0.928921733
206	164	2015	2.5e-09	1e-05	0.692256014
206	164	2015	2.5e-09	1.4e-05	0.448587892
206	164	2015	5e-09	0	0.977276307
206	164	2015	5e-09	1e-07	0.994718483
206	164	2015	5e-09	2.5e-07	0.948290742
206	164	2015	5e-09	5e-07	0.760435131
206	164	2015	5e-09	1e-06	0.469310435
206	164	2015	5e-09	2e-06	0.396868123
206	164	2015	5e-09	4e-06	0.661615979
206	164	2015	5e-09	6e-06	0.619390179
206	164	2015	5e-09	1e-05	0.480468205
206	164	2015	5e-09	1.4e-05	0.331169737
206	164	2015	7.5e-09	0	0.311182294
206	164	2015	7.5e-09	1e-07	0.328584599
206	164	2015	7.5e-09	2.5e-07	0.293356761
206	164	2015	7.5e-09	5e-07	0.259915764
206	164	2015	7.5e-09	1e-06	0.260985504
206	164	2015	7.5e-09	2e-06	0.242133278
206	164	2015	7.5e-09	4e-06	0.279466491
206	164	2015	7.5e-09	6e-06	0.276949684
206	164	2015	7.5e-09	1e-05	0.218147457
206	164	2015	7.5e-09	1.4e-05	0.187710912
206	164	2015	1e-08	0	0.195893702
206	164	2015	1e-08	1e-07	0.210878272
206	164	2015	1e-08	2.5e-07	0.239783043
206	164	2015	1e-08	5e-07	0.255940404
206	164	2015	1e-08	1e-06	0.239430506
206	164	2015	1e-08	2e-06	0.215529314
206	164	2015	1e-08	4e-06	0.206169541
206	164	2015	1e-08	6e-06	0.220733314
206	164	2015	1e-08	1e-05	0.249217704
206	164	2015	1e-08	1.4e-05	0.269291593
25	164	2015	0	0	1
25	164	2015	0	1e-07	0.986738373
25	164	2015	0	2.5e-07	1.003643137
25	164	2015	0	5e-07	1.018471201
25	164	2015	0	1e-06	0.811605204
25	164	2015	0	2e-06	0.709907486
25	164	2015	0	4e-06	0.985896365
25	164	2015	0	6e-06	0.982278857
25	164	2015	0	1e-05	0.99672777
25	164	2015	0	1.4e-05	1.023696878
25	164	2015	1e-09	0	0.880791517
25	164	2015	1e-09	1e-07	0.511073868
25	164	2015	1e-09	2.5e-07	1.052427082
25	164	2015	1e-09	5e-07	1.010171112
25	164	2015	1e-09	1e-06	0.99422138
25	164	2015	1e-09	2e-06	0.976446893
25	164	2015	1e-09	4e-06	0.844920751
25	164	2015	1e-09	6e-06	0.504945435
25	164	2015	1e-09	1e-05	1.014350005
25	164	2015	1e-09	1.4e-05	0.9770417
25	164	2015	2.5e-09	0	0.954776019
25	164	2015	2.5e-09	1e-07	0.971489565
25	164	2015	2.5e-09	2.5e-07	0.842696207
25	164	2015	2.5e-09	5e-07	0.35670601
25	164	2015	2.5e-09	1e-06	0.976882783
25	164	2015	2.5e-09	2e-06	0.96464838
25	164	2015	2.5e-09	4e-06	0.931948505
25	164	2015	2.5e-09	6e-06	0.90512622
25	164	2015	2.5e-09	1e-05	0.620737857
25	164	2015	2.5e-09	1.4e-05	0.126603588
25	164	2015	5e-09	0	0.964557713
25	164	2015	5e-09	1e-07	0.941709802
25	164	2015	5e-09	2.5e-07	0.906835883
25	164	2015	5e-09	5e-07	0.751294056
25	164	2015	5e-09	1e-06	0.285673488
25	164	2015	5e-09	2e-06	0.101878086
25	164	2015	5e-09	4e-06	0.688947175
25	164	2015	5e-09	6e-06	0.670962942
25	164	2015	5e-09	1e-05	0.438099819
25	164	2015	5e-09	1.4e-05	0.160069805
25	164	2015	7.5e-09	0	0.056808531
25	164	2015	7.5e-09	1e-07	0.048137057
25	164	2015	7.5e-09	2.5e-07	0.463742193
25	164	2015	7.5e-09	5e-07	0.412607751
25	164	2015	7.5e-09	1e-06	0.20962566
25	164	2015	7.5e-09	2e-06	0.067405175
25	164	2015	7.5e-09	4e-06	0.04905269
25	164	2015	7.5e-09	6e-06	0.04992417
25	164	2015	7.5e-09	1e-05	0.202162918
25	164	2015	7.5e-09	1.4e-05	0.159806405
25	164	2015	1e-08	0	0.075807336
25	164	2015	1e-08	1e-07	0.057462367
25	164	2015	1e-08	2.5e-07	0.051111247
25	164	2015	1e-08	5e-07	0.055858692
25	164	2015	1e-08	1e-06	0.128993469
25	164	2015	1e-08	2e-06	0.091680129
25	164	2015	1e-08	4e-06	0.059777095
25	164	2015	1e-08	6e-06	0.061407926
25	164	2015	1e-08	1e-05	0.060896882
25	164	2015	1e-08	1.4e-05	0.063256702
26	164	2015	0	0	1
26	164	2015	0	1e-07	0.988490547
26	164	2015	0	2.5e-07	0.90013469
26	164	2015	0	5e-07	0.12050296
26	164	2015	0	1e-06	0.049719456
26	164	2015	0	2e-06	0.043393117
26	164	2015	0	4e-06	0.984651023
26	164	2015	0	6e-06	0.965616944
26	164	2015	0	1e-05	0.834663335
26	164	2015	0	1.4e-05	0.101036243
26	164	2015	1e-09	0	0.047615573
26	164	2015	1e-09	1e-07	0.039626444
26	164	2015	1e-09	2.5e-07	0.973974763
26	164	2015	1e-09	5e-07	0.970086366
26	164	2015	1e-09	1e-06	0.846302381
26	164	2015	1e-09	2e-06	0.105607344
26	164	2015	1e-09	4e-06	0.052068196
26	164	2015	1e-09	6e-06	0.043065254
26	164	2015	1e-09	1e-05	1.008052969
26	164	2015	1e-09	1.4e-05	0.977980009
26	164	2015	2.5e-09	0	0.621260678
26	164	2015	2.5e-09	1e-07	0.061557903
26	164	2015	2.5e-09	2.5e-07	0.042737391
26	164	2015	2.5e-09	5e-07	0.037759693
26	164	2015	2.5e-09	1e-06	0.891698862
26	164	2015	2.5e-09	2e-06	0.820609399
26	164	2015	2.5e-09	4e-06	0.352275547
26	164	2015	2.5e-09	6e-06	0.057875585
26	164	2015	2.5e-09	1e-05	0.038305616
26	164	2015	2.5e-09	1.4e-05	0.03511679
26	164	2015	5e-09	0	0.74970132
26	164	2015	5e-09	1e-07	0.493504524
26	164	2015	5e-09	2.5e-07	0.089107858
26	164	2015	5e-09	5e-07	0.035701627
26	164	2015	5e-09	1e-06	0.035781377
26	164	2015	5e-09	2e-06	0.026192669
26	164	2015	5e-09	4e-06	0.397027751
26	164	2015	5e-09	6e-06	0.113174778
26	164	2015	5e-09	1e-05	0.037501482
26	164	2015	5e-09	1.4e-05	0.032184516
26	164	2015	7.5e-09	0	0.02917095
26	164	2015	7.5e-09	1e-07	0.027691135
26	164	2015	7.5e-09	2.5e-07	0.21664055
26	164	2015	7.5e-09	5e-07	0.046246411
26	164	2015	7.5e-09	1e-06	0.027934591
26	164	2015	7.5e-09	2e-06	0.021674405
26	164	2015	7.5e-09	4e-06	0.025880807
26	164	2015	7.5e-09	6e-06	0.023039025
26	164	2015	7.5e-09	1e-05	0.089157357
26	164	2015	7.5e-09	1.4e-05	0.028751959
26	164	2015	1e-08	0	0.023012441
26	164	2015	1e-08	1e-07	0.027215286
26	164	2015	1e-08	2.5e-07	0.024202598
26	164	2015	1e-08	5e-07	0.022790912
26	164	2015	1e-08	1e-06	0.070818379
26	164	2015	1e-08	2e-06	0.029459637
26	164	2015	1e-08	4e-06	0.023885307
26	164	2015	1e-08	6e-06	0.024093503
26	164	2015	1e-08	1e-05	0.024961468
26	164	2015	1e-08	1.4e-05	0.023465786
6	164	2015	0	0	1
6	164	2015	0	1e-07	1.012173144
6	164	2015	0	2.5e-07	0.933752241
6	164	2015	0	5e-07	0.63102099
6	164	2015	0	1e-06	0.451477439
6	164	2015	0	2e-06	0.434783447
6	164	2015	0	4e-06	1.003061444
6	164	2015	0	6e-06	0.997109728
6	164	2015	0	1e-05	0.907902343
6	164	2015	0	1.4e-05	0.571970782
6	164	2015	1e-09	0	0.452610284
6	164	2015	1e-09	1e-07	0.433626954
6	164	2015	1e-09	2.5e-07	1.065865798
6	164	2015	1e-09	5e-07	1.019299628
6	164	2015	1e-09	1e-06	0.951658603
6	164	2015	1e-09	2e-06	0.521047979
6	164	2015	1e-09	4e-06	0.410000716
6	164	2015	1e-09	6e-06	0.403949441
6	164	2015	1e-09	1e-05	0.996446666
6	164	2015	1e-09	1.4e-05	0.96695073
6	164	2015	2.5e-09	0	0.816399742
6	164	2015	2.5e-09	1e-07	0.503329991
6	164	2015	2.5e-09	2.5e-07	0.402105414
6	164	2015	2.5e-09	5e-07	0.417975752
6	164	2015	2.5e-09	1e-06	0.953308508
6	164	2015	2.5e-09	2e-06	0.878598539
6	164	2015	2.5e-09	4e-06	0.632447331
6	164	2015	2.5e-09	6e-06	0.433838978
6	164	2015	2.5e-09	1e-05	0.416087797
6	164	2015	2.5e-09	1.4e-05	0.39127478
6	164	2015	5e-09	0	0.712868805
6	164	2015	5e-09	1e-07	0.633449625
6	164	2015	5e-09	2.5e-07	0.442088626
6	164	2015	5e-09	5e-07	0.425498997
6	164	2015	5e-09	1e-06	0.384649814
6	164	2015	5e-09	2e-06	0.383845081
6	164	2015	5e-09	4e-06	0.452412527
6	164	2015	5e-09	6e-06	0.395713979
6	164	2015	5e-09	1e-05	0.386565337
6	164	2015	5e-09	1.4e-05	0.396811935
6	164	2015	7.5e-09	0	0.403877829
6	164	2015	7.5e-09	1e-07	0.418576339
6	164	2015	7.5e-09	2.5e-07	0.421727299
6	164	2015	7.5e-09	5e-07	0.362539387
6	164	2015	7.5e-09	1e-06	0.355418409
6	164	2015	7.5e-09	2e-06	0.386458035
6	164	2015	7.5e-09	4e-06	0.402893154
6	164	2015	7.5e-09	6e-06	0.369017559
6	164	2015	7.5e-09	1e-05	0.391112862
6	164	2015	7.5e-09	1.4e-05	0.403090891
6	164	2015	1e-08	0	0.38631481
6	164	2015	1e-08	1e-07	0.385324107
6	164	2015	1e-08	2.5e-07	0.409338298
6	164	2015	1e-08	5e-07	0.40398219
6	164	2015	1e-08	1e-06	0.382416947
6	164	2015	1e-08	2e-06	0.374626549
6	164	2015	1e-08	4e-06	0.387636438
6	164	2015	1e-08	6e-06	0.341358108
6	164	2015	1e-08	1e-05	0.386576974
6	164	2015	1e-08	1.4e-05	0.411081642
207	164	2015	0	0	1
207	164	2015	0	1e-07	0.992157968
207	164	2015	0	2.5e-07	0.97572257
207	164	2015	0	5e-07	0.84442074
207	164	2015	0	1e-06	0.275723944
207	164	2015	0	2e-06	0.13003096
207	164	2015	0	4e-06	0.962010461
207	164	2015	0	6e-06	0.997164191
207	164	2015	0	1e-05	1.000364232
207	164	2015	0	1.4e-05	0.868775093
207	164	2015	1e-09	0	0.445388442
207	164	2015	1e-09	1e-07	0.143880162
207	164	2015	1e-09	2.5e-07	0.987199833
207	164	2015	1e-09	5e-07	1.036280138
207	164	2015	1e-09	1e-06	0.910967106
207	164	2015	1e-09	2e-06	0.831568541
207	164	2015	1e-09	4e-06	0.390509145
207	164	2015	1e-09	6e-06	0.157816687
207	164	2015	1e-09	1e-05	0.944023472
207	164	2015	1e-09	1.4e-05	0.986299273
207	164	2015	2.5e-09	0	0.896762227
207	164	2015	2.5e-09	1e-07	0.782324904
207	164	2015	2.5e-09	2.5e-07	0.386866821
207	164	2015	2.5e-09	5e-07	0.14208445
207	164	2015	2.5e-09	1e-06	0.985352655
207	164	2015	2.5e-09	2e-06	0.952642577
207	164	2015	2.5e-09	4e-06	0.898124761
207	164	2015	2.5e-09	6e-06	0.789941983
207	164	2015	2.5e-09	1e-05	0.25852694
207	164	2015	2.5e-09	1.4e-05	0.1399693
207	164	2015	5e-09	0	0.916800612
207	164	2015	5e-09	1e-07	0.904510343
207	164	2015	5e-09	2.5e-07	0.87628524
207	164	2015	5e-09	5e-07	0.314774826
207	164	2015	5e-09	1e-06	0.131459698
207	164	2015	5e-09	2e-06	0.125653782
207	164	2015	5e-09	4e-06	0.740859804
207	164	2015	5e-09	6e-06	0.764204618
207	164	2015	5e-09	1e-05	0.448005828
207	164	2015	5e-09	1.4e-05	0.144406174
207	164	2015	7.5e-09	0	0.122234979
207	164	2015	7.5e-09	1e-07	0.127890869
207	164	2015	7.5e-09	2.5e-07	0.426508483
207	164	2015	7.5e-09	5e-07	0.360459973
207	164	2015	7.5e-09	1e-06	0.19634727
207	164	2015	7.5e-09	2e-06	0.117907225
207	164	2015	7.5e-09	4e-06	0.113662457
207	164	2015	7.5e-09	6e-06	0.115882128
207	164	2015	7.5e-09	1e-05	0.176068376
207	164	2015	7.5e-09	1.4e-05	0.127057023
207	164	2015	1e-08	0	0.101977293
207	164	2015	1e-08	1e-07	0.10741166
207	164	2015	1e-08	2.5e-07	0.117747881
207	164	2015	1e-08	5e-07	0.120800169
207	164	2015	1e-08	1e-06	0.118688608
207	164	2015	1e-08	2e-06	0.13087272
207	164	2015	1e-08	4e-06	0.124368998
207	164	2015	1e-08	6e-06	0.112512033
207	164	2015	1e-08	1e-05	0.131956188
207	164	2015	1e-08	1.4e-05	0.131060553
9	164	2015	0	0	1
9	164	2015	0	1e-07	0.977154283
9	164	2015	0	2.5e-07	0.955898792
9	164	2015	0	5e-07	0.852047033
9	164	2015	0	1e-06	0.507722067
9	164	2015	0	2e-06	0.464368482
9	164	2015	0	4e-06	0.956465605
9	164	2015	0	6e-06	0.98395604
9	164	2015	0	1e-05	0.955048573
9	164	2015	0	1.4e-05	0.801473714
9	164	2015	1e-09	0	0.520916978
9	164	2015	1e-09	1e-07	0.472186796
9	164	2015	1e-09	2.5e-07	0.954937556
9	164	2015	1e-09	5e-07	0.943889363
9	164	2015	1e-09	1e-06	0.891754444
9	164	2015	1e-09	2e-06	0.701885585
9	164	2015	1e-09	4e-06	0.525299343
9	164	2015	1e-09	6e-06	0.478788464
9	164	2015	1e-09	1e-05	0.948934595
9	164	2015	1e-09	1.4e-05	0.962867065
9	164	2015	2.5e-09	0	0.856540149
9	164	2015	2.5e-09	1e-07	0.672807142
9	164	2015	2.5e-09	2.5e-07	0.507737297
9	164	2015	2.5e-09	5e-07	0.474797219
9	164	2015	2.5e-09	1e-06	0.916835923
9	164	2015	2.5e-09	2e-06	0.922657488
9	164	2015	2.5e-09	4e-06	0.834506322
9	164	2015	2.5e-09	6e-06	0.597386377
9	164	2015	2.5e-09	1e-05	0.489812669
9	164	2015	2.5e-09	1.4e-05	0.467841229
9	164	2015	5e-09	0	0.817427196
9	164	2015	5e-09	1e-07	0.801617522
9	164	2015	5e-09	2.5e-07	0.730071009
9	164	2015	5e-09	5e-07	0.534711222
9	164	2015	5e-09	1e-06	0.503942964
9	164	2015	5e-09	2e-06	0.468077401
9	164	2015	5e-09	4e-06	0.460262581
9	164	2015	5e-09	6e-06	0.45346622
9	164	2015	5e-09	1e-05	0.451078348
9	164	2015	5e-09	1.4e-05	0.456662416
9	164	2015	7.5e-09	0	0.471755504
9	164	2015	7.5e-09	1e-07	0.44209476
9	164	2015	7.5e-09	2.5e-07	0.388479347
9	164	2015	7.5e-09	5e-07	0.332105238
9	164	2015	7.5e-09	1e-06	0.373577063
9	164	2015	7.5e-09	2e-06	0.387343891
9	164	2015	7.5e-09	4e-06	0.470391888
9	164	2015	7.5e-09	6e-06	0.374458772
9	164	2015	7.5e-09	1e-05	0.28685466
9	164	2015	7.5e-09	1.4e-05	0.290202137
9	164	2015	1e-08	0	0.327829901
9	164	2015	1e-08	1e-07	0.31562995
9	164	2015	1e-08	2.5e-07	0.346448759
9	164	2015	1e-08	5e-07	0.354705807
9	164	2015	1e-08	1e-06	0.266495065
9	164	2015	1e-08	2e-06	0.24441026
9	164	2015	1e-08	4e-06	0.311172267
9	164	2015	1e-08	6e-06	0.337242598
9	164	2015	1e-08	1e-05	0.349833892
9	164	2015	1e-08	1.4e-05	0.37337238
208	164	2015	0	0	1
208	164	2015	0	1e-07	0.99974655
208	164	2015	0	2.5e-07	0.930191837
208	164	2015	0	5e-07	0.814497232
208	164	2015	0	1e-06	0.669951959
208	164	2015	0	2e-06	0.599778807
208	164	2015	0	4e-06	0.956416225
208	164	2015	0	6e-06	0.967811802
208	164	2015	0	1e-05	1.002626497
208	164	2015	0	1.4e-05	0.805557476
208	164	2015	1e-09	0	0.680468649
208	164	2015	1e-09	1e-07	0.580455774
208	164	2015	1e-09	2.5e-07	0.977638552
208	164	2015	1e-09	5e-07	0.980114903
208	164	2015	1e-09	1e-06	0.941568167
208	164	2015	1e-09	2e-06	0.796364139
208	164	2015	1e-09	4e-06	0.639593558
208	164	2015	1e-09	6e-06	0.528279927
208	164	2015	1e-09	1e-05	0.963917882
208	164	2015	1e-09	1.4e-05	0.945247883
208	164	2015	2.5e-09	0	0.88256031
208	164	2015	2.5e-09	1e-07	0.73560517
208	164	2015	2.5e-09	2.5e-07	0.616017037
208	164	2015	2.5e-09	5e-07	0.550869061
208	164	2015	2.5e-09	1e-06	0.913773463
208	164	2015	2.5e-09	2e-06	0.929356466
208	164	2015	2.5e-09	4e-06	0.803321746
208	164	2015	2.5e-09	6e-06	0.659817175
208	164	2015	2.5e-09	1e-05	0.579788024
208	164	2015	2.5e-09	1.4e-05	0.566782542
208	164	2015	5e-09	0	0.854068644
208	164	2015	5e-09	1e-07	0.780893524
208	164	2015	5e-09	2.5e-07	0.638303265
208	164	2015	5e-09	5e-07	0.526998841
208	164	2015	5e-09	1e-06	0.500668615
208	164	2015	5e-09	2e-06	0.507082363
208	164	2015	5e-09	4e-06	0.660913278
208	164	2015	5e-09	6e-06	0.582083362
208	164	2015	5e-09	1e-05	0.509642635
208	164	2015	5e-09	1.4e-05	0.498982876
208	164	2015	7.5e-09	0	0.498421695
208	164	2015	7.5e-09	1e-07	0.482708897
208	164	2015	7.5e-09	2.5e-07	0.530402525
208	164	2015	7.5e-09	5e-07	0.503838344
208	164	2015	7.5e-09	1e-06	0.437824013
208	164	2015	7.5e-09	2e-06	0.421303657
208	164	2015	7.5e-09	4e-06	0.426848596
208	164	2015	7.5e-09	6e-06	0.450225348
208	164	2015	7.5e-09	1e-05	0.493611015
208	164	2015	7.5e-09	1.4e-05	0.436234188
208	164	2015	1e-08	0	0.427156056
208	164	2015	1e-08	1e-07	0.415865994
208	164	2015	1e-08	2.5e-07	0.429483192
208	164	2015	1e-08	5e-07	0.434897813
208	164	2015	1e-08	1e-06	0.428093215
208	164	2015	1e-08	2e-06	0.404253358
208	164	2015	1e-08	4e-06	0.385840226
208	164	2015	1e-08	6e-06	0.407939909
208	164	2015	1e-08	1e-05	0.385451268
208	164	2015	1e-08	1.4e-05	0.395374177
40	164	2015	0	0	1
40	164	2015	0	1e-07	1.018592365
40	164	2015	0	2.5e-07	0.950448404
40	164	2015	0	5e-07	0.712376984
40	164	2015	0	1e-06	0.372153581
40	164	2015	0	2e-06	0.326413332
40	164	2015	0	4e-06	1.031413524
40	164	2015	0	6e-06	1.054952636
40	164	2015	0	1e-05	0.924149883
40	164	2015	0	1.4e-05	0.718826241
40	164	2015	1e-09	0	0.385981611
40	164	2015	1e-09	1e-07	0.348789598
40	164	2015	1e-09	2.5e-07	0.99432512
40	164	2015	1e-09	5e-07	1.050732706
40	164	2015	1e-09	1e-06	0.889627182
40	164	2015	1e-09	2e-06	0.628852094
40	164	2015	1e-09	4e-06	0.375224481
40	164	2015	1e-09	6e-06	0.355559945
40	164	2015	1e-09	1e-05	0.99798606
40	164	2015	1e-09	1.4e-05	0.984098631
40	164	2015	2.5e-09	0	0.827957532
40	164	2015	2.5e-09	1e-07	0.459844839
40	164	2015	2.5e-09	2.5e-07	0.345557073
40	164	2015	2.5e-09	5e-07	0.329715814
40	164	2015	2.5e-09	1e-06	0.985260714
40	164	2015	2.5e-09	2e-06	0.970494217
40	164	2015	2.5e-09	4e-06	0.759104949
40	164	2015	2.5e-09	6e-06	0.398947633
40	164	2015	2.5e-09	1e-05	0.328850128
40	164	2015	2.5e-09	1.4e-05	0.31001724
40	164	2015	5e-09	0	0.93954537
40	164	2015	5e-09	1e-07	0.874919187
40	164	2015	5e-09	2.5e-07	0.600710043
40	164	2015	5e-09	5e-07	0.350845855
40	164	2015	5e-09	1e-06	0.32355762
40	164	2015	5e-09	2e-06	0.316015372
40	164	2015	5e-09	4e-06	0.771963221
40	164	2015	5e-09	6e-06	0.66977947
40	164	2015	5e-09	1e-05	0.336327975
40	164	2015	5e-09	1.4e-05	0.319211982
40	164	2015	7.5e-09	0	0.306329025
40	164	2015	7.5e-09	1e-07	0.295716437
40	164	2015	7.5e-09	2.5e-07	0.642805833
40	164	2015	7.5e-09	5e-07	0.433894835
40	164	2015	7.5e-09	1e-06	0.314337153
40	164	2015	7.5e-09	2e-06	0.280620644
40	164	2015	7.5e-09	4e-06	0.30684973
40	164	2015	7.5e-09	6e-06	0.296745923
40	164	2015	7.5e-09	1e-05	0.392895625
40	164	2015	7.5e-09	1.4e-05	0.333333333
40	164	2015	1e-08	0	0.286599382
40	164	2015	1e-08	1e-07	0.30163567
40	164	2015	1e-08	2.5e-07	0.291706628
40	164	2015	1e-08	5e-07	0.287209971
40	164	2015	1e-08	1e-06	0.292598388
40	164	2015	1e-08	2e-06	0.293557451
40	164	2015	1e-08	4e-06	0.290074538
40	164	2015	1e-08	6e-06	0.283579829
40	164	2015	1e-08	1e-05	0.295919833
40	164	2015	1e-08	1.4e-05	0.287348779
209	164	2015	0	0	1
209	164	2015	0	1e-07	0.973988924
209	164	2015	0	2.5e-07	0.773349806
209	164	2015	0	5e-07	0.433573866
209	164	2015	0	1e-06	0.256724321
209	164	2015	0	2e-06	0.219749382
209	164	2015	0	4e-06	1.016053405
209	164	2015	0	6e-06	0.992013033
209	164	2015	0	1e-05	0.833485655
209	164	2015	0	1.4e-05	0.457198262
209	164	2015	1e-09	0	0.252329686
209	164	2015	1e-09	1e-07	0.227092108
209	164	2015	1e-09	2.5e-07	1.05019414
209	164	2015	1e-09	5e-07	0.924819201
209	164	2015	1e-09	1e-06	0.73551006
209	164	2015	1e-09	2e-06	0.408100953
209	164	2015	1e-09	4e-06	0.261404276
209	164	2015	1e-09	6e-06	0.241913693
209	164	2015	1e-09	1e-05	1.006936287
209	164	2015	1e-09	1.4e-05	0.883551006
209	164	2015	2.5e-09	0	0.670543593
209	164	2015	2.5e-09	1e-07	0.330406103
209	164	2015	2.5e-09	2.5e-07	0.24215211
209	164	2015	2.5e-09	5e-07	0.22119129
209	164	2015	2.5e-09	1e-06	0.956469046
209	164	2015	2.5e-09	2e-06	0.739481115
209	164	2015	2.5e-09	4e-06	0.453488834
209	164	2015	2.5e-09	6e-06	0.265648599
209	164	2015	2.5e-09	1e-05	0.222681396
209	164	2015	2.5e-09	1.4e-05	0.216065326
209	164	2015	5e-09	0	0.650421203
209	164	2015	5e-09	1e-07	0.376261623
209	164	2015	5e-09	2.5e-07	0.240047734
209	164	2015	5e-09	5e-07	0.191091155
209	164	2015	5e-09	1e-06	0.18834936
209	164	2015	5e-09	2e-06	0.210780418
209	164	2015	5e-09	4e-06	0.426022263
209	164	2015	5e-09	6e-06	0.176408647
209	164	2015	5e-09	1e-05	0.167607089
209	164	2015	5e-09	1.4e-05	0.187950998
209	164	2015	7.5e-09	0	0.184909989
209	164	2015	7.5e-09	1e-07	0.193594532
209	164	2015	7.5e-09	2.5e-07	0.312922197
209	164	2015	7.5e-09	5e-07	0.157166564
209	164	2015	7.5e-09	1e-06	0.174163554
209	164	2015	7.5e-09	2e-06	0.170878927
209	164	2015	7.5e-09	4e-06	0.195728909
209	164	2015	7.5e-09	6e-06	0.200707304
209	164	2015	7.5e-09	1e-05	0.244099181
209	164	2015	7.5e-09	1.4e-05	0.158030357
209	164	2015	1e-08	0	0.179031233
209	164	2015	1e-08	1e-07	0.183445111
209	164	2015	1e-08	2.5e-07	0.196693952
209	164	2015	1e-08	5e-07	0.215882605
209	164	2015	1e-08	1e-06	0.236952509
209	164	2015	1e-08	2e-06	0.178097433
209	164	2015	1e-08	4e-06	0.195746558
209	164	2015	1e-08	6e-06	0.202294388
209	164	2015	1e-08	1e-05	0.2156775
209	164	2015	1e-08	1.4e-05	0.218269285
28	164	2015	0	0	1
28	164	2015	0	1e-07	0.910608398
28	164	2015	0	2.5e-07	0.771777796
28	164	2015	0	5e-07	0.431158265
28	164	2015	0	1e-06	0.166265479
28	164	2015	0	2e-06	0.125926115
28	164	2015	0	4e-06	1.004858516
28	164	2015	0	6e-06	0.958581466
28	164	2015	0	1e-05	0.761907191
28	164	2015	0	1.4e-05	0.428502532
28	164	2015	1e-09	0	0.176455642
28	164	2015	1e-09	1e-07	0.127576278
28	164	2015	1e-09	2.5e-07	0.987298996
28	164	2015	1e-09	5e-07	0.948660401
28	164	2015	1e-09	1e-06	0.717300955
28	164	2015	1e-09	2e-06	0.363266555
28	164	2015	1e-09	4e-06	0.158535933
28	164	2015	1e-09	6e-06	0.126130147
28	164	2015	1e-09	1e-05	1.035527104
28	164	2015	1e-09	1.4e-05	0.917124676
28	164	2015	2.5e-09	0	0.684009702
28	164	2015	2.5e-09	1e-07	0.30794763
28	164	2015	2.5e-09	2.5e-07	0.184201194
28	164	2015	2.5e-09	5e-07	0.131996072
28	164	2015	2.5e-09	1e-06	0.925617516
28	164	2015	2.5e-09	2e-06	0.796195691
28	164	2015	2.5e-09	4e-06	0.512759046
28	164	2015	2.5e-09	6e-06	0.227847204
28	164	2015	2.5e-09	1e-05	0.122342161
28	164	2015	2.5e-09	1.4e-05	0.117760536
28	164	2015	5e-09	0	0.765873066
28	164	2015	5e-09	1e-07	0.522560111
28	164	2015	5e-09	2.5e-07	0.367806271
28	164	2015	5e-09	5e-07	0.15251812
28	164	2015	5e-09	1e-06	0.115178939
28	164	2015	5e-09	2e-06	0.093982326
28	164	2015	5e-09	4e-06	0.305053622
28	164	2015	5e-09	6e-06	0.217740599
28	164	2015	5e-09	1e-05	0.166532937
28	164	2015	5e-09	1.4e-05	0.100086526
28	164	2015	7.5e-09	0	0.104114952
28	164	2015	7.5e-09	1e-07	0.090242415
28	164	2015	7.5e-09	2.5e-07	0.168415818
28	164	2015	7.5e-09	5e-07	0.140514416
28	164	2015	7.5e-09	1e-06	0.108239075
28	164	2015	7.5e-09	2e-06	0.084686109
28	164	2015	7.5e-09	4e-06	0.090717811
28	164	2015	7.5e-09	6e-06	0.085703343
28	164	2015	7.5e-09	1e-05	0.094568918
28	164	2015	7.5e-09	1.4e-05	0.081102794
28	164	2015	1e-08	0	0.076852154
28	164	2015	1e-08	1e-07	0.075440901
28	164	2015	1e-08	2.5e-07	0.084100484
28	164	2015	1e-08	5e-07	0.08506867
28	164	2015	1e-08	1e-06	0.083845161
28	164	2015	1e-08	2e-06	0.07998695
28	164	2015	1e-08	4e-06	0.078616152
28	164	2015	1e-08	6e-06	0.093845303
28	164	2015	1e-08	1e-05	0.085386076
28	164	2015	1e-08	1.4e-05	0.101760309
210	164	2015	0	0	1
210	164	2015	0	1e-07	0.980226219
210	164	2015	0	2.5e-07	0.992737407
210	164	2015	0	5e-07	0.969457781
210	164	2015	0	1e-06	0.956916425
210	164	2015	0	2e-06	0.994059728
210	164	2015	0	4e-06	1.0386594
210	164	2015	0	6e-06	1.000436306
210	164	2015	0	1e-05	0.96674221
210	164	2015	0	1.4e-05	0.984823826
210	164	2015	1e-09	0	1.001091445
210	164	2015	1e-09	1e-07	0.955848452
210	164	2015	1e-09	2.5e-07	1.011584897
210	164	2015	1e-09	5e-07	0.98221309
210	164	2015	1e-09	1e-06	0.967868415
210	164	2015	1e-09	2e-06	0.962310467
210	164	2015	1e-09	4e-06	0.931272059
210	164	2015	1e-09	6e-06	0.953705995
210	164	2015	1e-09	1e-05	0.980151626
210	164	2015	1e-09	1.4e-05	0.958031506
210	164	2015	2.5e-09	0	0.948607077
210	164	2015	2.5e-09	1e-07	0.972156671
210	164	2015	2.5e-09	2.5e-07	0.939679087
210	164	2015	2.5e-09	5e-07	0.938614908
210	164	2015	2.5e-09	1e-06	0.967374741
210	164	2015	2.5e-09	2e-06	0.958377411
210	164	2015	2.5e-09	4e-06	0.952050614
210	164	2015	2.5e-09	6e-06	0.942069001
210	164	2015	2.5e-09	1e-05	0.923900444
210	164	2015	2.5e-09	1.4e-05	0.87886326
210	164	2015	5e-09	0	0.918371036
210	164	2015	5e-09	1e-07	0.886645134
210	164	2015	5e-09	2.5e-07	0.872194944
210	164	2015	5e-09	5e-07	0.832126438
210	164	2015	5e-09	1e-06	0.796539355
210	164	2015	5e-09	2e-06	0.764342741
210	164	2015	5e-09	4e-06	0.724855562
210	164	2015	5e-09	6e-06	0.70029754
210	164	2015	5e-09	1e-05	0.666842976
210	164	2015	5e-09	1.4e-05	0.650050143
210	164	2015	7.5e-09	0	0.65305257
210	164	2015	7.5e-09	1e-07	0.650786002
210	164	2015	7.5e-09	2.5e-07	0.59397293
210	164	2015	7.5e-09	5e-07	0.586913771
210	164	2015	7.5e-09	1e-06	0.544294813
210	164	2015	7.5e-09	2e-06	0.573536977
210	164	2015	7.5e-09	4e-06	0.591057684
210	164	2015	7.5e-09	6e-06	0.601542048
210	164	2015	7.5e-09	1e-05	0.433212629
210	164	2015	7.5e-09	1.4e-05	0.469509058
210	164	2015	1e-08	0	0.494887026
210	164	2015	1e-08	1e-07	0.507430224
210	164	2015	1e-08	2.5e-07	0.508628437
210	164	2015	1e-08	5e-07	0.5057504
210	164	2015	1e-08	1e-06	0.425107407
210	164	2015	1e-08	2e-06	0.438601004
210	164	2015	1e-08	4e-06	0.451921699
210	164	2015	1e-08	6e-06	0.483641786
210	164	2015	1e-08	1e-05	0.492940962
210	164	2015	1e-08	1.4e-05	0.486402886
7	164	2015	0	0	1
7	164	2015	0	1e-07	0.993960481
7	164	2015	0	2.5e-07	0.939342218
7	164	2015	0	5e-07	0.66432031
7	164	2015	0	1e-06	0.560923119
7	164	2015	0	2e-06	0.553516306
7	164	2015	0	4e-06	0.921343235
7	164	2015	0	6e-06	0.956680659
7	164	2015	0	1e-05	0.92085166
7	164	2015	0	1.4e-05	0.782473361
7	164	2015	1e-09	0	0.567364713
7	164	2015	1e-09	1e-07	0.528764306
7	164	2015	1e-09	2.5e-07	0.906234272
7	164	2015	1e-09	5e-07	0.896934287
7	164	2015	1e-09	1e-06	0.854351299
7	164	2015	1e-09	2e-06	0.609728878
7	164	2015	1e-09	4e-06	0.552222149
7	164	2015	1e-09	6e-06	0.483642968
7	164	2015	1e-09	1e-05	0.882503778
7	164	2015	1e-09	1.4e-05	0.908580979
7	164	2015	2.5e-09	0	0.833005099
7	164	2015	2.5e-09	1e-07	0.614672263
7	164	2015	2.5e-09	2.5e-07	0.492567
7	164	2015	2.5e-09	5e-07	0.507308694
7	164	2015	2.5e-09	1e-06	0.832387014
7	164	2015	2.5e-09	2e-06	0.837042386
7	164	2015	2.5e-09	4e-06	0.772665873
7	164	2015	2.5e-09	6e-06	0.494540362
7	164	2015	2.5e-09	1e-05	0.440064334
7	164	2015	2.5e-09	1.4e-05	0.485152708
7	164	2015	5e-09	0	0.823429125
7	164	2015	5e-09	1e-07	0.753937909
7	164	2015	5e-09	2.5e-07	0.529820505
7	164	2015	5e-09	5e-07	0.430960667
7	164	2015	5e-09	1e-06	0.447673886
7	164	2015	5e-09	2e-06	0.462853153
7	164	2015	5e-09	4e-06	0.67708265
7	164	2015	5e-09	6e-06	0.519803497
7	164	2015	5e-09	1e-05	0.410629642
7	164	2015	5e-09	1.4e-05	0.388104773
7	164	2015	7.5e-09	0	0.405476267
7	164	2015	7.5e-09	1e-07	0.415563899
7	164	2015	7.5e-09	2.5e-07	0.568513534
7	164	2015	7.5e-09	5e-07	0.445132561
7	164	2015	7.5e-09	1e-06	0.394730384
7	164	2015	7.5e-09	2e-06	0.387208663
7	164	2015	7.5e-09	4e-06	0.393756582
7	164	2015	7.5e-09	6e-06	0.419215623
7	164	2015	7.5e-09	1e-05	0.447142396
7	164	2015	7.5e-09	1.4e-05	0.377896672
7	164	2015	1e-08	0	0.335214724
7	164	2015	1e-08	1e-07	0.361498224
7	164	2015	1e-08	2.5e-07	0.348836955
7	164	2015	1e-08	5e-07	0.380729429
7	164	2015	1e-08	1e-06	0.395555701
7	164	2015	1e-08	2e-06	0.373265717
7	164	2015	1e-08	4e-06	0.335550533
7	164	2015	1e-08	6e-06	0.332032144
7	164	2015	1e-08	1e-05	0.353387149
7	164	2015	1e-08	1.4e-05	0.374479143
211	164	2015	0	0	1
211	164	2015	0	1e-07	0.807215229
211	164	2015	0	2.5e-07	0.482655693
211	164	2015	0	5e-07	0.034817317
211	164	2015	0	1e-06	0.012895934
211	164	2015	0	2e-06	0.011379834
211	164	2015	0	4e-06	0.985262512
211	164	2015	0	6e-06	0.816848755
211	164	2015	0	1e-05	0.553822536
211	164	2015	0	1.4e-05	0.015098386
211	164	2015	1e-09	0	0.011513663
211	164	2015	1e-09	1e-07	0.011893913
211	164	2015	1e-09	2.5e-07	0.997574455
211	164	2015	1e-09	5e-07	0.815235425
211	164	2015	1e-09	1e-06	0.601964819
211	164	2015	1e-09	2e-06	0.008404092
211	164	2015	1e-09	4e-06	0.012866955
211	164	2015	1e-09	6e-06	0.012084505
211	164	2015	1e-09	1e-05	1.002579187
211	164	2015	1e-09	1.4e-05	0.818882407
211	164	2015	2.5e-09	0	0.325528154
211	164	2015	2.5e-09	1e-07	0.009732883
211	164	2015	2.5e-09	2.5e-07	0.010316242
211	164	2015	2.5e-09	5e-07	0.01326374
211	164	2015	2.5e-09	1e-06	0.942376446
211	164	2015	2.5e-09	2e-06	0.722664967
211	164	2015	2.5e-09	4e-06	0.141130785
211	164	2015	2.5e-09	6e-06	0.008474056
211	164	2015	2.5e-09	1e-05	0.009043113
211	164	2015	2.5e-09	1.4e-05	0.01089634
211	164	2015	5e-09	0	0.324861622
211	164	2015	5e-09	1e-07	0.191787174
211	164	2015	5e-09	2.5e-07	0.026139624
211	164	2015	5e-09	5e-07	0.010623273
211	164	2015	5e-09	1e-06	0.008838786
211	164	2015	5e-09	2e-06	0.009795114
211	164	2015	5e-09	4e-06	0.033239633
211	164	2015	5e-09	6e-06	0.012693077
211	164	2015	5e-09	1e-05	0.006607355
211	164	2015	5e-09	1.4e-05	0.006294136
211	164	2015	7.5e-09	0	0.00933144
211	164	2015	7.5e-09	1e-07	0.008197728
211	164	2015	7.5e-09	2.5e-07	0.016426159
211	164	2015	7.5e-09	5e-07	0.006168945
211	164	2015	7.5e-09	1e-06	0.00544817
211	164	2015	7.5e-09	2e-06	0.007244907
211	164	2015	7.5e-09	4e-06	0.007592662
211	164	2015	7.5e-09	6e-06	0.006172661
211	164	2015	7.5e-09	1e-05	0.01556206
211	164	2015	7.5e-09	1.4e-05	0.004509873
211	164	2015	1e-08	0	0.005245313
211	164	2015	1e-08	1e-07	0.007389805
211	164	2015	1e-08	2.5e-07	0.008038322
211	164	2015	1e-08	5e-07	0.008375112
211	164	2015	1e-08	1e-06	0.012945438
211	164	2015	1e-08	2e-06	0.006355542
211	164	2015	1e-08	4e-06	0.006262414
211	164	2015	1e-08	6e-06	0.007276635
211	164	2015	1e-08	1e-05	0.008627571
211	164	2015	1e-08	1.4e-05	0.008288173
186	164	2015	0	0	1
186	164	2015	0	1e-07	0.984109782
186	164	2015	0	2.5e-07	0.990851469
186	164	2015	0	5e-07	0.774211296
186	164	2015	0	1e-06	0.414552411
186	164	2015	0	2e-06	0.182340562
186	164	2015	0	4e-06	1.046303127
186	164	2015	0	6e-06	1.045306377
186	164	2015	0	1e-05	0.965108206
186	164	2015	0	1.4e-05	0.637940305
186	164	2015	1e-09	0	0.315532438
186	164	2015	1e-09	1e-07	0.149499276
186	164	2015	1e-09	2.5e-07	1.000776681
186	164	2015	1e-09	5e-07	1.076830021
186	164	2015	1e-09	1e-06	0.973534015
186	164	2015	1e-09	2e-06	0.639527704
186	164	2015	1e-09	4e-06	0.287030608
186	164	2015	1e-09	6e-06	0.162917485
186	164	2015	1e-09	1e-05	1.018546195
186	164	2015	1e-09	1.4e-05	0.961660214
186	164	2015	2.5e-09	0	0.915283908
186	164	2015	2.5e-09	1e-07	0.542876308
186	164	2015	2.5e-09	2.5e-07	0.23172499
186	164	2015	2.5e-09	5e-07	0.209574355
186	164	2015	2.5e-09	1e-06	0.942067948
186	164	2015	2.5e-09	2e-06	0.906339362
186	164	2015	2.5e-09	4e-06	0.666050814
186	164	2015	2.5e-09	6e-06	0.287321971
186	164	2015	2.5e-09	1e-05	0.15068614
186	164	2015	2.5e-09	1.4e-05	0.164371133
186	164	2015	5e-09	0	0.643509709
186	164	2015	5e-09	1e-07	0.445567624
186	164	2015	5e-09	2.5e-07	0.272767059
186	164	2015	5e-09	5e-07	0.15982207
186	164	2015	5e-09	1e-06	0.15570145
186	164	2015	5e-09	2e-06	0.134259859
186	164	2015	5e-09	4e-06	0.196781632
186	164	2015	5e-09	6e-06	0.156402786
186	164	2015	5e-09	1e-05	0.117431776
186	164	2015	5e-09	1.4e-05	0.101546772
186	164	2015	7.5e-09	0	0.135542559
186	164	2015	7.5e-09	1e-07	0.152653071
186	164	2015	7.5e-09	2.5e-07	0.135958386
186	164	2015	7.5e-09	5e-07	0.12017806
186	164	2015	7.5e-09	1e-06	0.104822878
186	164	2015	7.5e-09	2e-06	0.109582593
186	164	2015	7.5e-09	4e-06	0.127257964
186	164	2015	7.5e-09	6e-06	0.124450269
186	164	2015	7.5e-09	1e-05	0.102108195
186	164	2015	7.5e-09	1.4e-05	0.11778419
186	164	2015	1e-08	0	0.107514145
186	164	2015	1e-08	1e-07	0.131669438
186	164	2015	1e-08	2.5e-07	0.138584272
186	164	2015	1e-08	5e-07	0.180848936
186	164	2015	1e-08	1e-06	0.102909732
186	164	2015	1e-08	2e-06	0.09599068
186	164	2015	1e-08	4e-06	0.119565353
186	164	2015	1e-08	6e-06	0.154927288
186	164	2015	1e-08	1e-05	0.181896278
186	164	2015	1e-08	1.4e-05	0.170682605
212	164	2015	0	0	1
212	164	2015	0	1e-07	0.973875481
212	164	2015	0	2.5e-07	1.008457404
212	164	2015	0	5e-07	1.010750731
212	164	2015	0	1e-06	1.015471039
212	164	2015	0	2e-06	1.011440576
212	164	2015	0	4e-06	1.01516751
212	164	2015	0	6e-06	1.006188416
212	164	2015	0	1e-05	1.028078094
212	164	2015	0	1.4e-05	1.051859379
212	164	2015	1e-09	0	1.009015568
212	164	2015	1e-09	1e-07	1.034387779
212	164	2015	1e-09	2.5e-07	1.050828264
212	164	2015	1e-09	5e-07	0.988460558
212	164	2015	1e-09	1e-06	1.055067582
212	164	2015	1e-09	2e-06	1.017084683
212	164	2015	1e-09	4e-06	1.050247536
212	164	2015	1e-09	6e-06	1.053823231
212	164	2015	1e-09	1e-05	1.027047431
212	164	2015	1e-09	1.4e-05	1.019802843
212	164	2015	2.5e-09	0	1.008681891
212	164	2015	2.5e-09	1e-07	1.01414074
212	164	2015	2.5e-09	2.5e-07	1.021351175
212	164	2015	2.5e-09	5e-07	1.022270939
212	164	2015	2.5e-09	1e-06	0.996355929
212	164	2015	2.5e-09	2e-06	0.98165338
212	164	2015	2.5e-09	4e-06	1.009042851
212	164	2015	2.5e-09	6e-06	1.015567932
212	164	2015	2.5e-09	1e-05	1.023370099
212	164	2015	2.5e-09	1.4e-05	1.007099406
212	164	2015	5e-09	0	0.957955255
212	164	2015	5e-09	1e-07	0.957773652
212	164	2015	5e-09	2.5e-07	0.979699805
212	164	2015	5e-09	5e-07	0.987717592
212	164	2015	5e-09	1e-06	0.933469234
212	164	2015	5e-09	2e-06	0.918447332
212	164	2015	5e-09	4e-06	0.859973548
212	164	2015	5e-09	6e-06	0.866817128
212	164	2015	5e-09	1e-05	0.868755354
212	164	2015	5e-09	1.4e-05	0.805127832
212	164	2015	7.5e-09	0	0.781284506
212	164	2015	7.5e-09	1e-07	0.736012522
212	164	2015	7.5e-09	2.5e-07	0.728440901
212	164	2015	7.5e-09	5e-07	0.732255114
212	164	2015	7.5e-09	1e-06	0.751047578
212	164	2015	7.5e-09	2e-06	0.679713701
212	164	2015	7.5e-09	4e-06	0.610358175
212	164	2015	7.5e-09	6e-06	0.657878308
212	164	2015	7.5e-09	1e-05	0.517381966
212	164	2015	7.5e-09	1.4e-05	0.522110455
212	164	2015	1e-08	0	0.534163299
212	164	2015	1e-08	1e-07	0.488951986
212	164	2015	1e-08	2.5e-07	0.479590788
212	164	2015	1e-08	5e-07	0.47794644
212	164	2015	1e-08	1e-06	0.476041401
212	164	2015	1e-08	2e-06	0.510926674
212	164	2015	1e-08	4e-06	0.52590004
212	164	2015	1e-08	6e-06	0.513462682
212	164	2015	1e-08	1e-05	0.509802131
212	164	2015	1e-08	1.4e-05	0.491536529
213	164	2015	0	0	1
213	164	2015	0	1e-07	1.017477012
213	164	2015	0	2.5e-07	0.996766633
213	164	2015	0	5e-07	0.974248827
213	164	2015	0	1e-06	0.820758459
213	164	2015	0	2e-06	0.639846145
213	164	2015	0	4e-06	1.010400692
213	164	2015	0	6e-06	0.989714615
213	164	2015	0	1e-05	0.992066831
213	164	2015	0	1.4e-05	0.960899092
213	164	2015	1e-09	0	0.772017549
213	164	2015	1e-09	1e-07	0.602343891
213	164	2015	1e-09	2.5e-07	0.998374171
213	164	2015	1e-09	5e-07	1.001130009
213	164	2015	1e-09	1e-06	0.987042491
213	164	2015	1e-09	2e-06	0.972017549
213	164	2015	1e-09	4e-06	0.813294068
213	164	2015	1e-09	6e-06	0.575658691
213	164	2015	1e-09	1e-05	1.064482422
213	164	2015	1e-09	1.4e-05	1.028142851
213	164	2015	2.5e-09	0	0.973830864
213	164	2015	2.5e-09	1e-07	0.967714406
213	164	2015	2.5e-09	2.5e-07	0.806526835
213	164	2015	2.5e-09	5e-07	0.639004748
213	164	2015	2.5e-09	1e-06	0.967172096
213	164	2015	2.5e-09	2e-06	0.964697398
213	164	2015	2.5e-09	4e-06	0.970851614
213	164	2015	2.5e-09	6e-06	0.936504435
213	164	2015	2.5e-09	1e-05	0.806803293
213	164	2015	2.5e-09	1.4e-05	0.559042952
213	164	2015	5e-09	0	1.053224352
213	164	2015	5e-09	1e-07	0.984268332
213	164	2015	5e-09	2.5e-07	1.015962498
213	164	2015	5e-09	5e-07	0.886363363
213	164	2015	5e-09	1e-06	0.638127291
213	164	2015	5e-09	2e-06	0.506340525
213	164	2015	5e-09	4e-06	1.003101148
213	164	2015	5e-09	6e-06	0.957890215
213	164	2015	5e-09	1e-05	0.932893698
213	164	2015	5e-09	1.4e-05	0.783929323
213	164	2015	7.5e-09	0	0.45452329
213	164	2015	7.5e-09	1e-07	0.433957913
213	164	2015	7.5e-09	2.5e-07	0.834579483
213	164	2015	7.5e-09	5e-07	0.839596425
213	164	2015	7.5e-09	1e-06	0.767978845
213	164	2015	7.5e-09	2e-06	0.59493568
213	164	2015	7.5e-09	4e-06	0.447058004
213	164	2015	7.5e-09	6e-06	0.413774866
213	164	2015	7.5e-09	1e-05	0.55651181
213	164	2015	7.5e-09	1.4e-05	0.505491571
213	164	2015	1e-08	0	0.488227372
213	164	2015	1e-08	1e-07	0.425289091
213	164	2015	1e-08	2.5e-07	0.382667228
213	164	2015	1e-08	5e-07	0.364543096
213	164	2015	1e-08	1e-06	0.455057354
213	164	2015	1e-08	2e-06	0.442548285
213	164	2015	1e-08	4e-06	0.417308732
213	164	2015	1e-08	6e-06	0.395590489
213	164	2015	1e-08	1e-05	0.368074583
213	164	2015	1e-08	1.4e-05	0.350450471
39	164	2015	0	0	1
39	164	2015	0	1e-07	1.03043663
39	164	2015	0	2.5e-07	0.992483799
39	164	2015	0	5e-07	1.007531493
39	164	2015	0	1e-06	0.982006268
39	164	2015	0	2e-06	0.937707268
39	164	2015	0	4e-06	1.045070647
39	164	2015	0	6e-06	1.043331032
39	164	2015	0	1e-05	1.027900244
39	164	2015	0	1.4e-05	1.104172296
39	164	2015	1e-09	0	1.018026992
39	164	2015	1e-09	1e-07	1.029453947
39	164	2015	1e-09	2.5e-07	1.071005524
39	164	2015	1e-09	5e-07	1.044605864
39	164	2015	1e-09	1e-06	1.042627218
39	164	2015	1e-09	2e-06	1.028617338
39	164	2015	1e-09	4e-06	1.026426219
39	164	2015	1e-09	6e-06	0.987636779
39	164	2015	1e-09	1e-05	1.000610857
39	164	2015	1e-09	1.4e-05	1.040263465
39	164	2015	2.5e-09	0	1.058509508
39	164	2015	2.5e-09	1e-07	1.01804685
39	164	2015	2.5e-09	2.5e-07	0.976906937
39	164	2015	2.5e-09	5e-07	0.989115778
39	164	2015	2.5e-09	1e-06	0.947253798
39	164	2015	2.5e-09	2e-06	0.957520402
39	164	2015	2.5e-09	4e-06	0.949670668
39	164	2015	2.5e-09	6e-06	0.929445979
39	164	2015	2.5e-09	1e-05	0.871199329
39	164	2015	2.5e-09	1.4e-05	0.753572187
39	164	2015	5e-09	0	0.681464464
39	164	2015	5e-09	1e-07	0.675422288
39	164	2015	5e-09	2.5e-07	0.660062439
39	164	2015	5e-09	5e-07	0.602507258
39	164	2015	5e-09	1e-06	0.54553543
39	164	2015	5e-09	2e-06	0.498778285
39	164	2015	5e-09	4e-06	0.381480399
39	164	2015	5e-09	6e-06	0.358267821
39	164	2015	5e-09	1e-05	0.320182195
39	164	2015	5e-09	1.4e-05	0.316663125
39	164	2015	7.5e-09	0	0.336104324
39	164	2015	7.5e-09	1e-07	0.353221608
39	164	2015	7.5e-09	2.5e-07	0.274102305
39	164	2015	7.5e-09	5e-07	0.278616981
39	164	2015	7.5e-09	1e-06	0.258180176
39	164	2015	7.5e-09	2e-06	0.25135451
39	164	2015	7.5e-09	4e-06	0.289533093
39	164	2015	7.5e-09	6e-06	0.272707957
39	164	2015	7.5e-09	1e-05	0.223272312
39	164	2015	7.5e-09	1.4e-05	0.245453772
39	164	2015	1e-08	0	0.216110698
39	164	2015	1e-08	1e-07	0.220867093
39	164	2015	1e-08	2.5e-07	0.24972113
39	164	2015	1e-08	5e-07	0.226467123
39	164	2015	1e-08	1e-06	0.251447466
39	164	2015	1e-08	2e-06	0.218368214
39	164	2015	1e-08	4e-06	0.215313928
39	164	2015	1e-08	6e-06	0.210095081
39	164	2015	1e-08	1e-05	0.206416658
39	164	2015	1e-08	1.4e-05	0.232550728
