name	drugA	drugB	concA	concB	loewe
197	164	2015	0	0	0
197	164	2015	0	1e-07	0
197	164	2015	0	2.5e-07	0
197	164	2015	0	5e-07	0
197	164	2015	0	1e-06	0
197	164	2015	0	2e-06	0
197	164	2015	0	4e-06	0
197	164	2015	0	6e-06	-0.0288734582772668
197	164	2015	0	1e-05	-0.0029611547134725
197	164	2015	0	1.4e-05	0.0014641109138114
197	164	2015	1e-09	0	0.183036115961776
197	164	2015	1e-09	1e-07	0.00408080873877815
197	164	2015	1e-09	2.5e-07	0
197	164	2015	1e-09	5e-07	0.00379157769463788
197	164	2015	1e-09	1e-06	-0.0199091630328935
197	164	2015	1e-09	2e-06	0.0100585152987995
197	164	2015	1e-09	4e-06	0.0773557541922088
197	164	2015	1e-09	6e-06	-0.132262309403263
197	164	2015	1e-09	1e-05	0
197	164	2015	1e-09	1.4e-05	0.00318742358716023
197	164	2015	2.5e-09	0	-0.0167316508572297
197	164	2015	2.5e-09	1e-07	0.0316918255978507
197	164	2015	2.5e-09	2.5e-07	0.103927385541892
197	164	2015	2.5e-09	5e-07	-0.154541062738048
197	164	2015	2.5e-09	1e-06	0
197	164	2015	2.5e-09	2e-06	0.00426437598130761
197	164	2015	2.5e-09	4e-06	-0.0156351028689505
197	164	2015	2.5e-09	6e-06	0.0839748247554982
197	164	2015	2.5e-09	1e-05	0.0150853524856389
197	164	2015	2.5e-09	1.4e-05	-0.183955984575196
197	164	2015	5e-09	0	0
197	164	2015	5e-09	1e-07	0.0112473373226292
197	164	2015	5e-09	2.5e-07	0.0284284311507656
197	164	2015	5e-09	5e-07	0.0697898101993241
197	164	2015	5e-09	1e-06	-0.0908999506157043
197	164	2015	5e-09	2e-06	-0.200566696302048
197	164	2015	5e-09	4e-06	0
197	164	2015	5e-09	6e-06	0.0223870157841723
197	164	2015	5e-09	1e-05	-0.0507285104047741
197	164	2015	5e-09	1.4e-05	-0.161799040350599
197	164	2015	7.5e-09	0	-0.237970548805522
197	164	2015	7.5e-09	1e-07	-0.70154788159701
197	164	2015	7.5e-09	2.5e-07	0
197	164	2015	7.5e-09	5e-07	0.0403110848015081
197	164	2015	7.5e-09	1e-06	-0.0820432361201333
197	164	2015	7.5e-09	2e-06	-0.228257689190682
197	164	2015	7.5e-09	4e-06	-0.526090317585284
197	164	2015	7.5e-09	6e-06	-0.527577529455349
197	164	2015	7.5e-09	1e-05	0
197	164	2015	7.5e-09	1.4e-05	-0.105943001785419
197	164	2015	1e-08	0	-0.245990715785419
197	164	2015	1e-08	1e-07	-0.282635831785419
197	164	2015	1e-08	2.5e-07	-0.281044841785419
197	164	2015	1e-08	5e-07	-0.279326197785419
197	164	2015	1e-08	1e-06	0
197	164	2015	1e-08	2e-06	-0.198663356785419
197	164	2015	1e-08	4e-06	-0.270745513785419
197	164	2015	1e-08	6e-06	-0.280811489785419
197	164	2015	1e-08	1e-05	-0.289204815785419
197	164	2015	1e-08	1.4e-05	-0.288445326785419
5	164	2015	0	0	0
5	164	2015	0	1e-07	0
5	164	2015	0	2.5e-07	0
5	164	2015	0	5e-07	0
5	164	2015	0	1e-06	0
5	164	2015	0	2e-06	0
5	164	2015	0	4e-06	0
5	164	2015	0	6e-06	0.0261607571620975
5	164	2015	0	1e-05	-0.00633207426165555
5	164	2015	0	1.4e-05	-0.00356864305165871
5	164	2015	1e-09	0	-0.075483883863868
5	164	2015	1e-09	1e-07	0.0183754503704994
5	164	2015	1e-09	2.5e-07	0
5	164	2015	1e-09	5e-07	-0.00900049247245917
5	164	2015	1e-09	1e-06	-0.0124405013731997
5	164	2015	1e-09	2e-06	0.032843118325502
5	164	2015	1e-09	4e-06	0.0344756005044295
5	164	2015	1e-09	6e-06	0.0323631403533718
5	164	2015	1e-09	1e-05	0
5	164	2015	1e-09	1.4e-05	-0.0169609896639081
5	164	2015	2.5e-09	0	-0.00778231570494555
5	164	2015	2.5e-09	1e-07	0.0307170357278133
5	164	2015	2.5e-09	2.5e-07	-0.0351696248709332
5	164	2015	2.5e-09	5e-07	0.0298555864941915
5	164	2015	2.5e-09	1e-06	0
5	164	2015	2.5e-09	2e-06	-0.0268942880008083
5	164	2015	2.5e-09	4e-06	0.00615733237974666
5	164	2015	2.5e-09	6e-06	0.121103812255106
5	164	2015	2.5e-09	1e-05	0.0452239548047628
5	164	2015	2.5e-09	1.4e-05	0.0359833655574992
5	164	2015	5e-09	0	0
5	164	2015	5e-09	1e-07	0.013059996587411
5	164	2015	5e-09	2.5e-07	0.0619528996744359
5	164	2015	5e-09	5e-07	0.0772632781542737
5	164	2015	5e-09	1e-06	0.0161307197188151
5	164	2015	5e-09	2e-06	0.0275609238652532
5	164	2015	5e-09	4e-06	0
5	164	2015	5e-09	6e-06	0.028012122976338
5	164	2015	5e-09	1e-05	0.000697642518590556
5	164	2015	5e-09	1.4e-05	-0.00422881449636257
5	164	2015	7.5e-09	0	-0.00497924008861212
5	164	2015	7.5e-09	1e-07	-0.0405719803387037
5	164	2015	7.5e-09	2.5e-07	0
5	164	2015	7.5e-09	5e-07	0.0193423510728243
5	164	2015	7.5e-09	1e-06	-0.02480743840297
5	164	2015	7.5e-09	2e-06	-0.0127921438175707
5	164	2015	7.5e-09	4e-06	-0.0243903044735159
5	164	2015	7.5e-09	6e-06	-0.0420221608890402
5	164	2015	7.5e-09	1e-05	0
5	164	2015	7.5e-09	1.4e-05	-0.01456902933656
5	164	2015	1e-08	0	-0.0266481465500445
5	164	2015	1e-08	1e-07	-0.0307627353768871
5	164	2015	1e-08	2.5e-07	-0.0592870840144997
5	164	2015	1e-08	5e-07	-0.0943767746827776
5	164	2015	1e-08	1e-06	0
5	164	2015	1e-08	2e-06	-0.00627474068671461
5	164	2015	1e-08	4e-06	-0.021985666661797
5	164	2015	1e-08	6e-06	-0.0309115378510436
5	164	2015	1e-08	1e-05	-0.0522137529017501
5	164	2015	1e-08	1.4e-05	-0.067386460109032
198	164	2015	0	0	0
198	164	2015	0	1e-07	0
198	164	2015	0	2.5e-07	0
198	164	2015	0	5e-07	0
198	164	2015	0	1e-06	0
198	164	2015	0	2e-06	0
198	164	2015	0	4e-06	0
198	164	2015	0	6e-06	0.0544935198216231
198	164	2015	0	1e-05	0.0229207054490715
198	164	2015	0	1.4e-05	0.163528761508964
198	164	2015	1e-09	0	0.0249385804805338
198	164	2015	1e-09	1e-07	-0.987379303392725
198	164	2015	1e-09	2.5e-07	0
198	164	2015	1e-09	5e-07	0.0286870188344031
198	164	2015	1e-09	1e-06	0.0460950081004042
198	164	2015	1e-09	2e-06	0.0468236428209624
198	164	2015	1e-09	4e-06	-0.0292933757339289
198	164	2015	1e-09	6e-06	-0.987257690707885
198	164	2015	1e-09	1e-05	0
198	164	2015	1e-09	1.4e-05	0.0105851438878344
198	164	2015	2.5e-09	0	-0.00690077086416608
198	164	2015	2.5e-09	1e-07	-0.0123219393966247
198	164	2015	2.5e-09	2.5e-07	-0.03790147219929
198	164	2015	2.5e-09	5e-07	-0.990730642414917
198	164	2015	2.5e-09	1e-06	0
198	164	2015	2.5e-09	2e-06	0.0202509697199334
198	164	2015	2.5e-09	4e-06	-0.000695582479792876
198	164	2015	2.5e-09	6e-06	-0.119644779980431
198	164	2015	2.5e-09	1e-05	-0.0295716407615121
198	164	2015	2.5e-09	1.4e-05	-0.981130177824544
198	164	2015	5e-09	0	0
198	164	2015	5e-09	1e-07	0.142765350767943
198	164	2015	5e-09	2.5e-07	-0.129279357931815
198	164	2015	5e-09	5e-07	-0.0877063583561313
198	164	2015	5e-09	1e-06	-0.0233423682852115
198	164	2015	5e-09	2e-06	-0.89216305917561
198	164	2015	5e-09	4e-06	0
198	164	2015	5e-09	6e-06	0.0668413250522684
198	164	2015	5e-09	1e-05	-0.0986771368925772
198	164	2015	5e-09	1.4e-05	-0.0284748265113874
198	164	2015	7.5e-09	0	-0.0223744246035172
198	164	2015	7.5e-09	1e-07	-0.375877646130324
198	164	2015	7.5e-09	2.5e-07	0
198	164	2015	7.5e-09	5e-07	-0.000920248746488817
198	164	2015	7.5e-09	1e-06	-0.0446767682401599
198	164	2015	7.5e-09	2e-06	-0.0228263388563224
198	164	2015	7.5e-09	4e-06	-0.0212039067559009
198	164	2015	7.5e-09	6e-06	-0.119362001133251
198	164	2015	7.5e-09	1e-05	0
198	164	2015	7.5e-09	1.4e-05	-0.0177338565158709
198	164	2015	1e-08	0	-0.0194351002542783
198	164	2015	1e-08	1e-07	-0.0132459874112357
198	164	2015	1e-08	2.5e-07	-0.0142876878129844
198	164	2015	1e-08	5e-07	-0.0262133248653103
198	164	2015	1e-08	1e-06	0
198	164	2015	1e-08	2e-06	-0.00722869523293724
198	164	2015	1e-08	4e-06	-0.015369486740296
198	164	2015	1e-08	6e-06	-0.0150460868951064
198	164	2015	1e-08	1e-05	-0.0187947846109348
198	164	2015	1e-08	1.4e-05	-0.0185152804628881
94	164	2015	0	0	0
94	164	2015	0	1e-07	0
94	164	2015	0	2.5e-07	0
94	164	2015	0	5e-07	0
94	164	2015	0	1e-06	0
94	164	2015	0	2e-06	0
94	164	2015	0	4e-06	0
94	164	2015	0	6e-06	0.0359037323182919
94	164	2015	0	1e-05	0.0229870106818619
94	164	2015	0	1.4e-05	0.0416852724356495
94	164	2015	1e-09	0	0.0343052280262198
94	164	2015	1e-09	1e-07	0.18786501800402
94	164	2015	1e-09	2.5e-07	0
94	164	2015	1e-09	5e-07	-0.0122969832577418
94	164	2015	1e-09	1e-06	0.0271998883299223
94	164	2015	1e-09	2e-06	-0.0087128522900413
94	164	2015	1e-09	4e-06	0.101241729405366
94	164	2015	1e-09	6e-06	0.0962413500181751
94	164	2015	1e-09	1e-05	0
94	164	2015	1e-09	1.4e-05	0.0121210451669828
94	164	2015	2.5e-09	0	-7.17500405248472e-05
94	164	2015	2.5e-09	1e-07	0.0187596814987187
94	164	2015	2.5e-09	2.5e-07	0.151154874292156
94	164	2015	2.5e-09	5e-07	-0.0507232603853309
94	164	2015	2.5e-09	1e-06	0
94	164	2015	2.5e-09	2e-06	0.0247961195221272
94	164	2015	2.5e-09	4e-06	0.0516016816176456
94	164	2015	2.5e-09	6e-06	0.0809043117670088
94	164	2015	2.5e-09	1e-05	-0.0316314205523828
94	164	2015	2.5e-09	1.4e-05	-0.208636974558738
94	164	2015	5e-09	0	0
94	164	2015	5e-09	1e-07	0.0958432802107316
94	164	2015	5e-09	2.5e-07	0.0981432326641011
94	164	2015	5e-09	5e-07	-0.0825195601905618
94	164	2015	5e-09	1e-06	-0.4649847115829
94	164	2015	5e-09	2e-06	-0.605133135135078
94	164	2015	5e-09	4e-06	0
94	164	2015	5e-09	6e-06	-0.0961721206110629
94	164	2015	5e-09	1e-05	-0.218878542611063
94	164	2015	5e-09	1.4e-05	-0.425929896611063
94	164	2015	7.5e-09	0	-0.514118252611063
94	164	2015	7.5e-09	1e-07	-0.518610026611063
94	164	2015	7.5e-09	2.5e-07	0
94	164	2015	7.5e-09	5e-07	-0.392477222611063
94	164	2015	7.5e-09	1e-06	-0.440054980611063
94	164	2015	7.5e-09	2e-06	-0.542650639611063
94	164	2015	7.5e-09	4e-06	-0.563558560611063
94	164	2015	7.5e-09	6e-06	-0.552938644611063
94	164	2015	7.5e-09	1e-05	0
94	164	2015	7.5e-09	1.4e-05	-0.526973194611063
94	164	2015	1e-08	0	-0.550636206611063
94	164	2015	1e-08	1e-07	-0.594577804611063
94	164	2015	1e-08	2.5e-07	-0.595611218611063
94	164	2015	1e-08	5e-07	-0.622548267611063
94	164	2015	1e-08	1e-06	0
94	164	2015	1e-08	2e-06	-0.564845201611063
94	164	2015	1e-08	4e-06	-0.563537148611063
94	164	2015	1e-08	6e-06	-0.608557575611063
94	164	2015	1e-08	1e-05	-0.604591427611063
94	164	2015	1e-08	1.4e-05	-0.606842852611063
199	164	2015	0	0	0
199	164	2015	0	1e-07	0
199	164	2015	0	2.5e-07	0
199	164	2015	0	5e-07	0
199	164	2015	0	1e-06	0
199	164	2015	0	2e-06	0
199	164	2015	0	4e-06	0
199	164	2015	0	6e-06	-0.0238383250260722
199	164	2015	0	1e-05	0.100758395617867
199	164	2015	0	1.4e-05	0.0361476769988067
199	164	2015	1e-09	0	0.0288216012148575
199	164	2015	1e-09	1e-07	-0.0133290603965909
199	164	2015	1e-09	2.5e-07	0
199	164	2015	1e-09	5e-07	-0.0316971259398667
199	164	2015	1e-09	1e-06	0.0401201886134677
199	164	2015	1e-09	2e-06	-0.0878978880709305
199	164	2015	1e-09	4e-06	-0.0585817450990556
199	164	2015	1e-09	6e-06	-0.0274242081804593
199	164	2015	1e-09	1e-05	0
199	164	2015	1e-09	1.4e-05	-0.0238867548364061
199	164	2015	2.5e-09	0	-0.0698166629016498
199	164	2015	2.5e-09	1e-07	-0.240191364548732
199	164	2015	2.5e-09	2.5e-07	-0.0563805753269801
199	164	2015	2.5e-09	5e-07	-0.022268410886187
199	164	2015	2.5e-09	1e-06	0
199	164	2015	2.5e-09	2e-06	-0.0325512305247057
199	164	2015	2.5e-09	4e-06	-0.289277573008505
199	164	2015	2.5e-09	6e-06	-0.217834107392749
199	164	2015	2.5e-09	1e-05	-0.042040076507388
199	164	2015	2.5e-09	1.4e-05	-0.0218951657657818
199	164	2015	5e-09	0	0
199	164	2015	5e-09	1e-07	-0.0899088704041953
199	164	2015	5e-09	2.5e-07	-0.245086449208865
199	164	2015	5e-09	5e-07	-0.104843981052807
199	164	2015	5e-09	1e-06	-0.0352048185893229
199	164	2015	5e-09	2e-06	-0.0242193240162269
199	164	2015	5e-09	4e-06	0
199	164	2015	5e-09	6e-06	-0.0923186637144606
199	164	2015	5e-09	1e-05	-0.105799358459018
199	164	2015	5e-09	1.4e-05	-0.039090057828368
199	164	2015	7.5e-09	0	-0.0234045267119952
199	164	2015	7.5e-09	1e-07	-0.0241461591532344
199	164	2015	7.5e-09	2.5e-07	0
199	164	2015	7.5e-09	5e-07	-0.0495951679518562
199	164	2015	7.5e-09	1e-06	-0.0477474097157374
199	164	2015	7.5e-09	2e-06	-0.0266091306582967
199	164	2015	7.5e-09	4e-06	-0.0210686878265012
199	164	2015	7.5e-09	6e-06	-0.111855250809032
199	164	2015	7.5e-09	1e-05	0
199	164	2015	7.5e-09	1.4e-05	-0.0101194994439388
199	164	2015	1e-08	0	-0.0238955157541938
199	164	2015	1e-08	1e-07	-0.0215592702949695
199	164	2015	1e-08	2.5e-07	-0.0198708508473881
199	164	2015	1e-08	5e-07	-0.0226070943907471
199	164	2015	1e-08	1e-06	0
199	164	2015	1e-08	2e-06	-0.0139128511220897
199	164	2015	1e-08	4e-06	-0.0198024291220897
199	164	2015	1e-08	6e-06	-0.0142941821220897
199	164	2015	1e-08	1e-05	-0.0134654381220897
199	164	2015	1e-08	1.4e-05	-0.0104427931220897
200	164	2015	0	0	0
200	164	2015	0	1e-07	0
200	164	2015	0	2.5e-07	0
200	164	2015	0	5e-07	0
200	164	2015	0	1e-06	0
200	164	2015	0	2e-06	0
200	164	2015	0	4e-06	0
200	164	2015	0	6e-06	-0.00712217893416181
200	164	2015	0	1e-05	0.0847762315471392
200	164	2015	0	1.4e-05	-0.0117492998088487
200	164	2015	1e-09	0	-0.0747124137753386
200	164	2015	1e-09	1e-07	-0.0339608175856269
200	164	2015	1e-09	2.5e-07	0
200	164	2015	1e-09	5e-07	-0.0172586602018441
200	164	2015	1e-09	1e-06	-0.0557427052603784
200	164	2015	1e-09	2e-06	0.0147145635713227
200	164	2015	1e-09	4e-06	-0.0571015515634594
200	164	2015	1e-09	6e-06	-0.0442633799888967
200	164	2015	1e-09	1e-05	0
200	164	2015	1e-09	1.4e-05	-0.0613955392789521
200	164	2015	2.5e-09	0	-0.0435784869807422
200	164	2015	2.5e-09	1e-07	-0.0446309227368724
200	164	2015	2.5e-09	2.5e-07	-0.0826166406174849
200	164	2015	2.5e-09	5e-07	-0.0422756982781164
200	164	2015	2.5e-09	1e-06	0
200	164	2015	2.5e-09	2e-06	0.00136566191958224
200	164	2015	2.5e-09	4e-06	-0.0290251318390756
200	164	2015	2.5e-09	6e-06	-0.0732850827847976
200	164	2015	2.5e-09	1e-05	-0.0545194354091112
200	164	2015	2.5e-09	1.4e-05	-0.0406521681333458
200	164	2015	5e-09	0	0
200	164	2015	5e-09	1e-07	0.140363794974416
200	164	2015	5e-09	2.5e-07	0.0843216155694277
200	164	2015	5e-09	5e-07	-0.0488909182363761
200	164	2015	5e-09	1e-06	-0.0447113213512588
200	164	2015	5e-09	2e-06	-0.0392630812991474
200	164	2015	5e-09	4e-06	0
200	164	2015	5e-09	6e-06	-0.00794487441880033
200	164	2015	5e-09	1e-05	-0.0213908705265132
200	164	2015	5e-09	1.4e-05	-0.0435377867176138
200	164	2015	7.5e-09	0	-0.0460868637352241
200	164	2015	7.5e-09	1e-07	-0.130408999339456
200	164	2015	7.5e-09	2.5e-07	0
200	164	2015	7.5e-09	5e-07	-0.0261165375822967
200	164	2015	7.5e-09	1e-06	-0.0300407485822967
200	164	2015	7.5e-09	2e-06	-0.0464263255822967
200	164	2015	7.5e-09	4e-06	-0.0406503405822967
200	164	2015	7.5e-09	6e-06	-0.0461241545822967
200	164	2015	7.5e-09	1e-05	0
200	164	2015	7.5e-09	1.4e-05	-0.0462665415822967
200	164	2015	1e-08	0	-0.0483006335822967
200	164	2015	1e-08	1e-07	-0.0512955155822967
200	164	2015	1e-08	2.5e-07	-0.0455785525822967
200	164	2015	1e-08	5e-07	-0.0522562495822967
200	164	2015	1e-08	1e-06	0
200	164	2015	1e-08	2e-06	-0.0520327885822967
200	164	2015	1e-08	4e-06	-0.0636644425822967
200	164	2015	1e-08	6e-06	-0.0632705055822967
200	164	2015	1e-08	1e-05	-0.0636297365822967
200	164	2015	1e-08	1.4e-05	-0.0583896245822967
201	164	2015	0	0	0
201	164	2015	0	1e-07	0
201	164	2015	0	2.5e-07	0
201	164	2015	0	5e-07	0
201	164	2015	0	1e-06	0
201	164	2015	0	2e-06	0
201	164	2015	0	4e-06	0
201	164	2015	0	6e-06	0.0328925481380462
201	164	2015	0	1e-05	0.103998317507655
201	164	2015	0	1.4e-05	0.146034555594015
201	164	2015	1e-09	0	0.188063224315868
201	164	2015	1e-09	1e-07	0.0591175660496872
201	164	2015	1e-09	2.5e-07	0
201	164	2015	1e-09	5e-07	0.122263379334612
201	164	2015	1e-09	1e-06	0.0590661966596188
201	164	2015	1e-09	2e-06	0.2007078383331
201	164	2015	1e-09	4e-06	0.190940180989109
201	164	2015	1e-09	6e-06	0.0708045423659696
201	164	2015	1e-09	1e-05	0
201	164	2015	1e-09	1.4e-05	0.0155047429443867
201	164	2015	2.5e-09	0	0.0311040591161442
201	164	2015	2.5e-09	1e-07	0.155628219250619
201	164	2015	2.5e-09	2.5e-07	0.0595052025380982
201	164	2015	2.5e-09	5e-07	0.0781687740377477
201	164	2015	2.5e-09	1e-06	0
201	164	2015	2.5e-09	2e-06	0.085627389570857
201	164	2015	2.5e-09	4e-06	0.0574424396863545
201	164	2015	2.5e-09	6e-06	0.067679801715185
201	164	2015	2.5e-09	1e-05	0.0915793470553819
201	164	2015	2.5e-09	1.4e-05	-0.00160576174656761
201	164	2015	5e-09	0	0
201	164	2015	5e-09	1e-07	0.0228726536031816
201	164	2015	5e-09	2.5e-07	0.0758690881688959
201	164	2015	5e-09	5e-07	-0.0892193290273886
201	164	2015	5e-09	1e-06	-0.0384037964514736
201	164	2015	5e-09	2e-06	-0.0497564933246385
201	164	2015	5e-09	4e-06	0
201	164	2015	5e-09	6e-06	0.0459723068635674
201	164	2015	5e-09	1e-05	0.0890648325747667
201	164	2015	5e-09	1.4e-05	-0.0579397495766762
201	164	2015	7.5e-09	0	-0.0379432356037169
201	164	2015	7.5e-09	1e-07	-0.0433832019570574
201	164	2015	7.5e-09	2.5e-07	0
201	164	2015	7.5e-09	5e-07	0.0598426103314945
201	164	2015	7.5e-09	1e-06	0.0593245908851471
201	164	2015	7.5e-09	2e-06	-0.0358578853460109
201	164	2015	7.5e-09	4e-06	-0.0625577769232813
201	164	2015	7.5e-09	6e-06	-0.27543493081753
201	164	2015	7.5e-09	1e-05	0
201	164	2015	7.5e-09	1.4e-05	0.0594568026763519
201	164	2015	1e-08	0	0.0397078718329816
201	164	2015	1e-08	1e-07	-0.0618452610777066
201	164	2015	1e-08	2.5e-07	-0.162557742676444
201	164	2015	1e-08	5e-07	-0.19340647644706
201	164	2015	1e-08	1e-06	0
201	164	2015	1e-08	2e-06	0.00573113932849971
201	164	2015	1e-08	4e-06	-0.0768854446994052
201	164	2015	1e-08	6e-06	-0.154676562083986
201	164	2015	1e-08	1e-05	-0.159676074096313
201	164	2015	1e-08	1.4e-05	-0.158148747359737
202	164	2015	0	0	0
202	164	2015	0	1e-07	0
202	164	2015	0	2.5e-07	0
202	164	2015	0	5e-07	0
202	164	2015	0	1e-06	0
202	164	2015	0	2e-06	0
202	164	2015	0	4e-06	0
202	164	2015	0	6e-06	0.0363412494319479
202	164	2015	0	1e-05	0.0359042214506543
202	164	2015	0	1.4e-05	0.0708605696751228
202	164	2015	1e-09	0	0.0111982288666476
202	164	2015	1e-09	1e-07	-0.0818746379952303
202	164	2015	1e-09	2.5e-07	0
202	164	2015	1e-09	5e-07	0.0402014288921764
202	164	2015	1e-09	1e-06	-0.0172752117542474
202	164	2015	1e-09	2e-06	0.0300137987358981
202	164	2015	1e-09	4e-06	-0.0275552793314563
202	164	2015	1e-09	6e-06	0.0255339130976409
202	164	2015	1e-09	1e-05	0
202	164	2015	1e-09	1.4e-05	0.0416786847635177
202	164	2015	2.5e-09	0	0.108801619562393
202	164	2015	2.5e-09	1e-07	-0.0131548993711402
202	164	2015	2.5e-09	2.5e-07	-0.0450568741886592
202	164	2015	2.5e-09	5e-07	-0.127846349787717
202	164	2015	2.5e-09	1e-06	0
202	164	2015	2.5e-09	2e-06	0.039598688091088
202	164	2015	2.5e-09	4e-06	-0.0239523581802622
202	164	2015	2.5e-09	6e-06	-0.0214353375402699
202	164	2015	2.5e-09	1e-05	-0.00744732651543245
202	164	2015	2.5e-09	1.4e-05	-0.12530907241584
202	164	2015	5e-09	0	0
202	164	2015	5e-09	1e-07	-0.130213627742934
202	164	2015	5e-09	2.5e-07	-0.0343121027429335
202	164	2015	5e-09	5e-07	-0.183423866742934
202	164	2015	5e-09	1e-06	-0.189886309742934
202	164	2015	5e-09	2e-06	-0.183004227742934
202	164	2015	5e-09	4e-06	0
202	164	2015	5e-09	6e-06	-0.174725900742934
202	164	2015	5e-09	1e-05	-0.184934567742934
202	164	2015	5e-09	1.4e-05	-0.245402740742934
202	164	2015	7.5e-09	0	-0.285787833742934
202	164	2015	7.5e-09	1e-07	-0.306045970742934
202	164	2015	7.5e-09	2.5e-07	0
202	164	2015	7.5e-09	5e-07	-0.281170470742934
202	164	2015	7.5e-09	1e-06	-0.304867425742934
202	164	2015	7.5e-09	2e-06	-0.320446284742934
202	164	2015	7.5e-09	4e-06	-0.324310704742934
202	164	2015	7.5e-09	6e-06	-0.368332848742934
202	164	2015	7.5e-09	1e-05	0
202	164	2015	7.5e-09	1.4e-05	-0.325156438742934
202	164	2015	1e-08	0	-0.329682084742934
202	164	2015	1e-08	1e-07	-0.324730729742934
202	164	2015	1e-08	2.5e-07	-0.398286482742934
202	164	2015	1e-08	5e-07	-0.382021732742934
202	164	2015	1e-08	1e-06	0
202	164	2015	1e-08	2e-06	-0.422499617742934
202	164	2015	1e-08	4e-06	-0.422749963742934
202	164	2015	1e-08	6e-06	-0.398993514742934
202	164	2015	1e-08	1e-05	-0.407651031742934
202	164	2015	1e-08	1.4e-05	-0.384906591742934
203	164	2015	0	0	NA
203	164	2015	0	1e-07	NA
203	164	2015	0	2.5e-07	NA
203	164	2015	0	5e-07	NA
203	164	2015	0	1e-06	NA
203	164	2015	0	2e-06	NA
203	164	2015	0	4e-06	NA
203	164	2015	0	6e-06	NA
203	164	2015	0	1e-05	NA
203	164	2015	0	1.4e-05	NA
203	164	2015	1e-09	0	NA
203	164	2015	1e-09	1e-07	NA
203	164	2015	1e-09	2.5e-07	NA
203	164	2015	1e-09	5e-07	NA
203	164	2015	1e-09	1e-06	NA
203	164	2015	1e-09	2e-06	NA
203	164	2015	1e-09	4e-06	NA
203	164	2015	1e-09	6e-06	NA
203	164	2015	1e-09	1e-05	NA
203	164	2015	1e-09	1.4e-05	NA
203	164	2015	2.5e-09	0	NA
203	164	2015	2.5e-09	1e-07	NA
203	164	2015	2.5e-09	2.5e-07	NA
203	164	2015	2.5e-09	5e-07	NA
203	164	2015	2.5e-09	1e-06	NA
203	164	2015	2.5e-09	2e-06	NA
203	164	2015	2.5e-09	4e-06	NA
203	164	2015	2.5e-09	6e-06	NA
203	164	2015	2.5e-09	1e-05	NA
203	164	2015	2.5e-09	1.4e-05	NA
203	164	2015	5e-09	0	NA
203	164	2015	5e-09	1e-07	NA
203	164	2015	5e-09	2.5e-07	NA
203	164	2015	5e-09	5e-07	NA
203	164	2015	5e-09	1e-06	NA
203	164	2015	5e-09	2e-06	NA
203	164	2015	5e-09	4e-06	NA
203	164	2015	5e-09	6e-06	NA
203	164	2015	5e-09	1e-05	NA
203	164	2015	5e-09	1.4e-05	NA
203	164	2015	7.5e-09	0	NA
203	164	2015	7.5e-09	1e-07	NA
203	164	2015	7.5e-09	2.5e-07	NA
203	164	2015	7.5e-09	5e-07	NA
203	164	2015	7.5e-09	1e-06	NA
203	164	2015	7.5e-09	2e-06	NA
203	164	2015	7.5e-09	4e-06	NA
203	164	2015	7.5e-09	6e-06	NA
203	164	2015	7.5e-09	1e-05	NA
203	164	2015	7.5e-09	1.4e-05	NA
203	164	2015	1e-08	0	NA
203	164	2015	1e-08	1e-07	NA
203	164	2015	1e-08	2.5e-07	NA
203	164	2015	1e-08	5e-07	NA
203	164	2015	1e-08	1e-06	NA
203	164	2015	1e-08	2e-06	NA
203	164	2015	1e-08	4e-06	NA
203	164	2015	1e-08	6e-06	NA
203	164	2015	1e-08	1e-05	NA
203	164	2015	1e-08	1.4e-05	NA
16	164	2015	0	0	0
16	164	2015	0	1e-07	0
16	164	2015	0	2.5e-07	0
16	164	2015	0	5e-07	0
16	164	2015	0	1e-06	0
16	164	2015	0	2e-06	0
16	164	2015	0	4e-06	0
16	164	2015	0	6e-06	0.0191354603225111
16	164	2015	0	1e-05	-0.00940591987577747
16	164	2015	0	1.4e-05	-0.931002498303733
16	164	2015	1e-09	0	-0.923669100704472
16	164	2015	1e-09	1e-07	-0.923051964392076
16	164	2015	1e-09	2.5e-07	0
16	164	2015	1e-09	5e-07	-0.050350960237022
16	164	2015	1e-09	1e-06	0.0713154815435902
16	164	2015	1e-09	2e-06	-0.927266602434342
16	164	2015	1e-09	4e-06	-0.92621541593243
16	164	2015	1e-09	6e-06	-0.923890556494856
16	164	2015	1e-09	1e-05	0
16	164	2015	1e-09	1.4e-05	-0.0164770199124044
16	164	2015	2.5e-09	0	-0.110217817155277
16	164	2015	2.5e-09	1e-07	-0.9329276822527
16	164	2015	2.5e-09	2.5e-07	-0.921948934919598
16	164	2015	2.5e-09	5e-07	-0.921058403815743
16	164	2015	2.5e-09	1e-06	0
16	164	2015	2.5e-09	2e-06	-0.0234779875909486
16	164	2015	2.5e-09	4e-06	-0.182799423105458
16	164	2015	2.5e-09	6e-06	-0.929008667178192
16	164	2015	2.5e-09	1e-05	-0.925736928115847
16	164	2015	2.5e-09	1.4e-05	-0.915064743998132
16	164	2015	5e-09	0	0
16	164	2015	5e-09	1e-07	-0.223122701481016
16	164	2015	5e-09	2.5e-07	-0.0971280427391045
16	164	2015	5e-09	5e-07	-0.895474717839526
16	164	2015	5e-09	1e-06	-0.880042033378701
16	164	2015	5e-09	2e-06	-0.882624289985694
16	164	2015	5e-09	4e-06	0
16	164	2015	5e-09	6e-06	-0.161315212068899
16	164	2015	5e-09	1e-05	-0.0392531634381027
16	164	2015	5e-09	1.4e-05	-0.5038751034061
16	164	2015	7.5e-09	0	-0.502411721849358
16	164	2015	7.5e-09	1e-07	-0.493146760697951
16	164	2015	7.5e-09	2.5e-07	0
16	164	2015	7.5e-09	5e-07	-0.0625628116795081
16	164	2015	7.5e-09	1e-06	-0.0342415007111802
16	164	2015	7.5e-09	2e-06	-0.168159455429254
16	164	2015	7.5e-09	4e-06	-0.159810900761519
16	164	2015	7.5e-09	6e-06	-0.154053828471231
16	164	2015	7.5e-09	1e-05	0
16	164	2015	7.5e-09	1.4e-05	-0.0326862663809178
16	164	2015	1e-08	0	-0.0338998571225457
16	164	2015	1e-08	1e-07	-0.0406685697661262
16	164	2015	1e-08	2.5e-07	-0.0326341844264346
16	164	2015	1e-08	5e-07	-0.0301472282615557
16	164	2015	1e-08	1e-06	0
16	164	2015	1e-08	2e-06	-0.030290165869103
16	164	2015	1e-08	4e-06	-0.0306177037534671
16	164	2015	1e-08	6e-06	-0.0327574161261987
16	164	2015	1e-08	1e-05	-0.0173392977208773
16	164	2015	1e-08	1.4e-05	-0.0205351523829676
116	164	2015	0	0	0
116	164	2015	0	1e-07	0
116	164	2015	0	2.5e-07	0
116	164	2015	0	5e-07	0
116	164	2015	0	1e-06	0
116	164	2015	0	2e-06	0
116	164	2015	0	4e-06	0
116	164	2015	0	6e-06	-0.0328576763578914
116	164	2015	0	1e-05	-0.0430923007827218
116	164	2015	0	1.4e-05	-0.00602651581544833
116	164	2015	1e-09	0	0.0610516598461689
116	164	2015	1e-09	1e-07	0.0748458572236466
116	164	2015	1e-09	2.5e-07	0
116	164	2015	1e-09	5e-07	0.0343061205511334
116	164	2015	1e-09	1e-06	0.0358035529642089
116	164	2015	1e-09	2e-06	0.0561993880995601
116	164	2015	1e-09	4e-06	0.0478679441796385
116	164	2015	1e-09	6e-06	0.00615299240699429
116	164	2015	1e-09	1e-05	0
116	164	2015	1e-09	1.4e-05	0.0277476263512757
116	164	2015	2.5e-09	0	0.0722740244661212
116	164	2015	2.5e-09	1e-07	0.0926547241849684
116	164	2015	2.5e-09	2.5e-07	-0.0127719758260736
116	164	2015	2.5e-09	5e-07	0.029428244392066
116	164	2015	2.5e-09	1e-06	0
116	164	2015	2.5e-09	2e-06	-0.0120025920642586
116	164	2015	2.5e-09	4e-06	-0.011463226649347
116	164	2015	2.5e-09	6e-06	-0.00583928318921409
116	164	2015	2.5e-09	1e-05	-0.0272731427495398
116	164	2015	2.5e-09	1.4e-05	0.00251477309684304
116	164	2015	5e-09	0	0
116	164	2015	5e-09	1e-07	0.0170137099390588
116	164	2015	5e-09	2.5e-07	0.0159192838988946
116	164	2015	5e-09	5e-07	-0.0777569390914255
116	164	2015	5e-09	1e-06	-0.0754853579334463
116	164	2015	5e-09	2e-06	-0.0348248923941666
116	164	2015	5e-09	4e-06	0
116	164	2015	5e-09	6e-06	0.00346269866234024
116	164	2015	5e-09	1e-05	-0.0697595939271996
116	164	2015	5e-09	1.4e-05	-0.0490082141901423
116	164	2015	7.5e-09	0	-0.0595082710690653
116	164	2015	7.5e-09	1e-07	-0.0379252675922146
116	164	2015	7.5e-09	2.5e-07	0
116	164	2015	7.5e-09	5e-07	-0.036550284783094
116	164	2015	7.5e-09	1e-06	-0.0675556555373926
116	164	2015	7.5e-09	2e-06	-0.0333813421573812
116	164	2015	7.5e-09	4e-06	-0.032979121781514
116	164	2015	7.5e-09	6e-06	-0.0487894499500486
116	164	2015	7.5e-09	1e-05	0
116	164	2015	7.5e-09	1.4e-05	-0.0188570080419575
116	164	2015	1e-08	0	-0.037792712759856
116	164	2015	1e-08	1e-07	-0.0543305810035124
116	164	2015	1e-08	2.5e-07	-0.018521058852371
116	164	2015	1e-08	5e-07	-0.0228076107510719
116	164	2015	1e-08	1e-06	0
116	164	2015	1e-08	2e-06	0.00449342482069152
116	164	2015	1e-08	4e-06	-0.0433285219028246
116	164	2015	1e-08	6e-06	-0.0454171832864533
116	164	2015	1e-08	1e-05	-0.039226631389811
116	164	2015	1e-08	1.4e-05	-0.0507128736839728
20	164	2015	0	0	0
20	164	2015	0	1e-07	0
20	164	2015	0	2.5e-07	0
20	164	2015	0	5e-07	0
20	164	2015	0	1e-06	0
20	164	2015	0	2e-06	0
20	164	2015	0	4e-06	0
20	164	2015	0	6e-06	-0.00971436605385719
20	164	2015	0	1e-05	0.00917380317109888
20	164	2015	0	1.4e-05	0.0433186112515455
20	164	2015	1e-09	0	0.00146039333497527
20	164	2015	1e-09	1e-07	0.0924279534657862
20	164	2015	1e-09	2.5e-07	0
20	164	2015	1e-09	5e-07	-0.0365465617712604
20	164	2015	1e-09	1e-06	0.00952318851826661
20	164	2015	1e-09	2e-06	0.0137035282843584
20	164	2015	1e-09	4e-06	-0.139229082484362
20	164	2015	1e-09	6e-06	-0.000605682266201413
20	164	2015	1e-09	1e-05	0
20	164	2015	1e-09	1.4e-05	-0.0281884566938704
20	164	2015	2.5e-09	0	0.037350540821304
20	164	2015	2.5e-09	1e-07	0.0354087346857347
20	164	2015	2.5e-09	2.5e-07	0.00569735597123156
20	164	2015	2.5e-09	5e-07	0.100646486118406
20	164	2015	2.5e-09	1e-06	0
20	164	2015	2.5e-09	2e-06	0.00444263588244766
20	164	2015	2.5e-09	4e-06	0.0321635795469109
20	164	2015	2.5e-09	6e-06	0.0560804762669433
20	164	2015	2.5e-09	1e-05	0.0729242004864457
20	164	2015	2.5e-09	1.4e-05	0.197910804674146
20	164	2015	5e-09	0	0
20	164	2015	5e-09	1e-07	-0.00357141739671121
20	164	2015	5e-09	2.5e-07	0.00750156486599181
20	164	2015	5e-09	5e-07	-0.0612416179049376
20	164	2015	5e-09	1e-06	0.0859552669132135
20	164	2015	5e-09	2e-06	0.228105859693937
20	164	2015	5e-09	4e-06	0
20	164	2015	5e-09	6e-06	0.024368315101632
20	164	2015	5e-09	1e-05	-0.114098752424971
20	164	2015	5e-09	1.4e-05	0.0142279253322352
20	164	2015	7.5e-09	0	0.0833623338287891
20	164	2015	7.5e-09	1e-07	0.0956944267063111
20	164	2015	7.5e-09	2.5e-07	0
20	164	2015	7.5e-09	5e-07	0.000572453143009177
20	164	2015	7.5e-09	1e-06	0.0150042101087239
20	164	2015	7.5e-09	2e-06	0.0336504703593524
20	164	2015	7.5e-09	4e-06	0.0216017070328456
20	164	2015	7.5e-09	6e-06	-0.301845976284547
20	164	2015	7.5e-09	1e-05	0
20	164	2015	7.5e-09	1.4e-05	0.0443392614636594
20	164	2015	1e-08	0	0.00965359618121511
20	164	2015	1e-08	1e-07	-0.022034360411893
20	164	2015	1e-08	2.5e-07	-0.036245902284052
20	164	2015	1e-08	5e-07	-0.0391942901579883
20	164	2015	1e-08	1e-06	0
20	164	2015	1e-08	2e-06	0.035787953013099
20	164	2015	1e-08	4e-06	0.0128553165139179
20	164	2015	1e-08	6e-06	-0.0262476860635618
20	164	2015	1e-08	1e-05	-0.0414683528150273
20	164	2015	1e-08	1.4e-05	-0.0538728794678879
23	164	2015	0	0	0
23	164	2015	0	1e-07	0
23	164	2015	0	2.5e-07	0
23	164	2015	0	5e-07	0
23	164	2015	0	1e-06	0
23	164	2015	0	2e-06	0
23	164	2015	0	4e-06	0
23	164	2015	0	6e-06	-0.0248187444440211
23	164	2015	0	1e-05	-0.166974437519676
23	164	2015	0	1.4e-05	-0.00454503099532271
23	164	2015	1e-09	0	0.00615909120511217
23	164	2015	1e-09	1e-07	0.00793766059353953
23	164	2015	1e-09	2.5e-07	0
23	164	2015	1e-09	5e-07	0.00163018267661258
23	164	2015	1e-09	1e-06	-0.0655104701531616
23	164	2015	1e-09	2e-06	0.00375516814050719
23	164	2015	1e-09	4e-06	-0.00154348144897588
23	164	2015	1e-09	6e-06	0.00622462433612377
23	164	2015	1e-09	1e-05	0
23	164	2015	1e-09	1.4e-05	-0.00679360654845695
23	164	2015	2.5e-09	0	-0.266697172489653
23	164	2015	2.5e-09	1e-07	-0.00912508351652106
23	164	2015	2.5e-09	2.5e-07	0.00163347287685115
23	164	2015	2.5e-09	5e-07	-0.00207633683835796
23	164	2015	2.5e-09	1e-06	0
23	164	2015	2.5e-09	2e-06	-0.0205477306692957
23	164	2015	2.5e-09	4e-06	-0.270068545716707
23	164	2015	2.5e-09	6e-06	-0.0150836041095352
23	164	2015	2.5e-09	1e-05	0.00673885023730058
23	164	2015	2.5e-09	1.4e-05	0.000452765053259583
23	164	2015	5e-09	0	0
23	164	2015	5e-09	1e-07	-0.0623480143456654
23	164	2015	5e-09	2.5e-07	-0.139867890023686
23	164	2015	5e-09	5e-07	-0.00785887976609262
23	164	2015	5e-09	1e-06	0.00201078200696241
23	164	2015	5e-09	2e-06	0.000532227366479177
23	164	2015	5e-09	4e-06	0
23	164	2015	5e-09	6e-06	-0.163193399260445
23	164	2015	5e-09	1e-05	-0.049854906048414
23	164	2015	5e-09	1.4e-05	-0.00478504296048465
23	164	2015	7.5e-09	0	-0.00298253254257501
23	164	2015	7.5e-09	1e-07	-0.41282000399777
23	164	2015	7.5e-09	2.5e-07	0
23	164	2015	7.5e-09	5e-07	-0.0764404784897165
23	164	2015	7.5e-09	1e-06	-0.0203866392790219
23	164	2015	7.5e-09	2e-06	-0.00631514431636297
23	164	2015	7.5e-09	4e-06	-0.0104329299690921
23	164	2015	7.5e-09	6e-06	-0.148086308669874
23	164	2015	7.5e-09	1e-05	0
23	164	2015	7.5e-09	1.4e-05	-0.0177870801052409
23	164	2015	1e-08	0	0.00544741267764906
23	164	2015	1e-08	1e-07	-0.0236127466796622
23	164	2015	1e-08	2.5e-07	-0.00760229722721174
23	164	2015	1e-08	5e-07	-0.0309040246081329
23	164	2015	1e-08	1e-06	0
23	164	2015	1e-08	2e-06	-0.00168577430851338
23	164	2015	1e-08	4e-06	0.00875525918800999
23	164	2015	1e-08	6e-06	-8.15462589434013e-05
23	164	2015	1e-08	1e-05	-0.0111708421391887
23	164	2015	1e-08	1.4e-05	-0.00664245544841819
204	164	2015	0	0	0
204	164	2015	0	1e-07	0
204	164	2015	0	2.5e-07	0
204	164	2015	0	5e-07	0
204	164	2015	0	1e-06	0
204	164	2015	0	2e-06	0
204	164	2015	0	4e-06	0
204	164	2015	0	6e-06	-0.012889296192005
204	164	2015	0	1e-05	-0.028984551582509
204	164	2015	0	1.4e-05	-0.851444439946849
204	164	2015	1e-09	0	-0.908744483770579
204	164	2015	1e-09	1e-07	-0.915352152574723
204	164	2015	1e-09	2.5e-07	0
204	164	2015	1e-09	5e-07	-0.0122192309618998
204	164	2015	1e-09	1e-06	-0.00625340079444996
204	164	2015	1e-09	2e-06	-0.853772197590935
204	164	2015	1e-09	4e-06	-0.908463236075284
204	164	2015	1e-09	6e-06	-0.911051331131693
204	164	2015	1e-09	1e-05	0
204	164	2015	1e-09	1.4e-05	-0.0019577562078014
204	164	2015	2.5e-09	0	-0.132017507637274
204	164	2015	2.5e-09	1e-07	-0.895875909185288
204	164	2015	2.5e-09	2.5e-07	-0.907691134092252
204	164	2015	2.5e-09	5e-07	-0.91762707030236
204	164	2015	2.5e-09	1e-06	0
204	164	2015	2.5e-09	2e-06	-0.00727191633667047
204	164	2015	2.5e-09	4e-06	-0.114178894592469
204	164	2015	2.5e-09	6e-06	-0.893796572965254
204	164	2015	2.5e-09	1e-05	-0.91497089877234
204	164	2015	2.5e-09	1.4e-05	-0.917464097783588
204	164	2015	5e-09	0	0
204	164	2015	5e-09	1e-07	0.0233471059127453
204	164	2015	5e-09	2.5e-07	-0.0735734099013464
204	164	2015	5e-09	5e-07	-0.894185887879484
204	164	2015	5e-09	1e-06	-0.893200937806036
204	164	2015	5e-09	2e-06	-0.899908376029638
204	164	2015	5e-09	4e-06	0
204	164	2015	5e-09	6e-06	-0.13326232320528
204	164	2015	5e-09	1e-05	-0.0824710314482953
204	164	2015	5e-09	1.4e-05	-0.520913345707985
204	164	2015	7.5e-09	0	-0.530388493631433
204	164	2015	7.5e-09	1e-07	-0.516952230469599
204	164	2015	7.5e-09	2.5e-07	0
204	164	2015	7.5e-09	5e-07	-0.0713059099432017
204	164	2015	7.5e-09	1e-06	-0.0764600329413204
204	164	2015	7.5e-09	2e-06	-0.180410783997483
204	164	2015	7.5e-09	4e-06	-0.175069268096979
204	164	2015	7.5e-09	6e-06	-0.169318939242458
204	164	2015	7.5e-09	1e-05	0
204	164	2015	7.5e-09	1.4e-05	-0.0505694177157599
204	164	2015	1e-08	0	-0.0713580369800603
204	164	2015	1e-08	1e-07	-0.090345478592337
204	164	2015	1e-08	2.5e-07	-0.0898423958250104
204	164	2015	1e-08	5e-07	-0.0878127461149973
204	164	2015	1e-08	1e-06	0
204	164	2015	1e-08	2e-06	-0.0470703072978174
204	164	2015	1e-08	4e-06	-0.0626258557171099
204	164	2015	1e-08	6e-06	-0.0730803707856343
204	164	2015	1e-08	1e-05	-0.0778240179170004
204	164	2015	1e-08	1.4e-05	-0.0820467961097848
205	164	2015	0	0	0
205	164	2015	0	1e-07	0
205	164	2015	0	2.5e-07	0
205	164	2015	0	5e-07	0
205	164	2015	0	1e-06	0
205	164	2015	0	2e-06	0
205	164	2015	0	4e-06	0
205	164	2015	0	6e-06	-0.00182528173996005
205	164	2015	0	1e-05	0.0920877017187377
205	164	2015	0	1.4e-05	-0.0287508096623712
205	164	2015	1e-09	0	0.186495909841812
205	164	2015	1e-09	1e-07	0.151863197069453
205	164	2015	1e-09	2.5e-07	0
205	164	2015	1e-09	5e-07	0.0664123246208715
205	164	2015	1e-09	1e-06	0.00458080155881518
205	164	2015	1e-09	2e-06	0.146805053389632
205	164	2015	1e-09	4e-06	0.377432785017738
205	164	2015	1e-09	6e-06	0.352595041567019
205	164	2015	1e-09	1e-05	0
205	164	2015	1e-09	1.4e-05	0.0158114735697004
205	164	2015	2.5e-09	0	0.125135042683062
205	164	2015	2.5e-09	1e-07	0.141549105797336
205	164	2015	2.5e-09	2.5e-07	0.446711231301187
205	164	2015	2.5e-09	5e-07	0.337081649082821
205	164	2015	2.5e-09	1e-06	0
205	164	2015	2.5e-09	2e-06	0.126090835839735
205	164	2015	2.5e-09	4e-06	0.28147319407356
205	164	2015	2.5e-09	6e-06	0.41453300551404
205	164	2015	2.5e-09	1e-05	0.651418594301719
205	164	2015	2.5e-09	1.4e-05	0.357652688651816
205	164	2015	5e-09	0	0
205	164	2015	5e-09	1e-07	0.0133599083210179
205	164	2015	5e-09	2.5e-07	0.0171225225813389
205	164	2015	5e-09	5e-07	0.149052126061908
205	164	2015	5e-09	1e-06	0.202660574773723
205	164	2015	5e-09	2e-06	0.116939610696093
205	164	2015	5e-09	4e-06	0
205	164	2015	5e-09	6e-06	0.022331667135434
205	164	2015	5e-09	1e-05	0.0910907128507126
205	164	2015	5e-09	1.4e-05	0.0844098441601769
205	164	2015	7.5e-09	0	0.101110477595589
205	164	2015	7.5e-09	1e-07	0.0775004790459593
205	164	2015	7.5e-09	2.5e-07	0
205	164	2015	7.5e-09	5e-07	-0.0154512532386779
205	164	2015	7.5e-09	1e-06	0.0184756199664268
205	164	2015	7.5e-09	2e-06	0.0236516456790421
205	164	2015	7.5e-09	4e-06	0.0502809823301456
205	164	2015	7.5e-09	6e-06	0.0520588373436283
205	164	2015	7.5e-09	1e-05	0
205	164	2015	7.5e-09	1.4e-05	-0.021530762326767
205	164	2015	1e-08	0	-0.00768364417806266
205	164	2015	1e-08	1e-07	-0.00130135332484201
205	164	2015	1e-08	2.5e-07	0.016003269310886
205	164	2015	1e-08	5e-07	0.0157133402946765
205	164	2015	1e-08	1e-06	0
205	164	2015	1e-08	2e-06	-0.00847920009457216
205	164	2015	1e-08	4e-06	-0.00873490460670976
205	164	2015	1e-08	6e-06	-0.00711721888307675
205	164	2015	1e-08	1e-05	-0.00658400315918517
205	164	2015	1e-08	1.4e-05	-0.010869219220656
21	164	2015	0	0	0
21	164	2015	0	1e-07	0
21	164	2015	0	2.5e-07	0
21	164	2015	0	5e-07	0
21	164	2015	0	1e-06	0
21	164	2015	0	2e-06	0
21	164	2015	0	4e-06	0
21	164	2015	0	6e-06	-0.0173344547060235
21	164	2015	0	1e-05	0.00209144027302258
21	164	2015	0	1.4e-05	-0.0105054633970765
21	164	2015	1e-09	0	-0.00150505707095292
21	164	2015	1e-09	1e-07	0.0307136614505734
21	164	2015	1e-09	2.5e-07	0
21	164	2015	1e-09	5e-07	-0.0137709569265274
21	164	2015	1e-09	1e-06	0.0505141254761521
21	164	2015	1e-09	2e-06	0.0111862305170214
21	164	2015	1e-09	4e-06	0.0143218922510223
21	164	2015	1e-09	6e-06	0.0369972697277593
21	164	2015	1e-09	1e-05	0
21	164	2015	1e-09	1.4e-05	-0.0179846840439673
21	164	2015	2.5e-09	0	0.0209513691431673
21	164	2015	2.5e-09	1e-07	-0.00133205644499924
21	164	2015	2.5e-09	2.5e-07	-0.00466489089848906
21	164	2015	2.5e-09	5e-07	-0.0307895085292702
21	164	2015	2.5e-09	1e-06	0
21	164	2015	2.5e-09	2e-06	0.00359764721515631
21	164	2015	2.5e-09	4e-06	-0.00298138989758002
21	164	2015	2.5e-09	6e-06	-0.0502708218629239
21	164	2015	2.5e-09	1e-05	-0.0721330929637573
21	164	2015	2.5e-09	1.4e-05	-0.104306301873312
21	164	2015	5e-09	0	0
21	164	2015	5e-09	1e-07	-0.0818470771318866
21	164	2015	5e-09	2.5e-07	-0.176342007918266
21	164	2015	5e-09	5e-07	-0.307321158905562
21	164	2015	5e-09	1e-06	-0.332117251399214
21	164	2015	5e-09	2e-06	-0.41590004544173
21	164	2015	5e-09	4e-06	0
21	164	2015	5e-09	6e-06	-0.466964453768169
21	164	2015	5e-09	1e-05	-0.489725415714612
21	164	2015	5e-09	1.4e-05	-0.531384327625499
21	164	2015	7.5e-09	0	-0.552023631536569
21	164	2015	7.5e-09	1e-07	-0.548370024447823
21	164	2015	7.5e-09	2.5e-07	0
21	164	2015	7.5e-09	5e-07	-0.523776870173752
21	164	2015	7.5e-09	1e-06	-0.532866608159775
21	164	2015	7.5e-09	2e-06	-0.575852522136505
21	164	2015	7.5e-09	4e-06	-0.591641451113267
21	164	2015	7.5e-09	6e-06	-0.572882779090062
21	164	2015	7.5e-09	1e-05	0
21	164	2015	7.5e-09	1.4e-05	-0.532333984413619
21	164	2015	1e-08	0	-0.558765447411046
21	164	2015	1e-08	1e-07	-0.573724460406762
21	164	2015	1e-08	2.5e-07	-0.580672953402481
21	164	2015	1e-08	5e-07	-0.576699842398203
21	164	2015	1e-08	1e-06	0
21	164	2015	1e-08	2e-06	-0.5427028664035
21	164	2015	1e-08	4e-06	-0.546393542402657
21	164	2015	1e-08	6e-06	-0.571599366401251
21	164	2015	1e-08	1e-05	-0.575490281399847
21	164	2015	1e-08	1.4e-05	-0.569847535398443
195	164	2015	0	0	0
195	164	2015	0	1e-07	0
195	164	2015	0	2.5e-07	0
195	164	2015	0	5e-07	0
195	164	2015	0	1e-06	0
195	164	2015	0	2e-06	0
195	164	2015	0	4e-06	0
195	164	2015	0	6e-06	-0.0219703614660794
195	164	2015	0	1e-05	0.0496884682032606
195	164	2015	0	1.4e-05	0.0818367290480889
195	164	2015	1e-09	0	0.193590908222305
195	164	2015	1e-09	1e-07	0.0477897908187997
195	164	2015	1e-09	2.5e-07	0
195	164	2015	1e-09	5e-07	-0.0192807389323033
195	164	2015	1e-09	1e-06	0.0440356360269249
195	164	2015	1e-09	2e-06	0.18325190891846
195	164	2015	1e-09	4e-06	0.066603996273878
195	164	2015	1e-09	6e-06	0.0436120304374275
195	164	2015	1e-09	1e-05	0
195	164	2015	1e-09	1.4e-05	0.0429940752153622
195	164	2015	2.5e-09	0	0.0865932343014622
195	164	2015	2.5e-09	1e-07	0.274316321066778
195	164	2015	2.5e-09	2.5e-07	0.104220828233245
195	164	2015	2.5e-09	5e-07	0.0310656213262208
195	164	2015	2.5e-09	1e-06	0
195	164	2015	2.5e-09	2e-06	0.0839234287950937
195	164	2015	2.5e-09	4e-06	0.170225082103833
195	164	2015	2.5e-09	6e-06	0.0452751339705002
195	164	2015	2.5e-09	1e-05	-0.00625633735277852
195	164	2015	2.5e-09	1.4e-05	-0.0535850808872341
195	164	2015	5e-09	0	0
195	164	2015	5e-09	1e-07	-0.0250302205923424
195	164	2015	5e-09	2.5e-07	-0.00885774382695249
195	164	2015	5e-09	5e-07	-0.0877712477701028
195	164	2015	5e-09	1e-06	-0.154514768233535
195	164	2015	5e-09	2e-06	-0.599276094872785
195	164	2015	5e-09	4e-06	0
195	164	2015	5e-09	6e-06	-0.136000987919401
195	164	2015	5e-09	1e-05	-0.148816549919401
195	164	2015	5e-09	1.4e-05	-0.199674291919401
195	164	2015	7.5e-09	0	-0.193452873919401
195	164	2015	7.5e-09	1e-07	-0.205107610919401
195	164	2015	7.5e-09	2.5e-07	0
195	164	2015	7.5e-09	5e-07	-0.198818481919401
195	164	2015	7.5e-09	1e-06	-0.176433443919401
195	164	2015	7.5e-09	2e-06	-0.195338782919401
195	164	2015	7.5e-09	4e-06	-0.207893167919401
195	164	2015	7.5e-09	6e-06	-0.206872697919401
195	164	2015	7.5e-09	1e-05	0
195	164	2015	7.5e-09	1.4e-05	-0.211439522919401
195	164	2015	1e-08	0	-0.208801199919401
195	164	2015	1e-08	1e-07	-0.207415111919401
195	164	2015	1e-08	2.5e-07	-0.203737762919401
195	164	2015	1e-08	5e-07	-0.226316687919401
195	164	2015	1e-08	1e-06	0
195	164	2015	1e-08	2e-06	-0.212655334919401
195	164	2015	1e-08	4e-06	-0.214841713919401
195	164	2015	1e-08	6e-06	-0.209805295919401
195	164	2015	1e-08	1e-05	-0.219482762919401
195	164	2015	1e-08	1.4e-05	-0.207621784919401
206	164	2015	0	0	0
206	164	2015	0	1e-07	0
206	164	2015	0	2.5e-07	0
206	164	2015	0	5e-07	0
206	164	2015	0	1e-06	0
206	164	2015	0	2e-06	0
206	164	2015	0	4e-06	0
206	164	2015	0	6e-06	0.000587840234261563
206	164	2015	0	1e-05	0.0194917442379176
206	164	2015	0	1.4e-05	0.0255655460726814
206	164	2015	1e-09	0	0.0324491414097773
206	164	2015	1e-09	1e-07	0.0404961535267047
206	164	2015	1e-09	2.5e-07	0
206	164	2015	1e-09	5e-07	0.0343647576178643
206	164	2015	1e-09	1e-06	-0.0104247819002346
206	164	2015	1e-09	2e-06	0.00207642347599759
206	164	2015	1e-09	4e-06	0.0114371898564437
206	164	2015	1e-09	6e-06	0.0677466418321281
206	164	2015	1e-09	1e-05	0
206	164	2015	1e-09	1.4e-05	-0.00696649239199445
206	164	2015	2.5e-09	0	0.00563848705590033
206	164	2015	2.5e-09	1e-07	0.0683888137050447
206	164	2015	2.5e-09	2.5e-07	0.0881379050662888
206	164	2015	2.5e-09	5e-07	0.0972479152696007
206	164	2015	2.5e-09	1e-06	0
206	164	2015	2.5e-09	2e-06	0.006191754470386
206	164	2015	2.5e-09	4e-06	0.0242371494989798
206	164	2015	2.5e-09	6e-06	0.130424467831395
206	164	2015	2.5e-09	1e-05	0.201647008364262
206	164	2015	2.5e-09	1.4e-05	0.131300923457788
206	164	2015	5e-09	0	0
206	164	2015	5e-09	1e-07	0.0288087614411945
206	164	2015	5e-09	2.5e-07	0.0895513003766379
206	164	2015	5e-09	5e-07	0.222304256601174
206	164	2015	5e-09	1e-06	0.135135926599074
206	164	2015	5e-09	2e-06	0.137432768838332
206	164	2015	5e-09	4e-06	0
206	164	2015	5e-09	6e-06	0.09719802872163
206	164	2015	5e-09	1e-05	0.101610098883462
206	164	2015	5e-09	1.4e-05	0.0564618142524612
206	164	2015	7.5e-09	0	0.0702722647730088
206	164	2015	7.5e-09	1e-07	0.0988536822351194
206	164	2015	7.5e-09	2.5e-07	0
206	164	2015	7.5e-09	5e-07	-0.0101291594614568
206	164	2015	7.5e-09	1e-06	0.0119608917071092
206	164	2015	7.5e-09	2e-06	0.00835819003474747
206	164	2015	7.5e-09	4e-06	0.0509333033677295
206	164	2015	7.5e-09	6e-06	0.049898826478199
206	164	2015	7.5e-09	1e-05	0
206	164	2015	7.5e-09	1.4e-05	-0.0409872605871642
206	164	2015	1e-08	0	-0.0319112476039584
206	164	2015	1e-08	1e-07	-0.0162090604260969
206	164	2015	1e-08	2.5e-07	0.0129374985901224
206	164	2015	1e-08	5e-07	0.0263453708585792
206	164	2015	1e-08	1e-06	0
206	164	2015	1e-08	2e-06	-0.0114694898181472
206	164	2015	1e-08	4e-06	-0.0207245428141704
206	164	2015	1e-08	6e-06	-0.00607612795939136
206	164	2015	1e-08	1e-05	0.0221142504206424
206	164	2015	1e-08	1.4e-05	0.0421885163879793
25	164	2015	0	0	0
25	164	2015	0	1e-07	0
25	164	2015	0	2.5e-07	0
25	164	2015	0	5e-07	0
25	164	2015	0	1e-06	0
25	164	2015	0	2e-06	0
25	164	2015	0	4e-06	0
25	164	2015	0	6e-06	-0.0317669943512546
25	164	2015	0	1e-05	-0.0173169985948128
25	164	2015	0	1.4e-05	0.00965397289238723
25	164	2015	1e-09	0	0.111609673549754
25	164	2015	1e-09	1e-07	-0.198786826178486
25	164	2015	1e-09	2.5e-07	0
25	164	2015	1e-09	5e-07	-0.00359883053391997
25	164	2015	1e-09	1e-06	-0.019543741969902
25	164	2015	1e-09	2e-06	-0.0194017479187104
25	164	2015	1e-09	4e-06	0.110517164290112
25	164	2015	1e-09	6e-06	-0.508794869398771
25	164	2015	1e-09	1e-05	0
25	164	2015	1e-09	1.4e-05	-0.0351432194874303
25	164	2015	2.5e-09	0	-0.0573939178343717
25	164	2015	2.5e-09	1e-07	0.0141705493503885
25	164	2015	2.5e-09	2.5e-07	0.128274509119439
25	164	2015	2.5e-09	5e-07	-0.655387908914451
25	164	2015	2.5e-09	1e-06	0
25	164	2015	2.5e-09	2e-06	-0.0311729947533455
25	164	2015	2.5e-09	4e-06	-0.0431232639194812
25	164	2015	2.5e-09	6e-06	0.0756401802274767
25	164	2015	2.5e-09	1e-05	-0.381444657689682
25	164	2015	2.5e-09	1.4e-05	-0.875501587987012
25	164	2015	5e-09	0	0
25	164	2015	5e-09	1e-07	0.0269268837946069
25	164	2015	5e-09	2.5e-07	0.071901006292192
25	164	2015	5e-09	5e-07	-0.193646309006651
25	164	2015	5e-09	1e-06	-0.65905492398075
25	164	2015	5e-09	2e-06	-0.842638039187999
25	164	2015	5e-09	4e-06	0
25	164	2015	5e-09	6e-06	-0.0388468015406174
25	164	2015	5e-09	1e-05	-0.271709924540617
25	164	2015	5e-09	1.4e-05	-0.549739938540617
25	164	2015	7.5e-09	0	-0.653001212540617
25	164	2015	7.5e-09	1e-07	-0.661672686540617
25	164	2015	7.5e-09	2.5e-07	0
25	164	2015	7.5e-09	5e-07	-0.297201992540617
25	164	2015	7.5e-09	1e-06	-0.500184083540617
25	164	2015	7.5e-09	2e-06	-0.642404568540617
25	164	2015	7.5e-09	4e-06	-0.660757053540617
25	164	2015	7.5e-09	6e-06	-0.659885573540617
25	164	2015	7.5e-09	1e-05	0
25	164	2015	7.5e-09	1.4e-05	-0.550003338540617
25	164	2015	1e-08	0	-0.634002407540617
25	164	2015	1e-08	1e-07	-0.652347376540617
25	164	2015	1e-08	2.5e-07	-0.658698496540617
25	164	2015	1e-08	5e-07	-0.653951051540617
25	164	2015	1e-08	1e-06	0
25	164	2015	1e-08	2e-06	-0.618129614540617
25	164	2015	1e-08	4e-06	-0.650032648540617
25	164	2015	1e-08	6e-06	-0.648401817540617
25	164	2015	1e-08	1e-05	-0.648912861540617
25	164	2015	1e-08	1.4e-05	-0.646553041540617
26	164	2015	0	0	0
26	164	2015	0	1e-07	0
26	164	2015	0	2.5e-07	0
26	164	2015	0	5e-07	0
26	164	2015	0	1e-06	0
26	164	2015	0	2e-06	0
26	164	2015	0	4e-06	0
26	164	2015	0	6e-06	-0.018552751110918
26	164	2015	0	1e-05	-0.0174178316793981
26	164	2015	0	1.4e-05	-0.0143724606919163
26	164	2015	1e-09	0	-0.000993838589657337
26	164	2015	1e-09	1e-07	-0.00455799276252217
26	164	2015	1e-09	2.5e-07	0
26	164	2015	1e-09	5e-07	-0.00160370928709909
26	164	2015	1e-09	1e-06	0.0664129737281672
26	164	2015	1e-09	2e-06	-0.00297354119944266
26	164	2015	1e-09	4e-06	0.00375429144378931
26	164	2015	1e-09	6e-06	-0.00108001275866564
26	164	2015	1e-09	1e-05	0
26	164	2015	1e-09	1.4e-05	0.0417381770685238
26	164	2015	2.5e-09	0	-0.0455129810686743
26	164	2015	2.5e-09	1e-07	-0.0376313814544753
26	164	2015	2.5e-09	2.5e-07	-0.00512215889567992
26	164	2015	2.5e-09	5e-07	-0.00632432696832035
26	164	2015	2.5e-09	1e-06	0
26	164	2015	2.5e-09	2e-06	-0.00620527118656426
26	164	2015	2.5e-09	4e-06	-0.134188082493418
26	164	2015	2.5e-09	6e-06	-0.0276254425531501
26	164	2015	2.5e-09	1e-05	-0.00876924250637803
26	164	2015	2.5e-09	1.4e-05	-0.00885860058322008
26	164	2015	5e-09	0	0
26	164	2015	5e-09	1e-07	-0.0806072188670024
26	164	2015	5e-09	2.5e-07	-0.192175187560363
26	164	2015	5e-09	5e-07	-0.0335215794660063
26	164	2015	5e-09	1e-06	-0.0101086362931394
26	164	2015	5e-09	2e-06	-0.0176123295519768
26	164	2015	5e-09	4e-06	0
26	164	2015	5e-09	6e-06	-0.15559354075056
26	164	2015	5e-09	1e-05	-0.0961518732678616
26	164	2015	5e-09	1.4e-05	-0.0222306898792766
26	164	2015	7.5e-09	0	-0.0153352783090793
26	164	2015	7.5e-09	1e-07	-0.015907563384499
26	164	2015	7.5e-09	2.5e-07	0
26	164	2015	7.5e-09	5e-07	-0.104782220485937
26	164	2015	7.5e-09	1e-06	-0.0573856666964442
26	164	2015	7.5e-09	2e-06	-0.026467199862836
26	164	2015	7.5e-09	4e-06	-0.0179778540291182
26	164	2015	7.5e-09	6e-06	-0.0204624853742369
26	164	2015	7.5e-09	1e-05	0
26	164	2015	7.5e-09	1.4e-05	-0.0456719743721489
26	164	2015	1e-08	0	-0.0303175811800488
26	164	2015	1e-08	1e-07	-0.0167604391405305
26	164	2015	1e-08	2.5e-07	-0.0192752665199074
26	164	2015	1e-08	5e-07	-0.0753000980533255
26	164	2015	1e-08	1e-06	0
26	164	2015	1e-08	2e-06	-0.0218649734849379
26	164	2015	1e-08	4e-06	-0.0204694877481871
26	164	2015	1e-08	6e-06	-0.0193593353209594
26	164	2015	1e-08	1e-05	-0.0363603934158264
26	164	2015	1e-08	1.4e-05	-0.0378423748627401
6	164	2015	0	0	0
6	164	2015	0	1e-07	0
6	164	2015	0	2.5e-07	0
6	164	2015	0	5e-07	0
6	164	2015	0	1e-06	0
6	164	2015	0	2e-06	0
6	164	2015	0	4e-06	0
6	164	2015	0	6e-06	-0.00904165574029164
6	164	2015	0	1e-05	-0.0078633062321731
6	164	2015	0	1.4e-05	-0.0305114342839154
6	164	2015	1e-09	0	-0.00986188628660137
6	164	2015	1e-09	1e-07	0.0115101817372704
6	164	2015	1e-09	2.5e-07	0
6	164	2015	1e-09	5e-07	0.0215536586120527
6	164	2015	1e-09	1e-06	0.0760477025799622
6	164	2015	1e-09	2e-06	-0.0540425935077585
6	164	2015	1e-09	4e-06	-0.0449816668299245
6	164	2015	1e-09	6e-06	-0.015796938277792
6	164	2015	1e-09	1e-05	0
6	164	2015	1e-09	1.4e-05	0.000695601848679388
6	164	2015	2.5e-09	0	0.0137178684539418
6	164	2015	2.5e-09	1e-07	-0.0347125681550716
6	164	2015	2.5e-09	2.5e-07	-0.042583002707994
6	164	2015	2.5e-09	5e-07	0.00163238562054275
6	164	2015	2.5e-09	1e-06	0
6	164	2015	2.5e-09	2e-06	0.0276066071593243
6	164	2015	2.5e-09	4e-06	-0.0356738179520929
6	164	2015	2.5e-09	6e-06	-0.0538469730270381
6	164	2015	2.5e-09	1e-05	-0.0138626075822796
6	164	2015	2.5e-09	1.4e-05	-0.0198311515029978
6	164	2015	5e-09	0	0
6	164	2015	5e-09	1e-07	0.0222594655360404
6	164	2015	5e-09	2.5e-07	-0.0692930560983975
6	164	2015	5e-09	5e-07	-0.0125418937565121
6	164	2015	5e-09	1e-06	-0.0288884607496632
6	164	2015	5e-09	2e-06	-0.020733164727667
6	164	2015	5e-09	4e-06	0
6	164	2015	5e-09	6e-06	-0.0449328022363702
6	164	2015	5e-09	1e-05	-0.0347770525161765
6	164	2015	5e-09	1.4e-05	-0.00969186944135608
6	164	2015	7.5e-09	0	0.00286137898752273
6	164	2015	7.5e-09	1e-07	0.0196067283865556
6	164	2015	7.5e-09	2.5e-07	0
6	164	2015	7.5e-09	5e-07	-0.0430026828058821
6	164	2015	7.5e-09	1e-06	-0.0457497550351622
6	164	2015	7.5e-09	2e-06	-0.0118983267026903
6	164	2015	7.5e-09	4e-06	0.00520141207549351
6	164	2015	7.5e-09	6e-06	-0.0285054550195998
6	164	2015	7.5e-09	1e-05	0
6	164	2015	7.5e-09	1.4e-05	0.00566592261696364
6	164	2015	1e-08	0	-0.0111101583830363
6	164	2015	1e-08	1e-07	-0.0121008613830361
6	164	2015	1e-08	2.5e-07	0.0119133296169642
6	164	2015	1e-08	5e-07	0.00655722161696438
6	164	2015	1e-08	1e-06	0
6	164	2015	1e-08	2e-06	-0.0227984193828723
6	164	2015	1e-08	4e-06	-0.00978853038287227
6	164	2015	1e-08	6e-06	-0.0560668603828722
6	164	2015	1e-08	1e-05	-0.0108479943828721
6	164	2015	1e-08	1.4e-05	0.0136566736171279
207	164	2015	0	0	0
207	164	2015	0	1e-07	0
207	164	2015	0	2.5e-07	0
207	164	2015	0	5e-07	0
207	164	2015	0	1e-06	0
207	164	2015	0	2e-06	0
207	164	2015	0	4e-06	0
207	164	2015	0	6e-06	0.0313998321808995
207	164	2015	0	1e-05	0.034599904784013
207	164	2015	0	1.4e-05	0.0533268116857845
207	164	2015	1e-09	0	0.182476796983532
207	164	2015	1e-09	1e-07	0.0151966738157113
207	164	2015	1e-09	2.5e-07	0
207	164	2015	1e-09	5e-07	0.0705304985839973
207	164	2015	1e-09	1e-06	-0.0540642884634271
207	164	2015	1e-09	2e-06	0.0610509861753216
207	164	2015	1e-09	4e-06	0.144727550975006
207	164	2015	1e-09	6e-06	0.0308993156506296
207	164	2015	1e-09	1e-05	0
207	164	2015	1e-09	1.4e-05	0.0210833969352137
207	164	2015	2.5e-09	0	-0.0621263111063961
207	164	2015	2.5e-09	1e-07	0.0885398474095206
207	164	2015	2.5e-09	2.5e-07	0.164698609560521
207	164	2015	2.5e-09	5e-07	0.0177449685077174
207	164	2015	2.5e-09	1e-06	0
207	164	2015	2.5e-09	2e-06	-0.00682555420723631
207	164	2015	2.5e-09	4e-06	-0.0257767770408707
207	164	2015	2.5e-09	6e-06	0.240953281275485
207	164	2015	2.5e-09	1e-05	0.0702226615598411
207	164	2015	2.5e-09	1.4e-05	0.0197093445166944
207	164	2015	5e-09	0	0
207	164	2015	5e-09	1e-07	-0.00147975577675354
207	164	2015	5e-09	2.5e-07	0.106658428182547
207	164	2015	5e-09	5e-07	-0.0292415240117845
207	164	2015	5e-09	1e-06	-0.0192411764297325
207	164	2015	5e-09	2e-06	0.0107227681973881
207	164	2015	5e-09	4e-06	0
207	164	2015	5e-09	6e-06	0.159541676522255
207	164	2015	5e-09	1e-05	0.0526653189999943
207	164	2015	5e-09	1.4e-05	-0.0368922944605826
207	164	2015	7.5e-09	0	0.000468918158700546
207	164	2015	7.5e-09	1e-07	0.0179742658581043
207	164	2015	7.5e-09	2.5e-07	0
207	164	2015	7.5e-09	5e-07	0.031418965820842
207	164	2015	7.5e-09	1e-06	-0.0211118994970582
207	164	2015	7.5e-09	2e-06	-0.0160110372938239
207	164	2015	7.5e-09	4e-06	0.00157684589577888
207	164	2015	7.5e-09	6e-06	0.00777004841133246
207	164	2015	7.5e-09	1e-05	0
207	164	2015	7.5e-09	1.4e-05	-0.0212795365078075
207	164	2015	1e-08	0	-0.0230286084070359
207	164	2015	1e-08	1e-07	-0.00239480943120123
207	164	2015	1e-08	2.5e-07	0.01017311019505
207	164	2015	1e-08	5e-07	-0.0526841682153244
207	164	2015	1e-08	1e-06	0
207	164	2015	1e-08	2e-06	0.0183963997927155
207	164	2015	1e-08	4e-06	0.0164758792834629
207	164	2015	1e-08	6e-06	-0.00656477211204447
207	164	2015	1e-08	1e-05	0.0128952977360476
207	164	2015	1e-08	1.4e-05	0.0120155651404771
9	164	2015	0	0	0
9	164	2015	0	1e-07	0
9	164	2015	0	2.5e-07	0
9	164	2015	0	5e-07	0
9	164	2015	0	1e-06	0
9	164	2015	0	2e-06	0
9	164	2015	0	4e-06	0
9	164	2015	0	6e-06	0.0306443712501712
9	164	2015	0	1e-05	0.00234738119169478
9	164	2015	0	1.4e-05	-0.00598991055305959
9	164	2015	1e-09	0	0.0219214945962661
9	164	2015	1e-09	1e-07	0.00878798515226457
9	164	2015	1e-09	2.5e-07	0
9	164	2015	1e-09	5e-07	-0.00842569682002434
9	164	2015	1e-09	1e-06	-0.0539523054302533
9	164	2015	1e-09	2e-06	-0.0428590924479748
9	164	2015	1e-09	4e-06	0.036793995986331
9	164	2015	1e-09	6e-06	0.0163710713932826
9	164	2015	1e-09	1e-05	0
9	164	2015	1e-09	1.4e-05	0.0171798807710989
9	164	2015	2.5e-09	0	-0.0611789645523675
9	164	2015	2.5e-09	1e-07	0.0162434545622605
9	164	2015	2.5e-09	2.5e-07	0.0311800367747413
9	164	2015	2.5e-09	5e-07	0.0135030838289578
9	164	2015	2.5e-09	1e-06	0
9	164	2015	2.5e-09	2e-06	0.017956932659621
9	164	2015	2.5e-09	4e-06	0.0185391709252964
9	164	2015	2.5e-09	6e-06	0.0544308850850859
9	164	2015	2.5e-09	1e-05	0.0249239722883743
9	164	2015	2.5e-09	1.4e-05	0.00762433400661465
9	164	2015	5e-09	0	0
9	164	2015	5e-09	1e-07	0.0757713444546059
9	164	2015	5e-09	2.5e-07	0.143403424215162
9	164	2015	5e-09	5e-07	0.0684001004727975
9	164	2015	5e-09	1e-06	0.0439469264644936
9	164	2015	5e-09	2e-06	-0.332471858992925
9	164	2015	5e-09	4e-06	0
9	164	2015	5e-09	6e-06	-0.00636838647694411
9	164	2015	5e-09	1e-05	-0.0349497023344063
9	164	2015	5e-09	1.4e-05	-0.0290955509044605
9	164	2015	7.5e-09	0	-0.0137327293792268
9	164	2015	7.5e-09	1e-07	-0.0431240894755476
9	164	2015	7.5e-09	2.5e-07	0
9	164	2015	7.5e-09	5e-07	-0.127661212540385
9	164	2015	7.5e-09	1e-06	-0.0861893875403849
9	164	2015	7.5e-09	2e-06	-0.0724225595403848
9	164	2015	7.5e-09	4e-06	0.0106254374596151
9	164	2015	7.5e-09	6e-06	-0.0853076785403849
9	164	2015	7.5e-09	1e-05	0
9	164	2015	7.5e-09	1.4e-05	-0.169564313540385
9	164	2015	1e-08	0	-0.131936549540385
9	164	2015	1e-08	1e-07	-0.144136500540385
9	164	2015	1e-08	2.5e-07	-0.113317691540385
9	164	2015	1e-08	5e-07	-0.105060643540385
9	164	2015	1e-08	1e-06	0
9	164	2015	1e-08	2e-06	-0.215356190540385
9	164	2015	1e-08	4e-06	-0.148594183540385
9	164	2015	1e-08	6e-06	-0.122523852540385
9	164	2015	1e-08	1e-05	-0.109932558540385
9	164	2015	1e-08	1.4e-05	-0.0863940705403849
208	164	2015	0	0	0
208	164	2015	0	1e-07	0
208	164	2015	0	2.5e-07	0
208	164	2015	0	5e-07	0
208	164	2015	0	1e-06	0
208	164	2015	0	2e-06	0
208	164	2015	0	4e-06	0
208	164	2015	0	6e-06	0.00388190313779305
208	164	2015	0	1e-05	0.0764134066940541
208	164	2015	0	1.4e-05	0.0142944696266656
208	164	2015	1e-09	0	0.00719622310086905
208	164	2015	1e-09	1e-07	-0.00919123426388744
208	164	2015	1e-09	2.5e-07	0
208	164	2015	1e-09	5e-07	0.0217930182882503
208	164	2015	1e-09	1e-06	0.0326897960820014
208	164	2015	1e-09	2e-06	0.0214695374604075
208	164	2015	1e-09	4e-06	-0.0216796668627066
208	164	2015	1e-09	6e-06	-0.0533148014735838
208	164	2015	1e-09	1e-05	0
208	164	2015	1e-09	1.4e-05	0.00281549166913379
208	164	2015	2.5e-09	0	0.00185290263958962
208	164	2015	2.5e-09	1e-07	-0.0131579923986646
208	164	2015	2.5e-09	2.5e-07	-0.0264826278906918
208	164	2015	2.5e-09	5e-07	-0.0182088565028253
208	164	2015	2.5e-09	1e-06	0
208	164	2015	2.5e-09	2e-06	0.0302733756668755
208	164	2015	2.5e-09	4e-06	-0.0214429243371235
208	164	2015	2.5e-09	6e-06	-0.0412140608597561
208	164	2015	2.5e-09	1e-05	-0.0295000654384088
208	164	2015	2.5e-09	1.4e-05	0.0196603553517959
208	164	2015	5e-09	0	0
208	164	2015	5e-09	1e-07	-0.0136452826827768
208	164	2015	5e-09	2.5e-07	-0.0830050044126635
208	164	2015	5e-09	5e-07	-0.0970821485337223
208	164	2015	5e-09	1e-06	-0.0571577424507309
208	164	2015	5e-09	2e-06	-0.00622845132988786
208	164	2015	5e-09	4e-06	0
208	164	2015	5e-09	6e-06	-0.0402802658395075
208	164	2015	5e-09	1e-05	-0.0711045157901791
208	164	2015	5e-09	1.4e-05	-0.0313957859873288
208	164	2015	7.5e-09	0	0.00216629054857933
208	164	2015	7.5e-09	1e-07	0.0102542288113084
208	164	2015	7.5e-09	2.5e-07	0
208	164	2015	7.5e-09	5e-07	-0.0277444861997719
208	164	2015	7.5e-09	1e-06	-0.0725021417879334
208	164	2015	7.5e-09	2e-06	-0.0625031633293696
208	164	2015	7.5e-09	4e-06	-0.0380663134958252
208	164	2015	7.5e-09	6e-06	-0.00084938197493976
208	164	2015	7.5e-09	1e-05	0
208	164	2015	7.5e-09	1.4e-05	-0.0259506131722627
208	164	2015	1e-08	0	-0.0278912207917759
208	164	2015	1e-08	1e-07	-0.0295620476204363
208	164	2015	1e-08	2.5e-07	-0.00847732369468488
208	164	2015	1e-08	5e-07	0.00280482820981227
208	164	2015	1e-08	1e-06	0
208	164	2015	1e-08	2e-06	-0.0352964661619366
208	164	2015	1e-08	4e-06	-0.0504242631067303
208	164	2015	1e-08	6e-06	-0.0236912967273597
208	164	2015	1e-08	1e-05	-0.0424077038174858
208	164	2015	1e-08	1.4e-05	-0.0294096186166289
40	164	2015	0	0	0
40	164	2015	0	1e-07	0
40	164	2015	0	2.5e-07	0
40	164	2015	0	5e-07	0
40	164	2015	0	1e-06	0
40	164	2015	0	2e-06	0
40	164	2015	0	4e-06	0
40	164	2015	0	6e-06	0.066235734520946
40	164	2015	0	1e-05	-0.0536011256442158
40	164	2015	0	1.4e-05	0.0301544558654913
40	164	2015	1e-09	0	0.0100227011554866
40	164	2015	1e-09	1e-07	0.0285227420987345
40	164	2015	1e-09	2.5e-07	0
40	164	2015	1e-09	5e-07	0.0621102925191413
40	164	2015	1e-09	1e-06	-0.0782926051250038
40	164	2015	1e-09	2e-06	-0.0320716765354531
40	164	2015	1e-09	4e-06	0.0043183330338352
40	164	2015	1e-09	6e-06	0.036192412402219
40	164	2015	1e-09	1e-05	0
40	164	2015	1e-09	1.4e-05	-0.00325997005102394
40	164	2015	2.5e-09	0	-0.117082613770564
40	164	2015	2.5e-09	1e-07	-0.160016594962117
40	164	2015	2.5e-09	2.5e-07	-0.0177640441659816
40	164	2015	2.5e-09	5e-07	0.0117242962348274
40	164	2015	2.5e-09	1e-06	0
40	164	2015	2.5e-09	2e-06	0.00446623638649982
40	164	2015	2.5e-09	4e-06	-0.128413429217826
40	164	2015	2.5e-09	6e-06	-0.154206874564739
40	164	2015	2.5e-09	1e-05	-0.0218954859454156
40	164	2015	2.5e-09	1.4e-05	-0.00563065676830895
40	164	2015	5e-09	0	0
40	164	2015	5e-09	1e-07	-0.0131556222287034
40	164	2015	5e-09	2.5e-07	-0.161849222968732
40	164	2015	5e-09	5e-07	-0.110491535952156
40	164	2015	5e-09	1e-06	-0.00954706456659942
40	164	2015	5e-09	2e-06	0.00375181146096331
40	164	2015	5e-09	4e-06	0
40	164	2015	5e-09	6e-06	-0.032773953528372
40	164	2015	5e-09	1e-05	-0.221304272819519
40	164	2015	5e-09	1.4e-05	-0.0459233194338598
40	164	2015	7.5e-09	0	-0.00903271105243611
40	164	2015	7.5e-09	1e-07	-0.0131369525060303
40	164	2015	7.5e-09	2.5e-07	0
40	164	2015	7.5e-09	5e-07	-0.11166291514006
40	164	2015	7.5e-09	1e-06	-0.114011613716985
40	164	2015	7.5e-09	2e-06	-0.043588804214308
40	164	2015	7.5e-09	4e-06	-0.00237019439429012
40	164	2015	7.5e-09	6e-06	-0.0109789701689639
40	164	2015	7.5e-09	1e-05	0
40	164	2015	7.5e-09	1.4e-05	-0.0221849491125594
40	164	2015	1e-08	0	-0.0273129809439753
40	164	2015	1e-08	1e-07	-0.00590984023363688
40	164	2015	1e-08	2.5e-07	-0.0157125339393455
40	164	2015	1e-08	5e-07	-0.119165408859216
40	164	2015	1e-08	1e-06	0
40	164	2015	1e-08	2e-06	-0.0138502256307415
40	164	2015	1e-08	4e-06	-0.0173331386307415
40	164	2015	1e-08	6e-06	-0.0238278476307415
40	164	2015	1e-08	1e-05	-0.0114878436307415
40	164	2015	1e-08	1.4e-05	-0.0200588976307415
209	164	2015	0	0	0
209	164	2015	0	1e-07	0
209	164	2015	0	2.5e-07	0
209	164	2015	0	5e-07	0
209	164	2015	0	1e-06	0
209	164	2015	0	2e-06	0
209	164	2015	0	4e-06	0
209	164	2015	0	6e-06	0.0300033712877791
209	164	2015	0	1e-05	0.0832744703786481
209	164	2015	0	1.4e-05	0.0443853639485017
209	164	2015	1e-09	0	-0.016295210175524
209	164	2015	1e-09	1e-07	-0.813025557432723
209	164	2015	1e-09	2.5e-07	0
209	164	2015	1e-09	5e-07	-0.0151373987214052
209	164	2015	1e-09	1e-06	0.0240463179038109
209	164	2015	1e-09	2e-06	0.0122364155583988
209	164	2015	1e-09	4e-06	-0.00275337448418558
209	164	2015	1e-09	6e-06	-0.792433100618767
209	164	2015	1e-09	1e-05	0
209	164	2015	1e-09	1.4e-05	-0.00658637220037122
209	164	2015	2.5e-09	0	0.0204484532094736
209	164	2015	2.5e-09	1e-07	-0.0410536975311327
209	164	2015	2.5e-09	2.5e-07	-0.0156799979583868
209	164	2015	2.5e-09	5e-07	-0.790453107100983
209	164	2015	2.5e-09	1e-06	0
209	164	2015	2.5e-09	2e-06	-0.0277103557959175
209	164	2015	2.5e-09	4e-06	-0.0923430181874705
209	164	2015	2.5e-09	6e-06	-0.0684854100243179
209	164	2015	2.5e-09	1e-05	-0.025789503484046
209	164	2015	2.5e-09	1.4e-05	-0.70572771847264
209	164	2015	5e-09	0	0
209	164	2015	5e-09	1e-07	-0.174802961315274
209	164	2015	5e-09	2.5e-07	-0.170648220284771
209	164	2015	5e-09	5e-07	-0.0980742360957295
209	164	2015	5e-09	1e-06	-0.0496765361788103
209	164	2015	5e-09	2e-06	-0.470096035910855
209	164	2015	5e-09	4e-06	0
209	164	2015	5e-09	6e-06	-0.175115615255775
209	164	2015	5e-09	1e-05	-0.132577078253566
209	164	2015	5e-09	1.4e-05	-0.0643734348202242
209	164	2015	7.5e-09	0	-0.0458660652020628
209	164	2015	7.5e-09	1e-07	-0.207051671665498
209	164	2015	7.5e-09	2.5e-07	0
209	164	2015	7.5e-09	5e-07	-0.129456874584291
209	164	2015	7.5e-09	1e-06	-0.0890151317986339
209	164	2015	7.5e-09	2e-06	-0.0687150967886321
209	164	2015	7.5e-09	4e-06	-0.0329899332210654
209	164	2015	7.5e-09	6e-06	-0.107114491186641
209	164	2015	7.5e-09	1e-05	0
209	164	2015	7.5e-09	1.4e-05	-0.0900777473960719
209	164	2015	1e-08	0	-0.0611195091456987
209	164	2015	1e-08	1e-07	-0.0481274081361881
209	164	2015	1e-08	2.5e-07	-0.030881891628065
209	164	2015	1e-08	5e-07	-0.0389672676947541
209	164	2015	1e-08	1e-06	0
209	164	2015	1e-08	2e-06	-0.0591657148600682
209	164	2015	1e-08	4e-06	-0.0377011439207932
209	164	2015	1e-08	6e-06	-0.0269390194041025
209	164	2015	1e-08	1e-05	-0.0115893577475193
209	164	2015	1e-08	1.4e-05	-0.0221474346878602
28	164	2015	0	0	0
28	164	2015	0	1e-07	0
28	164	2015	0	2.5e-07	0
28	164	2015	0	5e-07	0
28	164	2015	0	1e-06	0
28	164	2015	0	2e-06	0
28	164	2015	0	4e-06	0
28	164	2015	0	6e-06	0.0564914444388097
28	164	2015	0	1e-05	-0.0033371015775829
28	164	2015	0	1.4e-05	0.0345083646805345
28	164	2015	1e-09	0	-0.0126405516387527
28	164	2015	1e-09	1e-07	0.0210800680891087
28	164	2015	1e-09	2.5e-07	0
28	164	2015	1e-09	5e-07	0.052049253016325
28	164	2015	1e-09	1e-06	-0.0181310316904305
28	164	2015	1e-09	2e-06	-0.00468715229103381
28	164	2015	1e-09	4e-06	-0.0204521136386708
28	164	2015	1e-09	6e-06	0.0230638939172965
28	164	2015	1e-09	1e-05	0
28	164	2015	1e-09	1.4e-05	0.0362838719943124
28	164	2015	2.5e-09	0	0.00388231184045608
28	164	2015	2.5e-09	1e-07	-0.0206359549100954
28	164	2015	2.5e-09	2.5e-07	0.0200560494426367
28	164	2015	2.5e-09	5e-07	0.0338935261071194
28	164	2015	2.5e-09	1e-06	0
28	164	2015	2.5e-09	2e-06	-0.0141884306581969
28	164	2015	2.5e-09	4e-06	-0.0481908275250173
28	164	2015	2.5e-09	6e-06	-0.0364559797731332
28	164	2015	2.5e-09	1e-05	-0.0183659088259288
28	164	2015	2.5e-09	1.4e-05	0.0272332602434961
28	164	2015	5e-09	0	0
28	164	2015	5e-09	1e-07	-0.0449755910304587
28	164	2015	5e-09	2.5e-07	0.00917181177272923
28	164	2015	5e-09	5e-07	-0.0290716427743876
28	164	2015	5e-09	1e-06	0.00391727479017382
28	164	2015	5e-09	2e-06	0.0120557284316529
28	164	2015	5e-09	4e-06	0
28	164	2015	5e-09	6e-06	-0.0225940747096027
28	164	2015	5e-09	1e-05	-0.00432464303734545
28	164	2015	5e-09	1.4e-05	-0.0126764267152902
28	164	2015	7.5e-09	0	0.0170328767423174
28	164	2015	7.5e-09	1e-07	0.0136353343509993
28	164	2015	7.5e-09	2.5e-07	0
28	164	2015	7.5e-09	5e-07	0.00197518937177836
28	164	2015	7.5e-09	1e-06	-0.00560225705583342
28	164	2015	7.5e-09	2e-06	-0.0060755944912748
28	164	2015	7.5e-09	4e-06	0.0109714404573007
28	164	2015	7.5e-09	6e-06	0.0101875746152396
28	164	2015	7.5e-09	1e-05	0
28	164	2015	7.5e-09	1.4e-05	-0.00972585551809354
28	164	2015	1e-08	0	-0.00825664572665264
28	164	2015	1e-08	1e-07	-0.00369789228161808
28	164	2015	1e-08	2.5e-07	0.00793822290242712
28	164	2015	1e-08	5e-07	0.00998143293556097
28	164	2015	1e-08	1e-06	0
28	164	2015	1e-08	2e-06	-0.00100120913083531
28	164	2015	1e-08	4e-06	-0.000245665233454897
28	164	2015	1e-08	6e-06	0.0172768868522254
28	164	2015	1e-08	1e-05	0.00997041322390122
28	164	2015	1e-08	1.4e-05	0.0267536090682733
210	164	2015	0	0	0
210	164	2015	0	1e-07	0
210	164	2015	0	2.5e-07	0
210	164	2015	0	5e-07	0
210	164	2015	0	1e-06	0
210	164	2015	0	2e-06	0
210	164	2015	0	4e-06	0
210	164	2015	0	6e-06	0.0179557298174633
210	164	2015	0	1e-05	-0.0130452017269312
210	164	2015	0	1.4e-05	0.00713211971821053
210	164	2015	1e-09	0	0.0246471221374931
210	164	2015	1e-09	1e-07	-0.0197018450861202
210	164	2015	1e-09	2.5e-07	0
210	164	2015	1e-09	5e-07	0.000236356058159544
210	164	2015	1e-09	1e-06	-0.0114258536488168
210	164	2015	1e-09	2e-06	-0.0148963385762633
210	164	2015	1e-09	4e-06	-0.0446922793465652
210	164	2015	1e-09	6e-06	-0.0213678568989906
210	164	2015	1e-09	1e-05	0
210	164	2015	1e-09	1.4e-05	-0.0228751940504962
210	164	2015	2.5e-09	0	-0.0296541729714025
210	164	2015	2.5e-09	1e-07	-0.00404390068242023
210	164	2015	2.5e-09	2.5e-07	-0.0352943423918504
210	164	2015	2.5e-09	5e-07	-0.035478790795004
210	164	2015	2.5e-09	1e-06	0
210	164	2015	2.5e-09	2e-06	-0.0180623879273021
210	164	2015	2.5e-09	4e-06	-0.0221623256043291
210	164	2015	2.5e-09	6e-06	-0.0303477286813761
210	164	2015	2.5e-09	1e-05	-0.0474275619235272
210	164	2015	2.5e-09	1.4e-05	-0.0916770369649588
210	164	2015	5e-09	0	0
210	164	2015	5e-09	1e-07	-0.0246308331529033
210	164	2015	5e-09	2.5e-07	-0.0390810231521789
210	164	2015	5e-09	5e-07	-0.0791495291509715
210	164	2015	5e-09	1e-06	-0.114736612149764
210	164	2015	5e-09	2e-06	-0.146933226148556
210	164	2015	5e-09	4e-06	0
210	164	2015	5e-09	6e-06	-0.255856567215882
210	164	2015	5e-09	1e-05	-0.289309881331164
210	164	2015	5e-09	1.4e-05	-0.306100632237143
210	164	2015	7.5e-09	0	-0.303096124450674
210	164	2015	7.5e-09	1e-07	-0.305360612970128
210	164	2015	7.5e-09	2.5e-07	0
210	164	2015	7.5e-09	5e-07	-0.367890549992425
210	164	2015	7.5e-09	1e-06	-0.410508677153895
210	164	2015	7.5e-09	2e-06	-0.381265128888298
210	164	2015	7.5e-09	4e-06	-0.363743038203887
210	164	2015	7.5e-09	6e-06	-0.353257291100178
210	164	2015	7.5e-09	1e-05	0
210	164	2015	7.5e-09	1.4e-05	-0.483601517161034
210	164	2015	1e-08	0	-0.458223053178106
210	164	2015	1e-08	1e-07	-0.445679028707075
210	164	2015	1e-08	2.5e-07	-0.444479989444929
210	164	2015	1e-08	5e-07	-0.447357200391565
210	164	2015	1e-08	1e-06	0
210	164	2015	1e-08	2e-06	-0.513399196226829
210	164	2015	1e-08	4e-06	-0.500078148430455
210	164	2015	1e-08	6e-06	-0.468357473521609
210	164	2015	1e-08	1e-05	-0.459057709719118
210	164	2015	1e-08	1.4e-05	-0.465595198022946
7	164	2015	0	0	0
7	164	2015	0	1e-07	0
7	164	2015	0	2.5e-07	0
7	164	2015	0	5e-07	0
7	164	2015	0	1e-06	0
7	164	2015	0	2e-06	0
7	164	2015	0	4e-06	0
7	164	2015	0	6e-06	0.0526091324466081
7	164	2015	0	1e-05	0.0330683414308717
7	164	2015	0	1.4e-05	0.129024381128689
7	164	2015	1e-09	0	0.00163047327018397
7	164	2015	1e-09	1e-07	-0.0194007573429742
7	164	2015	1e-09	2.5e-07	0
7	164	2015	1e-09	5e-07	0.000379769828592487
7	164	2015	1e-09	1e-06	-0.00564627769960893
7	164	2015	1e-09	2e-06	-0.0320080780984749
7	164	2015	1e-09	4e-06	-0.0111149760043157
7	164	2015	1e-09	6e-06	-0.0638200860888217
7	164	2015	1e-09	1e-05	0
7	164	2015	1e-09	1.4e-05	0.0289995566910935
7	164	2015	2.5e-09	0	0.0119250167957838
7	164	2015	2.5e-09	1e-07	-0.010564661245459
7	164	2015	2.5e-09	2.5e-07	-0.0672171996812048
7	164	2015	2.5e-09	5e-07	-0.039101977474859
7	164	2015	2.5e-09	1e-06	0
7	164	2015	2.5e-09	2e-06	-0.00205173309468208
7	164	2015	2.5e-09	4e-06	0.014208169449482
7	164	2015	2.5e-09	6e-06	-0.105586400026849
7	164	2015	2.5e-09	1e-05	-0.114001936566451
7	164	2015	2.5e-09	1.4e-05	-0.0595402429130905
7	164	2015	5e-09	0	0
7	164	2015	5e-09	1e-07	-0.00239402718047629
7	164	2015	5e-09	2.5e-07	-0.139204644570622
7	164	2015	5e-09	5e-07	-0.13785561335635
7	164	2015	5e-09	1e-06	-0.0990353943988232
7	164	2015	5e-09	2e-06	-0.0796086357683762
7	164	2015	5e-09	4e-06	0
7	164	2015	5e-09	6e-06	-0.106304737521693
7	164	2015	5e-09	1e-05	-0.160410127383292
7	164	2015	5e-09	1.4e-05	-0.156011617681074
7	164	2015	7.5e-09	0	-0.135821773658253
7	164	2015	7.5e-09	1e-07	-0.125279410784302
7	164	2015	7.5e-09	2.5e-07	0
7	164	2015	7.5e-09	5e-07	-0.103605799276593
7	164	2015	7.5e-09	1e-06	-0.146365461405464
7	164	2015	7.5e-09	2e-06	-0.187548928066898
7	164	2015	7.5e-09	4e-06	-0.18089737115984
7	164	2015	7.5e-09	6e-06	-0.155334735781759
7	164	2015	7.5e-09	1e-05	0
7	164	2015	7.5e-09	1.4e-05	-0.162761178262217
7	164	2015	1e-08	0	-0.205443126262217
7	164	2015	1e-08	1e-07	-0.179159626262217
7	164	2015	1e-08	2.5e-07	-0.191820895262217
7	164	2015	1e-08	5e-07	-0.159928421262217
7	164	2015	1e-08	1e-06	0
7	164	2015	1e-08	2e-06	-0.167392133262217
7	164	2015	1e-08	4e-06	-0.205107317262217
7	164	2015	1e-08	6e-06	-0.208625706262217
7	164	2015	1e-08	1e-05	-0.187270701262217
7	164	2015	1e-08	1.4e-05	-0.166178707262217
211	164	2015	0	0	0
211	164	2015	0	1e-07	0
211	164	2015	0	2.5e-07	0
211	164	2015	0	5e-07	0
211	164	2015	0	1e-06	0
211	164	2015	0	2e-06	0
211	164	2015	0	4e-06	0
211	164	2015	0	6e-06	0.011542876505716
211	164	2015	0	1e-05	0.13206186019762
211	164	2015	0	1.4e-05	-0.0164511260705514
211	164	2015	1e-09	0	-0.984317866801594
211	164	2015	1e-09	1e-07	-0.983937551726162
211	164	2015	1e-09	2.5e-07	0
211	164	2015	1e-09	5e-07	0.0155583667563282
211	164	2015	1e-09	1e-06	0.26666696287643
211	164	2015	1e-09	2e-06	-0.0193000921391513
211	164	2015	1e-09	4e-06	-0.982916539156812
211	164	2015	1e-09	6e-06	-0.983696481453849
211	164	2015	1e-09	1e-05	0
211	164	2015	1e-09	1.4e-05	0.0492716058329334
211	164	2015	2.5e-09	0	0.106000167012837
211	164	2015	2.5e-09	1e-07	-0.0134894479430708
211	164	2015	2.5e-09	2.5e-07	-0.983850410449876
211	164	2015	2.5e-09	5e-07	-0.980859774360219
211	164	2015	2.5e-09	1e-06	0
211	164	2015	2.5e-09	2e-06	0.203735988607928
211	164	2015	2.5e-09	4e-06	0.0459731527543647
211	164	2015	2.5e-09	6e-06	-0.010084256119391
211	164	2015	2.5e-09	1e-05	-0.930667077107679
211	164	2015	2.5e-09	1.4e-05	-0.928126387774806
211	164	2015	5e-09	0	0
211	164	2015	5e-09	1e-07	0.0892778106044736
211	164	2015	5e-09	2.5e-07	-0.00432956358513802
211	164	2015	5e-09	5e-07	-0.00565386943882791
211	164	2015	5e-09	1e-06	-0.312404258635973
211	164	2015	5e-09	2e-06	-0.310086297911867
211	164	2015	5e-09	4e-06	0
211	164	2015	5e-09	6e-06	-0.00794418715617252
211	164	2015	5e-09	1e-05	-0.0103556213460689
211	164	2015	5e-09	1.4e-05	-0.00976137984672606
211	164	2015	7.5e-09	0	-0.0186377206840474
211	164	2015	7.5e-09	1e-07	-0.0197332103816875
211	164	2015	7.5e-09	2.5e-07	0
211	164	2015	7.5e-09	5e-07	-0.0104903138551898
211	164	2015	7.5e-09	1e-06	-0.0107200703531851
211	164	2015	7.5e-09	2e-06	-0.0102669935661282
211	164	2015	7.5e-09	4e-06	-0.00991607149854586
211	164	2015	7.5e-09	6e-06	-0.0113329135885452
211	164	2015	7.5e-09	1e-05	0
211	164	2015	7.5e-09	1.4e-05	-0.01158202230462
211	164	2015	1e-08	0	-0.010811687607744
211	164	2015	1e-08	1e-07	-0.00876112431413272
211	164	2015	1e-08	2.5e-07	-0.00811247407610869
211	164	2015	1e-08	5e-07	-0.00777555104468681
211	164	2015	1e-08	1e-06	0
211	164	2015	1e-08	2e-06	-0.00970052175679455
211	164	2015	1e-08	4e-06	-0.00978760295520733
211	164	2015	1e-08	6e-06	-0.00878965200154522
211	164	2015	1e-08	1e-05	-0.00743869950917163
211	164	2015	1e-08	1.4e-05	-0.0077780810350754
186	164	2015	0	0	0
186	164	2015	0	1e-07	0
186	164	2015	0	2.5e-07	0
186	164	2015	0	5e-07	0
186	164	2015	0	1e-06	0
186	164	2015	0	2e-06	0
186	164	2015	0	4e-06	0
186	164	2015	0	6e-06	0.0511530517797618
186	164	2015	0	1e-05	-0.00369239309619118
186	164	2015	0	1.4e-05	-0.0970385402727036
186	164	2015	1e-09	0	-0.0624055404520995
186	164	2015	1e-09	1e-07	-0.0213213872789539
186	164	2015	1e-09	2.5e-07	0
186	164	2015	1e-09	5e-07	0.083968943845623
186	164	2015	1e-09	1e-06	0.0266565174255879
186	164	2015	1e-09	2e-06	-0.028572963998387
186	164	2015	1e-09	4e-06	-0.0457695480682283
186	164	2015	1e-09	6e-06	0.00784606609046033
186	164	2015	1e-09	1e-05	0
186	164	2015	1e-09	1.4e-05	-0.0196868256694708
186	164	2015	2.5e-09	0	0.0285292022190256
186	164	2015	2.5e-09	1e-07	-0.0160354655190294
186	164	2015	2.5e-09	2.5e-07	-0.0405201208096678
186	164	2015	2.5e-09	5e-07	0.0741230654371363
186	164	2015	2.5e-09	1e-06	0
186	164	2015	2.5e-09	2e-06	0.0262775466162337
186	164	2015	2.5e-09	4e-06	-0.035218864480338
186	164	2015	2.5e-09	6e-06	-0.0937490999296278
186	164	2015	2.5e-09	1e-05	-0.042794962267789
186	164	2015	2.5e-09	1.4e-05	0.0509933403441052
186	164	2015	5e-09	0	0
186	164	2015	5e-09	1e-07	-0.0670643768593041
186	164	2015	5e-09	2.5e-07	-0.0859502678704378
186	164	2015	5e-09	5e-07	-0.0406162439689619
186	164	2015	5e-09	1e-06	0.0280082593174797
186	164	2015	5e-09	2e-06	0.0337138022220491
186	164	2015	5e-09	4e-06	0
186	164	2015	5e-09	6e-06	-0.0231008030193724
186	164	2015	5e-09	1e-05	-0.0297429125540785
186	164	2015	5e-09	1.4e-05	-0.0144769125819943
186	164	2015	7.5e-09	0	0.0334728574400114
186	164	2015	7.5e-09	1e-07	0.0548773983325452
186	164	2015	7.5e-09	2.5e-07	0
186	164	2015	7.5e-09	5e-07	-0.00092860925861963
186	164	2015	7.5e-09	1e-06	-0.00709617023345201
186	164	2015	7.5e-09	2e-06	0.00682204576559922
186	164	2015	7.5e-09	4e-06	0.028561816187128
186	164	2015	7.5e-09	6e-06	0.0269372975423089
186	164	2015	7.5e-09	1e-05	0
186	164	2015	7.5e-09	1.4e-05	0.0158827153263353
186	164	2015	1e-08	0	0.00733783005818404
186	164	2015	1e-08	1e-07	0.0332416914224847
186	164	2015	1e-08	2.5e-07	0.0409277299745844
186	164	2015	1e-08	5e-07	0.0834123044547682
186	164	2015	1e-08	1e-06	0
186	164	2015	1e-08	2e-06	-0.00289847642430725
186	164	2015	1e-08	4e-06	0.0212411248908037
186	164	2015	1e-08	6e-06	0.0571773155225558
186	164	2015	1e-08	1e-05	0.0843992776618957
186	164	2015	1e-08	1.4e-05	0.0713061900339228
212	164	2015	0	0	0
212	164	2015	0	1e-07	0
212	164	2015	0	2.5e-07	0
212	164	2015	0	5e-07	0
212	164	2015	0	1e-06	0
212	164	2015	0	2e-06	0
212	164	2015	0	4e-06	0
212	164	2015	0	6e-06	0.0296914707864191
212	164	2015	0	1e-05	0.0186379875041649
212	164	2015	0	1.4e-05	0.0393841532134088
212	164	2015	1e-09	0	-0.014548169275273
212	164	2015	1e-09	1e-07	0.0108283011118834
212	164	2015	1e-09	2.5e-07	0
212	164	2015	1e-09	5e-07	0.00725551825015771
212	164	2015	1e-09	1e-06	0.044209702423725
212	164	2015	1e-09	2e-06	0.00445331993003762
212	164	2015	1e-09	4e-06	0.0271621212432643
212	164	2015	1e-09	6e-06	0.0307498417402086
212	164	2015	1e-09	1e-05	0
212	164	2015	1e-09	1.4e-05	0.0273824669539479
212	164	2015	2.5e-09	0	-0.00362256107428124
212	164	2015	2.5e-09	1e-07	-0.00704722922561331
212	164	2015	2.5e-09	2.5e-07	0.000189942733365882
212	164	2015	2.5e-09	5e-07	0.00113659990527083
212	164	2015	2.5e-09	1e-06	0
212	164	2015	2.5e-09	2e-06	-0.0311685806853801
212	164	2015	2.5e-09	4e-06	-0.00377910968544128
212	164	2015	2.5e-09	6e-06	0.00274597131445802
212	164	2015	2.5e-09	1e-05	0.0105481383143582
212	164	2015	2.5e-09	1.4e-05	-0.00572255468574056
212	164	2015	5e-09	0	0
212	164	2015	5e-09	1e-07	-0.0550483086965016
212	164	2015	5e-09	2.5e-07	-0.0331221556965048
212	164	2015	5e-09	5e-07	-0.0251043686965099
212	164	2015	5e-09	1e-06	-0.0793527266965148
212	164	2015	5e-09	2e-06	-0.0943746286965202
212	164	2015	5e-09	4e-06	0
212	164	2015	5e-09	6e-06	-0.146004832697631
212	164	2015	5e-09	1e-05	-0.144066606697631
212	164	2015	5e-09	1.4e-05	-0.207694128697632
212	164	2015	7.5e-09	0	-0.231537454697632
212	164	2015	7.5e-09	1e-07	-0.276809438697632
212	164	2015	7.5e-09	2.5e-07	0
212	164	2015	7.5e-09	5e-07	-0.280566846697726
212	164	2015	7.5e-09	1e-06	-0.261774382697726
212	164	2015	7.5e-09	2e-06	-0.333108259697726
212	164	2015	7.5e-09	4e-06	-0.402463785697726
212	164	2015	7.5e-09	6e-06	-0.354943652697725
212	164	2015	7.5e-09	1e-05	0
212	164	2015	7.5e-09	1.4e-05	-0.490711505697753
212	164	2015	1e-08	0	-0.478658661697753
212	164	2015	1e-08	1e-07	-0.523869974697753
212	164	2015	1e-08	2.5e-07	-0.533231172697753
212	164	2015	1e-08	5e-07	-0.534875520697753
212	164	2015	1e-08	1e-06	0
212	164	2015	1e-08	2e-06	-0.501895286697757
212	164	2015	1e-08	4e-06	-0.486921920697757
212	164	2015	1e-08	6e-06	-0.499359278697757
212	164	2015	1e-08	1e-05	-0.503019829697757
212	164	2015	1e-08	1.4e-05	-0.521285431697757
213	164	2015	0	0	0
213	164	2015	0	1e-07	0
213	164	2015	0	2.5e-07	0
213	164	2015	0	5e-07	0
213	164	2015	0	1e-06	0
213	164	2015	0	2e-06	0
213	164	2015	0	4e-06	0
213	164	2015	0	6e-06	-0.0316059165912579
213	164	2015	0	1e-05	-0.0147431551740277
213	164	2015	0	1.4e-05	-0.00823028969667234
213	164	2015	1e-09	0	-0.0392757428221536
213	164	2015	1e-09	1e-07	-0.0309806955258621
213	164	2015	1e-09	2.5e-07	0
213	164	2015	1e-09	5e-07	-0.0201903612985605
213	164	2015	1e-09	1e-06	-0.0193991192111035
213	164	2015	1e-09	2e-06	0.0096392374687278
213	164	2015	1e-09	4e-06	0.0166065245750275
213	164	2015	1e-09	6e-06	-0.0483869731900536
213	164	2015	1e-09	1e-05	0
213	164	2015	1e-09	1.4e-05	0.00682595101027573
213	164	2015	2.5e-09	0	-0.0317068249714559
213	164	2015	2.5e-09	1e-07	0.018388888557875
213	164	2015	2.5e-09	2.5e-07	0.0340828838842698
213	164	2015	2.5e-09	5e-07	0.0293261065162078
213	164	2015	2.5e-09	1e-06	0
213	164	2015	2.5e-09	2e-06	-0.043348065173174
213	164	2015	2.5e-09	4e-06	-0.0309375404159471
213	164	2015	2.5e-09	6e-06	0.0199711704257176
213	164	2015	2.5e-09	1e-05	0.0811490056713765
213	164	2015	2.5e-09	1.4e-05	-0.0257468664978822
213	164	2015	5e-09	0	0
213	164	2015	5e-09	1e-07	-0.0223579053531586
213	164	2015	5e-09	2.5e-07	0.0378550959538887
213	164	2015	5e-09	5e-07	0.0564923252989017
213	164	2015	5e-09	1e-06	-0.00738512970942097
213	164	2015	5e-09	2e-06	-0.0415813589453529
213	164	2015	5e-09	4e-06	0
213	164	2015	5e-09	6e-06	0.0177884740441938
213	164	2015	5e-09	1e-05	0.0943718764700147
213	164	2015	5e-09	1.4e-05	0.132277808186843
213	164	2015	7.5e-09	0	-0.093062491981527
213	164	2015	7.5e-09	1e-07	-0.0741891860999768
213	164	2015	7.5e-09	2.5e-07	0
213	164	2015	7.5e-09	5e-07	0.0719159382001143
213	164	2015	7.5e-09	1e-06	0.10976956676416
213	164	2015	7.5e-09	2e-06	0.0477424193712076
213	164	2015	7.5e-09	4e-06	-0.0581311662037589
213	164	2015	7.5e-09	6e-06	-0.0784312080501457
213	164	2015	7.5e-09	1e-05	0
213	164	2015	7.5e-09	1.4e-05	-0.0136547087423156
213	164	2015	1e-08	0	-0.00845757806869784
213	164	2015	1e-08	1e-07	-0.0619474418966529
213	164	2015	1e-08	2.5e-07	-0.103764251094203
213	164	2015	1e-08	5e-07	-0.1812103487839
213	164	2015	1e-08	1e-06	0
213	164	2015	1e-08	2e-06	-0.0437518779946165
213	164	2015	1e-08	4e-06	-0.0689914309946165
213	164	2015	1e-08	6e-06	-0.0907096739946165
213	164	2015	1e-08	1e-05	-0.118225579994617
213	164	2015	1e-08	1.4e-05	-0.135849691994617
39	164	2015	0	0	0
39	164	2015	0	1e-07	0
39	164	2015	0	2.5e-07	0
39	164	2015	0	5e-07	0
39	164	2015	0	1e-06	0
39	164	2015	0	2e-06	0
39	164	2015	0	4e-06	0
39	164	2015	0	6e-06	-0.0052272049403004
39	164	2015	0	1e-05	0.0160367617110616
39	164	2015	0	1.4e-05	0.105160169975046
39	164	2015	1e-09	0	0.0507129445208048
39	164	2015	1e-09	1e-07	0.113488894805675
39	164	2015	1e-09	2.5e-07	0
39	164	2015	1e-09	5e-07	0.0313265728570168
39	164	2015	1e-09	1e-06	0.0336947760386775
39	164	2015	1e-09	2e-06	0.0443308584075591
39	164	2015	1e-09	4e-06	0.0870380942553078
39	164	2015	1e-09	6e-06	0.109301339335212
39	164	2015	1e-09	1e-05	0
39	164	2015	1e-09	1.4e-05	0.031980308118238
39	164	2015	2.5e-09	0	0.070521431467903
39	164	2015	2.5e-09	1e-07	0.0773787401904852
39	164	2015	2.5e-09	2.5e-07	0.0976435691537951
39	164	2015	2.5e-09	5e-07	0.179005190547423
39	164	2015	2.5e-09	1e-06	0
39	164	2015	2.5e-09	2e-06	0.0379658853150023
39	164	2015	2.5e-09	4e-06	0.0685576381406835
39	164	2015	2.5e-09	6e-06	0.117112315807008
39	164	2015	2.5e-09	1e-05	0.127822962159914
39	164	2015	2.5e-09	1.4e-05	0.0730823752393103
39	164	2015	5e-09	0	0
39	164	2015	5e-09	1e-07	0.0188525962190231
39	164	2015	5e-09	2.5e-07	0.0372829422282184
39	164	2015	5e-09	5e-07	0.0273444627714594
39	164	2015	5e-09	1e-06	0.00678677837565047
39	164	2015	5e-09	2e-06	-0.0136999813813242
39	164	2015	5e-09	4e-06	0
39	164	2015	5e-09	6e-06	-0.098450063265644
39	164	2015	5e-09	1e-05	-0.136535689250852
39	164	2015	5e-09	1.4e-05	-0.14005475922625
39	164	2015	7.5e-09	0	-0.120613560201714
39	164	2015	7.5e-09	1e-07	-0.103496276177243
39	164	2015	7.5e-09	2.5e-07	0
39	164	2015	7.5e-09	5e-07	-0.178100894374973
39	164	2015	7.5e-09	1e-06	-0.198537699372335
39	164	2015	7.5e-09	2e-06	-0.205363365367945
39	164	2015	7.5e-09	4e-06	-0.167184782363563
39	164	2015	7.5e-09	6e-06	-0.184009918359188
39	164	2015	7.5e-09	1e-05	0
39	164	2015	7.5e-09	1.4e-05	-0.211264100745803
39	164	2015	1e-08	0	-0.240607174745503
39	164	2015	1e-08	1e-07	-0.235850779745003
39	164	2015	1e-08	2.5e-07	-0.206996742744503
39	164	2015	1e-08	5e-07	-0.230250749744004
39	164	2015	1e-08	1e-06	0
39	164	2015	1e-08	2e-06	-0.238349658336057
39	164	2015	1e-08	4e-06	-0.241403944335985
39	164	2015	1e-08	6e-06	-0.246622791335865
39	164	2015	1e-08	1e-05	-0.250301214335746
39	164	2015	1e-08	1.4e-05	-0.224167144335626
