name	drugA	drugB	concA	concB	bliss
197	164	2015	0	0	0
197	164	2015	0	1e-07	0
197	164	2015	0	2.5e-07	0
197	164	2015	0	5e-07	0
197	164	2015	0	1e-06	0
197	164	2015	0	2e-06	0
197	164	2015	0	4e-06	0
197	164	2015	0	6e-06	-0.0413570348874356
197	164	2015	0	1e-05	-0.0222747818890301
197	164	2015	0	1.4e-05	-0.0766312169502052
197	164	2015	1e-09	0	-0.313947408748899
197	164	2015	1e-09	1e-07	-0.580721193118154
197	164	2015	1e-09	2.5e-07	0
197	164	2015	1e-09	5e-07	-0.00900426509412
197	164	2015	1e-09	1e-06	-0.0307004650178217
197	164	2015	1e-09	2e-06	-0.0929342602864871
197	164	2015	1e-09	4e-06	-0.423831843642155
197	164	2015	1e-09	6e-06	-0.706763767538845
197	164	2015	1e-09	1e-05	0
197	164	2015	1e-09	1.4e-05	-0.00940283321244266
197	164	2015	2.5e-09	0	-0.038665258614373
197	164	2015	2.5e-09	1e-07	-0.122244395594802
197	164	2015	2.5e-09	2.5e-07	-0.430431193247813
197	164	2015	2.5e-09	5e-07	-0.748051247760847
197	164	2015	2.5e-09	1e-06	0
197	164	2015	2.5e-09	2e-06	-0.016171440217327
197	164	2015	2.5e-09	4e-06	-0.0530447042417572
197	164	2015	2.5e-09	6e-06	-0.172365135271073
197	164	2015	2.5e-09	1e-05	-0.534262178141007
197	164	2015	2.5e-09	1.4e-05	-0.766637998910618
197	164	2015	5e-09	0	0
197	164	2015	5e-09	1e-07	-0.0402693564536769
197	164	2015	5e-09	2.5e-07	-0.093408908186606
197	164	2015	5e-09	5e-07	-0.354651946870495
197	164	2015	5e-09	1e-06	-0.666590438888704
197	164	2015	5e-09	2e-06	-0.786228932185943
197	164	2015	5e-09	4e-06	0
197	164	2015	5e-09	6e-06	-0.206045580180878
197	164	2015	5e-09	1e-05	-0.418004698346176
197	164	2015	5e-09	1.4e-05	-0.722807370097071
197	164	2015	7.5e-09	0	-0.752364457696316
197	164	2015	7.5e-09	1e-07	-0.755570386817956
197	164	2015	7.5e-09	2.5e-07	0
197	164	2015	7.5e-09	5e-07	-0.395839814795361
197	164	2015	7.5e-09	1e-06	-0.606729859902601
197	164	2015	7.5e-09	2e-06	-0.804060814252858
197	164	2015	7.5e-09	4e-06	-0.709184273086502
197	164	2015	7.5e-09	6e-06	-0.678428767498912
197	164	2015	7.5e-09	1e-05	0
197	164	2015	7.5e-09	1.4e-05	-0.712430649360942
197	164	2015	1e-08	0	-0.809962195105325
197	164	2015	1e-08	1e-07	-0.841211779260558
197	164	2015	1e-08	2.5e-07	-0.576776005058965
197	164	2015	1e-08	5e-07	-0.51469377809762
197	164	2015	1e-08	1e-06	0
197	164	2015	1e-08	2e-06	-0.806141948433929
197	164	2015	1e-08	4e-06	-0.831071971304861
197	164	2015	1e-08	6e-06	-0.835154086301384
197	164	2015	1e-08	1e-05	-0.552042014983222
197	164	2015	1e-08	1.4e-05	-0.484336893837069
5	164	2015	0	0	0
5	164	2015	0	1e-07	0
5	164	2015	0	2.5e-07	0
5	164	2015	0	5e-07	0
5	164	2015	0	1e-06	0
5	164	2015	0	2e-06	0
5	164	2015	0	4e-06	0
5	164	2015	0	6e-06	-0.0187925454293951
5	164	2015	0	1e-05	-0.0500621989971197
5	164	2015	0	1.4e-05	-0.0552934150353282
5	164	2015	1e-09	0	-0.329098812297018
5	164	2015	1e-09	1e-07	-0.43105344655283
5	164	2015	1e-09	2.5e-07	0
5	164	2015	1e-09	5e-07	-0.0544992159619456
5	164	2015	1e-09	1e-06	-0.0557268833991139
5	164	2015	1e-09	2e-06	-0.040079864754648
5	164	2015	1e-09	4e-06	-0.243856919618158
5	164	2015	1e-09	6e-06	-0.413954305029114
5	164	2015	1e-09	1e-05	0
5	164	2015	1e-09	1.4e-05	-0.0627400016550114
5	164	2015	2.5e-09	0	-0.0556166315408707
5	164	2015	2.5e-09	1e-07	-0.0843001952262729
5	164	2015	2.5e-09	2.5e-07	-0.366083271272351
5	164	2015	2.5e-09	5e-07	-0.444653782782044
5	164	2015	2.5e-09	1e-06	0
5	164	2015	2.5e-09	2e-06	-0.0820796240037339
5	164	2015	2.5e-09	4e-06	-0.0660518023033609
5	164	2015	2.5e-09	6e-06	-0.0807628707964676
5	164	2015	2.5e-09	1e-05	-0.336264263154856
5	164	2015	2.5e-09	1.4e-05	-0.428508644235655
5	164	2015	5e-09	0	0
5	164	2015	5e-09	1e-07	-0.104021548240921
5	164	2015	5e-09	2.5e-07	-0.122540557267551
5	164	2015	5e-09	5e-07	-0.270204186432691
5	164	2015	5e-09	1e-06	-0.432585030617085
5	164	2015	5e-09	2e-06	-0.451786780168177
5	164	2015	5e-09	4e-06	0
5	164	2015	5e-09	6e-06	-0.305352549776695
5	164	2015	5e-09	1e-05	-0.388754281678949
5	164	2015	5e-09	1.4e-05	-0.466136348105463
5	164	2015	7.5e-09	0	-0.443959131798457
5	164	2015	7.5e-09	1e-07	-0.429703777339191
5	164	2015	7.5e-09	2.5e-07	0
5	164	2015	7.5e-09	5e-07	-0.432042311418059
5	164	2015	7.5e-09	1e-06	-0.489785577261007
5	164	2015	7.5e-09	2e-06	-0.502279178939146
5	164	2015	7.5e-09	4e-06	-0.440293200060278
5	164	2015	7.5e-09	6e-06	-0.370688300804663
5	164	2015	7.5e-09	1e-05	0
5	164	2015	7.5e-09	1.4e-05	-0.52636017312825
5	164	2015	1e-08	0	-0.526971092170955
5	164	2015	1e-08	1e-07	-0.532063395424937
5	164	2015	1e-08	2.5e-07	-0.463092855552182
5	164	2015	1e-08	5e-07	-0.370450372228762
5	164	2015	1e-08	1e-06	0
5	164	2015	1e-08	2e-06	-0.530156580025519
5	164	2015	1e-08	4e-06	-0.528453866210962
5	164	2015	1e-08	6e-06	-0.533474403455743
5	164	2015	1e-08	1e-05	-0.446718251160091
5	164	2015	1e-08	1.4e-05	-0.339695021473704
198	164	2015	0	0	0
198	164	2015	0	1e-07	0
198	164	2015	0	2.5e-07	0
198	164	2015	0	5e-07	0
198	164	2015	0	1e-06	0
198	164	2015	0	2e-06	0
198	164	2015	0	4e-06	0
198	164	2015	0	6e-06	0.0479305222618093
198	164	2015	0	1e-05	0.00155644892721213
198	164	2015	0	1.4e-05	-0.344228388496174
198	164	2015	1e-09	0	-0.913178496479665
198	164	2015	1e-09	1e-07	-1.00190483192597
198	164	2015	1e-09	2.5e-07	0
198	164	2015	1e-09	5e-07	0.0435073208695934
198	164	2015	1e-09	1e-06	0.0130806379746296
198	164	2015	1e-09	2e-06	-0.521936655941563
198	164	2015	1e-09	4e-06	-0.97254047861229
198	164	2015	1e-09	6e-06	-0.999099138771109
198	164	2015	1e-09	1e-05	0
198	164	2015	1e-09	1.4e-05	0.00340152571304984
198	164	2015	2.5e-09	0	-0.0744895711152762
198	164	2015	2.5e-09	1e-07	-0.663226279183475
198	164	2015	2.5e-09	2.5e-07	-0.978890302179121
198	164	2015	2.5e-09	5e-07	-0.989951881487886
198	164	2015	2.5e-09	1e-06	0
198	164	2015	2.5e-09	2e-06	-0.00475745056704952
198	164	2015	2.5e-09	4e-06	-0.197088250569594
198	164	2015	2.5e-09	6e-06	-0.874370920819338
198	164	2015	2.5e-09	1e-05	-0.944501805607543
198	164	2015	2.5e-09	1.4e-05	-0.94567346085274
198	164	2015	5e-09	0	0
198	164	2015	5e-09	1e-07	-0.0805418452213625
198	164	2015	5e-09	2.5e-07	-0.67264159729618
198	164	2015	5e-09	5e-07	-0.938287562076969
198	164	2015	5e-09	1e-06	-0.910716099312506
198	164	2015	5e-09	2e-06	-0.907589306734148
198	164	2015	5e-09	4e-06	0
198	164	2015	5e-09	6e-06	-0.679409099328425
198	164	2015	5e-09	1e-05	-0.944467945687668
198	164	2015	5e-09	1.4e-05	-0.700591777789716
198	164	2015	7.5e-09	0	-0.430065420566701
198	164	2015	7.5e-09	1e-07	-0.393259883414317
198	164	2015	7.5e-09	2.5e-07	0
198	164	2015	7.5e-09	5e-07	-0.907672944680861
198	164	2015	7.5e-09	1e-06	-0.9472893096426
198	164	2015	7.5e-09	2e-06	-0.598285674607462
198	164	2015	7.5e-09	4e-06	-0.209207896492213
198	164	2015	7.5e-09	6e-06	-0.15802695182034
198	164	2015	7.5e-09	1e-05	0
198	164	2015	7.5e-09	1.4e-05	-0.977661430366412
198	164	2015	1e-08	0	-0.941078482367676
198	164	2015	1e-08	1e-07	-0.551704517224367
198	164	2015	1e-08	2.5e-07	-0.119340370254841
198	164	2015	1e-08	5e-07	-0.065019436139069
198	164	2015	1e-08	1e-06	0
198	164	2015	1e-08	2e-06	-0.974424800584783
198	164	2015	1e-08	4e-06	-0.939241879178902
198	164	2015	1e-08	6e-06	-0.542755748476486
198	164	2015	1e-08	1e-05	-0.0967957992474543
198	164	2015	1e-08	1.4e-05	-0.0443177526239995
94	164	2015	0	0	0
94	164	2015	0	1e-07	0
94	164	2015	0	2.5e-07	0
94	164	2015	0	5e-07	0
94	164	2015	0	1e-06	0
94	164	2015	0	2e-06	0
94	164	2015	0	4e-06	0
94	164	2015	0	6e-06	0.0463715953738904
94	164	2015	0	1e-05	0.0342898217780147
94	164	2015	0	1.4e-05	0.0511458108197327
94	164	2015	1e-09	0	-0.0124541241083341
94	164	2015	1e-09	1e-07	-0.0088155860599683
94	164	2015	1e-09	2.5e-07	0
94	164	2015	1e-09	5e-07	-0.000806278669133178
94	164	2015	1e-09	1e-06	0.0369561700122321
94	164	2015	1e-09	2e-06	0.00387269782408836
94	164	2015	1e-09	4e-06	0.0054518752749506
94	164	2015	1e-09	6e-06	-0.11744911375414
94	164	2015	1e-09	1e-05	0
94	164	2015	1e-09	1.4e-05	0.0225148735904381
94	164	2015	2.5e-09	0	0.0110875261196827
94	164	2015	2.5e-09	1e-07	0.0177459284402889
94	164	2015	2.5e-09	2.5e-07	-0.00882644772458107
94	164	2015	2.5e-09	5e-07	-0.250844586783745
94	164	2015	2.5e-09	1e-06	0
94	164	2015	2.5e-09	2e-06	0.0333131420977963
94	164	2015	2.5e-09	4e-06	0.0542704652471221
94	164	2015	2.5e-09	6e-06	0.0155709392077044
94	164	2015	2.5e-09	1e-05	-0.234102780787603
94	164	2015	2.5e-09	1.4e-05	-0.415314543792508
94	164	2015	5e-09	0	0
94	164	2015	5e-09	1e-07	0.0651976775989286
94	164	2015	5e-09	2.5e-07	0.0075392535320988
94	164	2015	5e-09	5e-07	-0.285649021472956
94	164	2015	5e-09	1e-06	-0.478322780413008
94	164	2015	5e-09	2e-06	-0.621988608646253
94	164	2015	5e-09	4e-06	0
94	164	2015	5e-09	6e-06	-0.304763647971619
94	164	2015	5e-09	1e-05	-0.417531070191412
94	164	2015	5e-09	1.4e-05	-0.646512142490331
94	164	2015	7.5e-09	0	-0.713196906498488
94	164	2015	7.5e-09	1e-07	-0.663858678823223
94	164	2015	7.5e-09	2.5e-07	0
94	164	2015	7.5e-09	5e-07	-0.605084692722587
94	164	2015	7.5e-09	1e-06	-0.632667626204944
94	164	2015	7.5e-09	2e-06	-0.779380488022618
94	164	2015	7.5e-09	4e-06	-0.757028467591477
94	164	2015	7.5e-09	6e-06	-0.638115819819337
94	164	2015	7.5e-09	1e-05	0
94	164	2015	7.5e-09	1.4e-05	-0.741930809565501
94	164	2015	1e-08	0	-0.739714290488673
94	164	2015	1e-08	1e-07	-0.840757290920853
94	164	2015	1e-08	2.5e-07	-0.785798865749614
94	164	2015	1e-08	5e-07	-0.672571387933242
94	164	2015	1e-08	1e-06	0
94	164	2015	1e-08	2e-06	-0.780001557800947
94	164	2015	1e-08	4e-06	-0.752316330417011
94	164	2015	1e-08	6e-06	-0.855536175522754
94	164	2015	1e-08	1e-05	-0.79450150871874
94	164	2015	1e-08	1.4e-05	-0.653893151781364
199	164	2015	0	0	0
199	164	2015	0	1e-07	0
199	164	2015	0	2.5e-07	0
199	164	2015	0	5e-07	0
199	164	2015	0	1e-06	0
199	164	2015	0	2e-06	0
199	164	2015	0	4e-06	0
199	164	2015	0	6e-06	0.00110660019432274
199	164	2015	0	1e-05	0.0714691791259837
199	164	2015	0	1.4e-05	-0.242568864268024
199	164	2015	1e-09	0	-0.858765175191202
199	164	2015	1e-09	1e-07	-0.976425098033642
199	164	2015	1e-09	2.5e-07	0
199	164	2015	1e-09	5e-07	-0.00890773759525743
199	164	2015	1e-09	1e-06	0.00535405108476638
199	164	2015	1e-09	2e-06	-0.472417792559104
199	164	2015	1e-09	4e-06	-0.954210247862673
199	164	2015	1e-09	6e-06	-0.985283771631922
199	164	2015	1e-09	1e-05	0
199	164	2015	1e-09	1.4e-05	-0.0121679542204815
199	164	2015	2.5e-09	0	-0.150550170690396
199	164	2015	2.5e-09	1e-07	-0.766938770898093
199	164	2015	2.5e-09	2.5e-07	-0.953672770551605
199	164	2015	2.5e-09	5e-07	-0.964907859224624
199	164	2015	2.5e-09	1e-06	0
199	164	2015	2.5e-09	2e-06	-0.134440669762006
199	164	2015	2.5e-09	4e-06	-0.548066734635092
199	164	2015	2.5e-09	6e-06	-0.924467792637607
199	164	2015	2.5e-09	1e-05	-0.9550188441047
199	164	2015	2.5e-09	1.4e-05	-0.96111660271681
199	164	2015	5e-09	0	0
199	164	2015	5e-09	1e-07	-0.479251957165547
199	164	2015	5e-09	2.5e-07	-0.82464702418371
199	164	2015	5e-09	5e-07	-0.899725701501809
199	164	2015	5e-09	1e-06	-0.710280731100568
199	164	2015	5e-09	2e-06	-0.683616138162865
199	164	2015	5e-09	4e-06	0
199	164	2015	5e-09	6e-06	-0.850643676399533
199	164	2015	5e-09	1e-05	-0.932245391420902
199	164	2015	5e-09	1.4e-05	-0.837862552947918
199	164	2015	7.5e-09	0	-0.396071062668115
199	164	2015	7.5e-09	1e-07	-0.341488941237986
199	164	2015	7.5e-09	2.5e-07	0
199	164	2015	7.5e-09	5e-07	-0.927926765980005
199	164	2015	7.5e-09	1e-06	-0.935755081294038
199	164	2015	7.5e-09	2e-06	-0.802660703573785
199	164	2015	7.5e-09	4e-06	-0.229580949626002
199	164	2015	7.5e-09	6e-06	-0.154153768807025
199	164	2015	7.5e-09	1e-05	0
199	164	2015	7.5e-09	1.4e-05	-0.944364709856368
199	164	2015	1e-08	0	-0.92898971374105
199	164	2015	1e-08	1e-07	-0.77768731127607
199	164	2015	1e-08	2.5e-07	-0.146895105948865
199	164	2015	1e-08	5e-07	-0.0694167990476313
199	164	2015	1e-08	1e-06	0
199	164	2015	1e-08	2e-06	-0.951103201242661
199	164	2015	1e-08	4e-06	-0.927639880528295
199	164	2015	1e-08	6e-06	-0.772184516327452
199	164	2015	1e-08	1e-05	-0.138188312759129
199	164	2015	1e-08	1.4e-05	-0.0544116184989279
200	164	2015	0	0	0
200	164	2015	0	1e-07	0
200	164	2015	0	2.5e-07	0
200	164	2015	0	5e-07	0
200	164	2015	0	1e-06	0
200	164	2015	0	2e-06	0
200	164	2015	0	4e-06	0
200	164	2015	0	6e-06	-0.0659531114828033
200	164	2015	0	1e-05	0.028293369735524
200	164	2015	0	1.4e-05	-0.238205280154231
200	164	2015	1e-09	0	-0.802396618294455
200	164	2015	1e-09	1e-07	-0.870290932529611
200	164	2015	1e-09	2.5e-07	0
200	164	2015	1e-09	5e-07	-0.0763756851990063
200	164	2015	1e-09	1e-06	-0.115775883113276
200	164	2015	1e-09	2e-06	-0.304994337691425
200	164	2015	1e-09	4e-06	-0.845400957789747
200	164	2015	1e-09	6e-06	-0.920886845300086
200	164	2015	1e-09	1e-05	0
200	164	2015	1e-09	1.4e-05	-0.120999018728641
200	164	2015	2.5e-09	0	-0.116383887752358
200	164	2015	2.5e-09	1e-07	-0.491793214888148
200	164	2015	2.5e-09	2.5e-07	-0.838955300086132
200	164	2015	2.5e-09	5e-07	-0.844124358472122
200	164	2015	2.5e-09	1e-06	0
200	164	2015	2.5e-09	2e-06	-0.0819940276453804
200	164	2015	2.5e-09	4e-06	-0.227518580174855
200	164	2015	2.5e-09	6e-06	-0.739040934019815
200	164	2015	2.5e-09	1e-05	-0.849204529219577
200	164	2015	2.5e-09	1.4e-05	-0.847951129897276
200	164	2015	5e-09	0	0
200	164	2015	5e-09	1e-07	-0.223369475304438
200	164	2015	5e-09	2.5e-07	-0.533942568626205
200	164	2015	5e-09	5e-07	-0.863095396664793
200	164	2015	5e-09	1e-06	-0.77959592638467
200	164	2015	5e-09	2e-06	-0.749321482901758
200	164	2015	5e-09	4e-06	0
200	164	2015	5e-09	6e-06	-0.858826765319018
200	164	2015	5e-09	1e-05	-0.865929273824185
200	164	2015	5e-09	1.4e-05	-0.792733164653282
200	164	2015	7.5e-09	0	-0.34515882527071
200	164	2015	7.5e-09	1e-07	-0.23070758142302
200	164	2015	7.5e-09	2.5e-07	0
200	164	2015	7.5e-09	5e-07	-0.916652529176831
200	164	2015	7.5e-09	1e-06	-0.875344631054071
200	164	2015	7.5e-09	2e-06	-0.776720200175694
200	164	2015	7.5e-09	4e-06	-0.262699491548684
200	164	2015	7.5e-09	6e-06	-0.143741539168866
200	164	2015	7.5e-09	1e-05	0
200	164	2015	7.5e-09	1.4e-05	-0.936694974105757
200	164	2015	1e-08	0	-0.892692230342055
200	164	2015	1e-08	1e-07	-0.77863095585134
200	164	2015	1e-08	2.5e-07	-0.255627062766285
200	164	2015	1e-08	5e-07	-0.135659221812969
200	164	2015	1e-08	1e-06	0
200	164	2015	1e-08	2e-06	-0.942393453414
200	164	2015	1e-08	4e-06	-0.907481252889278
200	164	2015	1e-08	6e-06	-0.788741981581514
200	164	2015	1e-08	1e-05	-0.266117231992603
200	164	2015	1e-08	1.4e-05	-0.132836793221233
201	164	2015	0	0	0
201	164	2015	0	1e-07	0
201	164	2015	0	2.5e-07	0
201	164	2015	0	5e-07	0
201	164	2015	0	1e-06	0
201	164	2015	0	2e-06	0
201	164	2015	0	4e-06	0
201	164	2015	0	6e-06	0.0473491268197625
201	164	2015	0	1e-05	0.10382259890687
201	164	2015	0	1.4e-05	0.0382432001927765
201	164	2015	1e-09	0	-0.250849944936518
201	164	2015	1e-09	1e-07	-0.435839044380612
201	164	2015	1e-09	2.5e-07	0
201	164	2015	1e-09	5e-07	0.110746526389558
201	164	2015	1e-09	1e-06	0.0268294323593719
201	164	2015	1e-09	2e-06	0.0455342206889733
201	164	2015	1e-09	4e-06	-0.267556025180365
201	164	2015	1e-09	6e-06	-0.440953734855138
201	164	2015	1e-09	1e-05	0
201	164	2015	1e-09	1.4e-05	-0.0300436898203604
201	164	2015	2.5e-09	0	-0.0432441580534015
201	164	2015	2.5e-09	1e-07	-0.0462077105005051
201	164	2015	2.5e-09	2.5e-07	-0.384278054799839
201	164	2015	2.5e-09	5e-07	-0.408945074759036
201	164	2015	2.5e-09	1e-06	0
201	164	2015	2.5e-09	2e-06	-0.00893031143483668
201	164	2015	2.5e-09	4e-06	-0.0756143208343495
201	164	2015	2.5e-09	6e-06	-0.194736478075289
201	164	2015	2.5e-09	1e-05	-0.337969294756826
201	164	2015	2.5e-09	1.4e-05	-0.460061915183551
201	164	2015	5e-09	0	0
201	164	2015	5e-09	1e-07	-0.141421933444864
201	164	2015	5e-09	2.5e-07	-0.137940048520065
201	164	2015	5e-09	5e-07	-0.424906932011881
201	164	2015	5e-09	1e-06	-0.446624097476755
201	164	2015	5e-09	2e-06	-0.467502433246543
201	164	2015	5e-09	4e-06	0
201	164	2015	5e-09	6e-06	-0.212018948323211
201	164	2015	5e-09	1e-05	-0.227424621575729
201	164	2015	5e-09	1.4e-05	-0.4763487047472
201	164	2015	7.5e-09	0	-0.43899194066838
201	164	2015	7.5e-09	1e-07	-0.437387929699561
201	164	2015	7.5e-09	2.5e-07	0
201	164	2015	7.5e-09	5e-07	-0.267400305639005
201	164	2015	7.5e-09	1e-06	-0.329992761725207
201	164	2015	7.5e-09	2e-06	-0.495864465398925
201	164	2015	7.5e-09	4e-06	-0.441877347598707
201	164	2015	7.5e-09	6e-06	-0.424671659798663
201	164	2015	7.5e-09	1e-05	0
201	164	2015	7.5e-09	1.4e-05	-0.369420970895333
201	164	2015	1e-08	0	-0.447610315911849
201	164	2015	1e-08	1e-07	-0.544928698922317
201	164	2015	1e-08	2.5e-07	-0.385721699211306
201	164	2015	1e-08	5e-07	-0.394507341601635
201	164	2015	1e-08	1e-06	0
201	164	2015	1e-08	2e-06	-0.496641317243838
201	164	2015	1e-08	4e-06	-0.607045292674947
201	164	2015	1e-08	6e-06	-0.588727613890643
201	164	2015	1e-08	1e-05	-0.411815558261035
201	164	2015	1e-08	1.4e-05	-0.382110684626475
202	164	2015	0	0	0
202	164	2015	0	1e-07	0
202	164	2015	0	2.5e-07	0
202	164	2015	0	5e-07	0
202	164	2015	0	1e-06	0
202	164	2015	0	2e-06	0
202	164	2015	0	4e-06	0
202	164	2015	0	6e-06	0.00886759839709839
202	164	2015	0	1e-05	0.00480886848169362
202	164	2015	0	1.4e-05	0.00931279546795409
202	164	2015	1e-09	0	-0.014880899726609
202	164	2015	1e-09	1e-07	-0.108149884199954
202	164	2015	1e-09	2.5e-07	0
202	164	2015	1e-09	5e-07	0.0114879211928886
202	164	2015	1e-09	1e-06	-0.0537226580794737
202	164	2015	1e-09	2e-06	-0.036633678132247
202	164	2015	1e-09	4e-06	-0.0543897247260799
202	164	2015	1e-09	6e-06	-0.00149734812399288
202	164	2015	1e-09	1e-05	0
202	164	2015	1e-09	1.4e-05	0.00426049012022375
202	164	2015	2.5e-09	0	0.0477050248228608
202	164	2015	2.5e-09	1e-07	-0.0451933460401352
202	164	2015	2.5e-09	2.5e-07	-0.0766664043281331
202	164	2015	2.5e-09	5e-07	-0.159674702419056
202	164	2015	2.5e-09	1e-06	0
202	164	2015	2.5e-09	2e-06	-0.0232910914550557
202	164	2015	2.5e-09	4e-06	-0.094910802820778
202	164	2015	2.5e-09	6e-06	-0.0829736306918437
202	164	2015	2.5e-09	1e-05	-0.0676009548653187
202	164	2015	2.5e-09	1.4e-05	-0.186182040139552
202	164	2015	5e-09	0	0
202	164	2015	5e-09	1e-07	-0.193973867196902
202	164	2015	5e-09	2.5e-07	-0.117677806394141
202	164	2015	5e-09	5e-07	-0.242844763429165
202	164	2015	5e-09	1e-06	-0.245255410517494
202	164	2015	5e-09	2e-06	-0.239528743889733
202	164	2015	5e-09	4e-06	0
202	164	2015	5e-09	6e-06	-0.234721285229705
202	164	2015	5e-09	1e-05	-0.279241881234555
202	164	2015	5e-09	1.4e-05	-0.297803751565484
202	164	2015	7.5e-09	0	-0.331097712610396
202	164	2015	7.5e-09	1e-07	-0.35337796598696
202	164	2015	7.5e-09	2.5e-07	0
202	164	2015	7.5e-09	5e-07	-0.340706904382277
202	164	2015	7.5e-09	1e-06	-0.400508565146105
202	164	2015	7.5e-09	2e-06	-0.371991543459746
202	164	2015	7.5e-09	4e-06	-0.368394324309853
202	164	2015	7.5e-09	6e-06	-0.414544238998167
202	164	2015	7.5e-09	1e-05	0
202	164	2015	7.5e-09	1.4e-05	-0.386759182742488
202	164	2015	1e-08	0	-0.419318009611252
202	164	2015	1e-08	1e-07	-0.380128796340527
202	164	2015	1e-08	2.5e-07	-0.447891025326382
202	164	2015	1e-08	5e-07	-0.433278364141146
202	164	2015	1e-08	1e-06	0
202	164	2015	1e-08	2e-06	-0.480504538207544
202	164	2015	1e-08	4e-06	-0.522842063347596
202	164	2015	1e-08	6e-06	-0.447683139503319
202	164	2015	1e-08	1e-05	-0.447642639529183
202	164	2015	1e-08	1.4e-05	-0.427378537319881
203	164	2015	0	0	0
203	164	2015	0	1e-07	0
203	164	2015	0	2.5e-07	0
203	164	2015	0	5e-07	0
203	164	2015	0	1e-06	0
203	164	2015	0	2e-06	0
203	164	2015	0	4e-06	0
203	164	2015	0	6e-06	0.00669640528018959
203	164	2015	0	1e-05	-0.00846206719115429
203	164	2015	0	1.4e-05	-0.0272659350602434
203	164	2015	1e-09	0	0.00251442029306617
203	164	2015	1e-09	1e-07	-0.0759661495396604
203	164	2015	1e-09	2.5e-07	0
203	164	2015	1e-09	5e-07	-0.0286192727592547
203	164	2015	1e-09	1e-06	-0.0533321479760231
203	164	2015	1e-09	2e-06	-0.0580015211630582
203	164	2015	1e-09	4e-06	-0.0591502785923863
203	164	2015	1e-09	6e-06	-0.0508516918412143
203	164	2015	1e-09	1e-05	0
203	164	2015	1e-09	1.4e-05	-0.0628402571052227
203	164	2015	2.5e-09	0	-0.0533703000774007
203	164	2015	2.5e-09	1e-07	-0.0817268105403977
203	164	2015	2.5e-09	2.5e-07	-0.100211990221612
203	164	2015	2.5e-09	5e-07	-0.123174547849339
203	164	2015	2.5e-09	1e-06	0
203	164	2015	2.5e-09	2e-06	-0.0870999611509765
203	164	2015	2.5e-09	4e-06	-0.0978547080900503
203	164	2015	2.5e-09	6e-06	-0.133532421884937
203	164	2015	2.5e-09	1e-05	-0.18091603696995
203	164	2015	2.5e-09	1.4e-05	-0.26286096315047
203	164	2015	5e-09	0	0
203	164	2015	5e-09	1e-07	-0.167841177156322
203	164	2015	5e-09	2.5e-07	-0.202828645764125
203	164	2015	5e-09	5e-07	-0.302587307056211
203	164	2015	5e-09	1e-06	-0.413342150367777
203	164	2015	5e-09	2e-06	-0.584295938548665
203	164	2015	5e-09	4e-06	0
203	164	2015	5e-09	6e-06	-0.504414280901241
203	164	2015	5e-09	1e-05	-0.658943531199149
203	164	2015	5e-09	1.4e-05	-0.7541732089717
203	164	2015	7.5e-09	0	-0.76008759815109
203	164	2015	7.5e-09	1e-07	-0.796425333395187
203	164	2015	7.5e-09	2.5e-07	0
203	164	2015	7.5e-09	5e-07	-0.624906477996922
203	164	2015	7.5e-09	1e-06	-0.728332854536634
203	164	2015	7.5e-09	2e-06	-0.772862992903636
203	164	2015	7.5e-09	4e-06	-0.778146503141336
203	164	2015	7.5e-09	6e-06	-0.771620349470356
203	164	2015	7.5e-09	1e-05	0
203	164	2015	7.5e-09	1.4e-05	-0.665011020672289
203	164	2015	1e-08	0	-0.769291304772915
203	164	2015	1e-08	1e-07	-0.783496867771499
203	164	2015	1e-08	2.5e-07	-0.764794247519299
203	164	2015	1e-08	5e-07	-0.772760022166176
203	164	2015	1e-08	1e-06	0
203	164	2015	1e-08	2e-06	-0.707995192235852
203	164	2015	1e-08	4e-06	-0.751900060798942
203	164	2015	1e-08	6e-06	-0.74706732761187
203	164	2015	1e-08	1e-05	-0.756241998740733
203	164	2015	1e-08	1.4e-05	-0.761954874622084
16	164	2015	0	0	0
16	164	2015	0	1e-07	0
16	164	2015	0	2.5e-07	0
16	164	2015	0	5e-07	0
16	164	2015	0	1e-06	0
16	164	2015	0	2e-06	0
16	164	2015	0	4e-06	0
16	164	2015	0	6e-06	-0.0191073453523546
16	164	2015	0	1e-05	-0.346027442876486
16	164	2015	0	1.4e-05	-0.933022715100885
16	164	2015	1e-09	0	-0.925562643862817
16	164	2015	1e-09	1e-07	-0.924964622462642
16	164	2015	1e-09	2.5e-07	0
16	164	2015	1e-09	5e-07	-0.0886018967847197
16	164	2015	1e-09	1e-06	-0.348252080804538
16	164	2015	1e-09	2e-06	-0.930321096596947
16	164	2015	1e-09	4e-06	-0.929146991230672
16	164	2015	1e-09	6e-06	-0.9268408777251
16	164	2015	1e-09	1e-05	0
16	164	2015	1e-09	1.4e-05	-0.0566224769848145
16	164	2015	2.5e-09	0	-0.651171604555106
16	164	2015	2.5e-09	1e-07	-0.932536751907965
16	164	2015	2.5e-09	2.5e-07	-0.921424450129497
16	164	2015	2.5e-09	5e-07	-0.920556172886262
16	164	2015	2.5e-09	1e-06	0
16	164	2015	2.5e-09	2e-06	-0.0917891567713818
16	164	2015	2.5e-09	4e-06	-0.896455642093426
16	164	2015	2.5e-09	6e-06	-0.93278107319762
16	164	2015	2.5e-09	1e-05	-0.929401730399096
16	164	2015	2.5e-09	1.4e-05	-0.918767753985629
16	164	2015	5e-09	0	0
16	164	2015	5e-09	1e-07	-0.512236470632733
16	164	2015	5e-09	2.5e-07	-0.94528417618214
16	164	2015	5e-09	5e-07	-0.895346126876339
16	164	2015	5e-09	1e-06	-0.879843694353314
16	164	2015	5e-09	2e-06	-0.882652247066585
16	164	2015	5e-09	4e-06	0
16	164	2015	5e-09	6e-06	-0.938307529161946
16	164	2015	5e-09	1e-05	-0.83726653590435
16	164	2015	5e-09	1.4e-05	-0.52392974940377
16	164	2015	7.5e-09	0	-0.521563374883476
16	164	2015	7.5e-09	1e-07	-0.51314746565543
16	164	2015	7.5e-09	2.5e-07	0
16	164	2015	7.5e-09	5e-07	-0.959979566806731
16	164	2015	7.5e-09	1e-06	-0.740472749173547
16	164	2015	7.5e-09	2e-06	-0.195309108326481
16	164	2015	7.5e-09	4e-06	-0.184510934372904
16	164	2015	7.5e-09	6e-06	-0.179381101874327
16	164	2015	7.5e-09	1e-05	0
16	164	2015	7.5e-09	1.4e-05	-0.9642434936428
16	164	2015	1e-08	0	-0.707777457001073
16	164	2015	1e-08	1e-07	-0.0819340682515958
16	164	2015	1e-08	2.5e-07	-0.0708500426898571
16	164	2015	1e-08	5e-07	-0.0688450881665885
16	164	2015	1e-08	1e-06	0
16	164	2015	1e-08	2e-06	-0.965514082718025
16	164	2015	1e-08	4e-06	-0.697295513561335
16	164	2015	1e-08	6e-06	-0.0632392984328014
16	164	2015	1e-08	1e-05	-0.0446704227095715
16	164	2015	1e-08	1.4e-05	-0.0483451300874619
116	164	2015	0	0	0
116	164	2015	0	1e-07	0
116	164	2015	0	2.5e-07	0
116	164	2015	0	5e-07	0
116	164	2015	0	1e-06	0
116	164	2015	0	2e-06	0
116	164	2015	0	4e-06	0
116	164	2015	0	6e-06	-0.0369488759077663
116	164	2015	0	1e-05	-0.0464204993889676
116	164	2015	0	1.4e-05	-0.0746691401908321
116	164	2015	1e-09	0	-0.0491607744953939
116	164	2015	1e-09	1e-07	-0.167373311109669
116	164	2015	1e-09	2.5e-07	0
116	164	2015	1e-09	5e-07	0.0284523505041271
116	164	2015	1e-09	1e-06	-0.0300540882925992
116	164	2015	1e-09	2e-06	-0.0212718149212228
116	164	2015	1e-09	4e-06	-0.0926205705975536
116	164	2015	1e-09	6e-06	-0.301191842339378
116	164	2015	1e-09	1e-05	0
116	164	2015	1e-09	1.4e-05	0.0182115654138605
116	164	2015	2.5e-09	0	0.00511492509593765
116	164	2015	2.5e-09	1e-07	-0.00658911000507644
116	164	2015	2.5e-09	2.5e-07	-0.216692038921868
116	164	2015	2.5e-09	5e-07	-0.377166019418525
116	164	2015	2.5e-09	1e-06	0
116	164	2015	2.5e-09	2e-06	-0.0776604304380923
116	164	2015	2.5e-09	4e-06	-0.106258898065863
116	164	2015	2.5e-09	6e-06	-0.198321265510915
116	164	2015	2.5e-09	1e-05	-0.382448913850138
116	164	2015	2.5e-09	1.4e-05	-0.549082747633577
116	164	2015	5e-09	0	0
116	164	2015	5e-09	1e-07	-0.207038596715103
116	164	2015	5e-09	2.5e-07	-0.278118373273753
116	164	2015	5e-09	5e-07	-0.506371614176927
116	164	2015	5e-09	1e-06	-0.642534746147409
116	164	2015	5e-09	2e-06	-0.677059460810312
116	164	2015	5e-09	4e-06	0
116	164	2015	5e-09	6e-06	-0.53193350639243
116	164	2015	5e-09	1e-05	-0.634034190035149
116	164	2015	5e-09	1.4e-05	-0.653095281119683
116	164	2015	7.5e-09	0	-0.707621636683578
116	164	2015	7.5e-09	1e-07	-0.639317478941589
116	164	2015	7.5e-09	2.5e-07	0
116	164	2015	7.5e-09	5e-07	-0.673503925749784
116	164	2015	7.5e-09	1e-06	-0.704856840434513
116	164	2015	7.5e-09	2e-06	-0.670885671880434
116	164	2015	7.5e-09	4e-06	-0.690424779922042
116	164	2015	7.5e-09	6e-06	-0.63520198745654
116	164	2015	7.5e-09	1e-05	0
116	164	2015	7.5e-09	1.4e-05	-0.697715629052275
116	164	2015	1e-08	0	-0.701067866117386
116	164	2015	1e-08	1e-07	-0.698035373327732
116	164	2015	1e-08	2.5e-07	-0.673298934771914
116	164	2015	1e-08	5e-07	-0.589470098966638
116	164	2015	1e-08	1e-06	0
116	164	2015	1e-08	2e-06	-0.684045968910009
116	164	2015	1e-08	4e-06	-0.71409909652154
116	164	2015	1e-08	6e-06	-0.694034920819664
116	164	2015	1e-08	1e-05	-0.696828704552436
116	164	2015	1e-08	1.4e-05	-0.621610911385838
20	164	2015	0	0	0
20	164	2015	0	1e-07	0
20	164	2015	0	2.5e-07	0
20	164	2015	0	5e-07	0
20	164	2015	0	1e-06	0
20	164	2015	0	2e-06	0
20	164	2015	0	4e-06	0
20	164	2015	0	6e-06	0.0503968017373235
20	164	2015	0	1e-05	0.0232944947168409
20	164	2015	0	1.4e-05	0.0312691584079175
20	164	2015	1e-09	0	-0.196548368342907
20	164	2015	1e-09	1e-07	-0.498499567564379
20	164	2015	1e-09	2.5e-07	0
20	164	2015	1e-09	5e-07	0.023446758615522
20	164	2015	1e-09	1e-06	0.0238638946093795
20	164	2015	1e-09	2e-06	-0.00442990657997328
20	164	2015	1e-09	4e-06	-0.370154819643833
20	164	2015	1e-09	6e-06	-0.632237016695848
20	164	2015	1e-09	1e-05	0
20	164	2015	1e-09	1.4e-05	0.032458889287046
20	164	2015	2.5e-09	0	0.0494818671656949
20	164	2015	2.5e-09	1e-07	0.00409742372990891
20	164	2015	2.5e-09	2.5e-07	-0.275075856654318
20	164	2015	2.5e-09	5e-07	-0.559769119277953
20	164	2015	2.5e-09	1e-06	0
20	164	2015	2.5e-09	2e-06	0.0642316897413254
20	164	2015	2.5e-09	4e-06	0.0452828800375067
20	164	2015	2.5e-09	6e-06	-0.0225926573864835
20	164	2015	2.5e-09	1e-05	-0.35003358027302
20	164	2015	2.5e-09	1.4e-05	-0.588386003758203
20	164	2015	5e-09	0	0
20	164	2015	5e-09	1e-07	0.00772781189087624
20	164	2015	5e-09	2.5e-07	-0.00492415967629015
20	164	2015	5e-09	5e-07	-0.338435888130956
20	164	2015	5e-09	1e-06	-0.572759655448453
20	164	2015	5e-09	2e-06	-0.627865485999594
20	164	2015	5e-09	4e-06	0
20	164	2015	5e-09	6e-06	-0.142434387249206
20	164	2015	5e-09	1e-05	-0.539879921933576
20	164	2015	5e-09	1.4e-05	-0.725549626302694
20	164	2015	7.5e-09	0	-0.760518159138831
20	164	2015	7.5e-09	1e-07	-0.753954992745428
20	164	2015	7.5e-09	2.5e-07	0
20	164	2015	7.5e-09	5e-07	-0.679583718310569
20	164	2015	7.5e-09	1e-06	-0.796326004698424
20	164	2015	7.5e-09	2e-06	-0.815126535736449
20	164	2015	7.5e-09	4e-06	-0.750623195649982
20	164	2015	7.5e-09	6e-06	-0.572646414141805
20	164	2015	7.5e-09	1e-05	0
20	164	2015	7.5e-09	1.4e-05	-0.806973224145282
20	164	2015	1e-08	0	-0.888907458693416
20	164	2015	1e-08	1e-07	-0.882427284625294
20	164	2015	1e-08	2.5e-07	-0.75120683470193
20	164	2015	1e-08	5e-07	-0.444373595249549
20	164	2015	1e-08	1e-06	0
20	164	2015	1e-08	2e-06	-0.821263568894803
20	164	2015	1e-08	4e-06	-0.888681310622223
20	164	2015	1e-08	6e-06	-0.885890377477991
20	164	2015	1e-08	1e-05	-0.764098783398208
20	164	2015	1e-08	1.4e-05	-0.46118720983441
23	164	2015	0	0	0
23	164	2015	0	1e-07	0
23	164	2015	0	2.5e-07	0
23	164	2015	0	5e-07	0
23	164	2015	0	1e-06	0
23	164	2015	0	2e-06	0
23	164	2015	0	4e-06	0
23	164	2015	0	6e-06	-0.00345451151291016
23	164	2015	0	1e-05	-0.389178125094993
23	164	2015	0	1.4e-05	-0.922908405587837
23	164	2015	1e-09	0	-0.929810814561916
23	164	2015	1e-09	1e-07	-0.928692112452727
23	164	2015	1e-09	2.5e-07	0
23	164	2015	1e-09	5e-07	-0.00661520909009553
23	164	2015	1e-09	1e-06	-0.355025701985971
23	164	2015	1e-09	2e-06	-0.927395582308006
23	164	2015	1e-09	4e-06	-0.948864090283508
23	164	2015	1e-09	6e-06	-0.941668664431633
23	164	2015	1e-09	1e-05	0
23	164	2015	1e-09	1.4e-05	-0.018113064784246
23	164	2015	2.5e-09	0	-0.656513532289625
23	164	2015	2.5e-09	1e-07	-0.90509646056545
23	164	2015	2.5e-09	2.5e-07	-0.90728796121057
23	164	2015	2.5e-09	5e-07	-0.91161004954608
23	164	2015	2.5e-09	1e-06	0
23	164	2015	2.5e-09	2e-06	-0.0759194173889641
23	164	2015	2.5e-09	4e-06	-0.840157706021187
23	164	2015	2.5e-09	6e-06	-0.920797720928033
23	164	2015	2.5e-09	1e-05	-0.908558033232946
23	164	2015	2.5e-09	1.4e-05	-0.915303221138494
23	164	2015	5e-09	0	0
23	164	2015	5e-09	1e-07	-0.358501842746261
23	164	2015	5e-09	2.5e-07	-0.890163667274607
23	164	2015	5e-09	5e-07	-0.851784119969136
23	164	2015	5e-09	1e-06	-0.845838379669519
23	164	2015	5e-09	2e-06	-0.847794268921268
23	164	2015	5e-09	4e-06	0
23	164	2015	5e-09	6e-06	-0.881589062905791
23	164	2015	5e-09	1e-05	-0.835520308113825
23	164	2015	5e-09	1.4e-05	-0.477572953025377
23	164	2015	7.5e-09	0	-0.467649401889756
23	164	2015	7.5e-09	1e-07	-0.463138542397464
23	164	2015	7.5e-09	2.5e-07	0
23	164	2015	7.5e-09	5e-07	-0.919987925640045
23	164	2015	7.5e-09	1e-06	-0.782454789515087
23	164	2015	7.5e-09	2e-06	-0.233127417317098
23	164	2015	7.5e-09	4e-06	-0.222266532019383
23	164	2015	7.5e-09	6e-06	-0.215566299050787
23	164	2015	7.5e-09	1e-05	0
23	164	2015	7.5e-09	1.4e-05	-0.911599348101888
23	164	2015	1e-08	0	-0.746918158664254
23	164	2015	1e-08	1e-07	-0.118710182953452
23	164	2015	1e-08	2.5e-07	-0.108405743113982
23	164	2015	1e-08	5e-07	-0.110577360551743
23	164	2015	1e-08	1e-06	0
23	164	2015	1e-08	2e-06	-0.904139386736206
23	164	2015	1e-08	4e-06	-0.738622160140963
23	164	2015	1e-08	6e-06	-0.102843607733987
23	164	2015	1e-08	1e-05	-0.0956906114118042
23	164	2015	1e-08	1.4e-05	-0.0937074484814864
204	164	2015	0	0	0
204	164	2015	0	1e-07	0
204	164	2015	0	2.5e-07	0
204	164	2015	0	5e-07	0
204	164	2015	0	1e-06	0
204	164	2015	0	2e-06	0
204	164	2015	0	4e-06	0
204	164	2015	0	6e-06	-0.0282140430929142
204	164	2015	0	1e-05	-0.129684147561783
204	164	2015	0	1.4e-05	-0.85167085463904
204	164	2015	1e-09	0	-0.908187260485078
204	164	2015	1e-09	1e-07	-0.914775450904292
204	164	2015	1e-09	2.5e-07	0
204	164	2015	1e-09	5e-07	-0.0275574545490208
204	164	2015	1e-09	1e-06	-0.14738227292877
204	164	2015	1e-09	2e-06	-0.850257551217396
204	164	2015	1e-09	4e-06	-0.903970091192115
204	164	2015	1e-09	6e-06	-0.906533873808724
204	164	2015	1e-09	1e-05	0
204	164	2015	1e-09	1.4e-05	-0.0175454967869668
204	164	2015	2.5e-09	0	-0.356619056054245
204	164	2015	2.5e-09	1e-07	-0.90523827183698
204	164	2015	2.5e-09	2.5e-07	-0.916745540289708
204	164	2015	2.5e-09	5e-07	-0.926674029366567
204	164	2015	2.5e-09	1e-06	0
204	164	2015	2.5e-09	2e-06	-0.032725057253742
204	164	2015	2.5e-09	4e-06	-0.529298411395666
204	164	2015	2.5e-09	6e-06	-0.896653584136833
204	164	2015	2.5e-09	1e-05	-0.917168363171469
204	164	2015	2.5e-09	1.4e-05	-0.919649778896072
204	164	2015	5e-09	0	0
204	164	2015	5e-09	1e-07	-0.139010443019736
204	164	2015	5e-09	2.5e-07	-0.767988575184987
204	164	2015	5e-09	5e-07	-0.895699256370813
204	164	2015	5e-09	1e-06	-0.893312129123309
204	164	2015	5e-09	2e-06	-0.900085432567712
204	164	2015	5e-09	4e-06	0
204	164	2015	5e-09	6e-06	-0.817212188282592
204	164	2015	5e-09	1e-05	-0.874258253360289
204	164	2015	5e-09	1.4e-05	-0.567793860276134
204	164	2015	7.5e-09	0	-0.559858669914331
204	164	2015	7.5e-09	1e-07	-0.54667339432134
204	164	2015	7.5e-09	2.5e-07	0
204	164	2015	7.5e-09	5e-07	-0.882760690529916
204	164	2015	7.5e-09	1e-06	-0.848926803615819
204	164	2015	7.5e-09	2e-06	-0.264033648380394
204	164	2015	7.5e-09	4e-06	-0.224534695844809
204	164	2015	7.5e-09	6e-06	-0.218113400675362
204	164	2015	7.5e-09	1e-05	0
204	164	2015	7.5e-09	1.4e-05	-0.883930203763894
204	164	2015	1e-08	0	-0.838955285379372
204	164	2015	1e-08	1e-07	-0.190968030546251
204	164	2015	1e-08	2.5e-07	-0.152672613089399
204	164	2015	1e-08	5e-07	-0.149711468555324
204	164	2015	1e-08	1e-06	0
204	164	2015	1e-08	2e-06	-0.881733215463526
204	164	2015	1e-08	4e-06	-0.827954274632016
204	164	2015	1e-08	6e-06	-0.162868174710448
204	164	2015	1e-08	1e-05	-0.12898810624148
204	164	2015	1e-08	1.4e-05	-0.132251719269552
205	164	2015	0	0	0
205	164	2015	0	1e-07	0
205	164	2015	0	2.5e-07	0
205	164	2015	0	5e-07	0
205	164	2015	0	1e-06	0
205	164	2015	0	2e-06	0
205	164	2015	0	4e-06	0
205	164	2015	0	6e-06	-0.00591340597249939
205	164	2015	0	1e-05	0.0863194330793003
205	164	2015	0	1.4e-05	-0.0563933668786269
205	164	2015	1e-09	0	0.031404840266338
205	164	2015	1e-09	1e-07	-0.330405224244835
205	164	2015	1e-09	2.5e-07	0
205	164	2015	1e-09	5e-07	0.0540892905833793
205	164	2015	1e-09	1e-06	-0.0163884323959276
205	164	2015	1e-09	2e-06	0.0630171394521426
205	164	2015	1e-09	4e-06	0.105164781858719
205	164	2015	1e-09	6e-06	-0.266838528630993
205	164	2015	1e-09	1e-05	0
205	164	2015	1e-09	1.4e-05	-0.0333915492311745
205	164	2015	2.5e-09	0	0.039070203362861
205	164	2015	2.5e-09	1e-07	-0.0787025048919256
205	164	2015	2.5e-09	2.5e-07	-0.0254113525173965
205	164	2015	2.5e-09	5e-07	-0.425459696909231
205	164	2015	2.5e-09	1e-06	0
205	164	2015	2.5e-09	2e-06	-0.112512915813245
205	164	2015	2.5e-09	4e-06	-0.0427759443918559
205	164	2015	2.5e-09	6e-06	-0.0975411876457372
205	164	2015	2.5e-09	1e-05	-0.0726216506998252
205	164	2015	2.5e-09	1.4e-05	-0.444195541594344
205	164	2015	5e-09	0	0
205	164	2015	5e-09	1e-07	-0.660572576549738
205	164	2015	5e-09	2.5e-07	-0.689737982954319
205	164	2015	5e-09	5e-07	-0.602042159542479
205	164	2015	5e-09	1e-06	-0.625345743954673
205	164	2015	5e-09	2e-06	-0.552162902487549
205	164	2015	5e-09	4e-06	0
205	164	2015	5e-09	6e-06	-0.888677557980671
205	164	2015	5e-09	1e-05	-0.777629614464058
205	164	2015	5e-09	1.4e-05	-0.724044391674384
205	164	2015	7.5e-09	0	-0.738828232770483
205	164	2015	7.5e-09	1e-07	-0.504251134400546
205	164	2015	7.5e-09	2.5e-07	0
205	164	2015	7.5e-09	5e-07	-0.962473756147691
205	164	2015	7.5e-09	1e-06	-0.872678591146834
205	164	2015	7.5e-09	2e-06	-0.790925792474115
205	164	2015	7.5e-09	4e-06	-0.790280563763703
205	164	2015	7.5e-09	6e-06	-0.514731832959852
205	164	2015	7.5e-09	1e-05	0
205	164	2015	7.5e-09	1.4e-05	-0.982279081098713
205	164	2015	1e-08	0	-0.906941773819976
205	164	2015	1e-08	1e-07	-0.817273752973245
205	164	2015	1e-08	2.5e-07	-0.824279522704996
205	164	2015	1e-08	5e-07	-0.542400229535482
205	164	2015	1e-08	1e-06	0
205	164	2015	1e-08	2e-06	-0.972017586494245
205	164	2015	1e-08	4e-06	-0.909528894577191
205	164	2015	1e-08	6e-06	-0.823103015933223
205	164	2015	1e-08	1e-05	-0.846657011019888
205	164	2015	1e-08	1.4e-05	-0.564638991449488
21	164	2015	0	0	0
21	164	2015	0	1e-07	0
21	164	2015	0	2.5e-07	0
21	164	2015	0	5e-07	0
21	164	2015	0	1e-06	0
21	164	2015	0	2e-06	0
21	164	2015	0	4e-06	0
21	164	2015	0	6e-06	-0.0324078579493414
21	164	2015	0	1e-05	-0.0611438110552534
21	164	2015	0	1.4e-05	-0.178062550942765
21	164	2015	1e-09	0	-0.235032588603753
21	164	2015	1e-09	1e-07	-0.236694535949059
21	164	2015	1e-09	2.5e-07	0
21	164	2015	1e-09	5e-07	-0.0343711042388655
21	164	2015	1e-09	1e-06	-0.0259910230099327
21	164	2015	1e-09	2e-06	-0.170369525269437
21	164	2015	1e-09	4e-06	-0.228238844693484
21	164	2015	1e-09	6e-06	-0.235709579459807
21	164	2015	1e-09	1e-05	0
21	164	2015	1e-09	1.4e-05	-0.05157112063024
21	164	2015	2.5e-09	0	-0.080978967587551
21	164	2015	2.5e-09	1e-07	-0.20485964333586
21	164	2015	2.5e-09	2.5e-07	-0.259590260103179
21	164	2015	2.5e-09	5e-07	-0.309451392412249
21	164	2015	2.5e-09	1e-06	0
21	164	2015	2.5e-09	2e-06	-0.0764085899512861
21	164	2015	2.5e-09	4e-06	-0.166412389273745
21	164	2015	2.5e-09	6e-06	-0.292276893657808
21	164	2015	2.5e-09	1e-05	-0.344064035956266
21	164	2015	2.5e-09	1.4e-05	-0.387699598775157
21	164	2015	5e-09	0	0
21	164	2015	5e-09	1e-07	-0.332484467687449
21	164	2015	5e-09	2.5e-07	-0.460421757013032
21	164	2015	5e-09	5e-07	-0.58810190225196
21	164	2015	5e-09	1e-06	-0.605862973460641
21	164	2015	5e-09	2e-06	-0.682914272189378
21	164	2015	5e-09	4e-06	0
21	164	2015	5e-09	6e-06	-0.775046310509049
21	164	2015	5e-09	1e-05	-0.771480319669462
21	164	2015	5e-09	1.4e-05	-0.741693575286628
21	164	2015	7.5e-09	0	-0.723525748380398
21	164	2015	7.5e-09	1e-07	-0.690925528430923
21	164	2015	7.5e-09	2.5e-07	0
21	164	2015	7.5e-09	5e-07	-0.830169936741988
21	164	2015	7.5e-09	1e-06	-0.807515841208247
21	164	2015	7.5e-09	2e-06	-0.764355856108396
21	164	2015	7.5e-09	4e-06	-0.733352924655897
21	164	2015	7.5e-09	6e-06	-0.679691752984453
21	164	2015	7.5e-09	1e-05	0
21	164	2015	7.5e-09	1.4e-05	-0.838114344200884
21	164	2015	1e-08	0	-0.830836675378355
21	164	2015	1e-08	1e-07	-0.754316394749861
21	164	2015	1e-08	2.5e-07	-0.711576087859384
21	164	2015	1e-08	5e-07	-0.670539622141691
21	164	2015	1e-08	1e-06	0
21	164	2015	1e-08	2e-06	-0.84831732945958
21	164	2015	1e-08	4e-06	-0.817766750385501
21	164	2015	1e-08	6e-06	-0.750049213332448
21	164	2015	1e-08	1e-05	-0.703466954465729
21	164	2015	1e-08	1.4e-05	-0.660175781639695
195	164	2015	0	0	0
195	164	2015	0	1e-07	0
195	164	2015	0	2.5e-07	0
195	164	2015	0	5e-07	0
195	164	2015	0	1e-06	0
195	164	2015	0	2e-06	0
195	164	2015	0	4e-06	0
195	164	2015	0	6e-06	0.0411921801602989
195	164	2015	0	1e-05	0.0864913279866501
195	164	2015	0	1.4e-05	-0.184018136811507
195	164	2015	1e-09	0	-0.500694962301252
195	164	2015	1e-09	1e-07	-0.727024907161754
195	164	2015	1e-09	2.5e-07	0
195	164	2015	1e-09	5e-07	0.043499180241903
195	164	2015	1e-09	1e-06	0.0694287242028233
195	164	2015	1e-09	2e-06	-0.172260540123296
195	164	2015	1e-09	4e-06	-0.646250550008799
195	164	2015	1e-09	6e-06	-0.728412433201818
195	164	2015	1e-09	1e-05	0
195	164	2015	1e-09	1.4e-05	0.08395402990346
195	164	2015	2.5e-09	0	0.0641507683441017
195	164	2015	2.5e-09	1e-07	-0.212994886708342
195	164	2015	2.5e-09	2.5e-07	-0.623665630651788
195	164	2015	2.5e-09	5e-07	-0.730591486780991
195	164	2015	2.5e-09	1e-06	0
195	164	2015	2.5e-09	2e-06	0.0666097234367692
195	164	2015	2.5e-09	4e-06	-0.0701120117642655
195	164	2015	2.5e-09	6e-06	-0.61911518778137
195	164	2015	2.5e-09	1e-05	-0.778119416413775
195	164	2015	2.5e-09	1.4e-05	-0.839270432630625
195	164	2015	5e-09	0	0
195	164	2015	5e-09	1e-07	-0.512883907769411
195	164	2015	5e-09	2.5e-07	-0.698651391376744
195	164	2015	5e-09	5e-07	-0.771674375195242
195	164	2015	5e-09	1e-06	-0.713431106043658
195	164	2015	5e-09	2e-06	-0.680925633491666
195	164	2015	5e-09	4e-06	0
195	164	2015	5e-09	6e-06	-0.907771543011155
195	164	2015	5e-09	1e-05	-0.928529136020804
195	164	2015	5e-09	1.4e-05	-0.773239803339441
195	164	2015	7.5e-09	0	-0.384718001932459
195	164	2015	7.5e-09	1e-07	-0.315760365422903
195	164	2015	7.5e-09	2.5e-07	0
195	164	2015	7.5e-09	5e-07	-0.972079670897038
195	164	2015	7.5e-09	1e-06	-0.958030715744857
195	164	2015	7.5e-09	2e-06	-0.760560786089846
195	164	2015	7.5e-09	4e-06	-0.371846570531444
195	164	2015	7.5e-09	6e-06	-0.28621406321775
195	164	2015	7.5e-09	1e-05	0
195	164	2015	7.5e-09	1.4e-05	-0.986114800200105
195	164	2015	1e-08	0	-0.99218637691901
195	164	2015	1e-08	1e-07	-0.764722054568259
195	164	2015	1e-08	2.5e-07	-0.341781925313637
195	164	2015	1e-08	5e-07	-0.275954536044888
195	164	2015	1e-08	1e-06	0
195	164	2015	1e-08	2e-06	-0.987614189459969
195	164	2015	1e-08	4e-06	-0.998585432354567
195	164	2015	1e-08	6e-06	-0.765524974767613
195	164	2015	1e-08	1e-05	-0.352331159723745
195	164	2015	1e-08	1.4e-05	-0.251302973909842
206	164	2015	0	0	0
206	164	2015	0	1e-07	0
206	164	2015	0	2.5e-07	0
206	164	2015	0	5e-07	0
206	164	2015	0	1e-06	0
206	164	2015	0	2e-06	0
206	164	2015	0	4e-06	0
206	164	2015	0	6e-06	-0.00274866010564139
206	164	2015	0	1e-05	0.0161547799014213
206	164	2015	0	1.4e-05	-0.0269924954500449
206	164	2015	1e-09	0	-0.256176078405588
206	164	2015	1e-09	1e-07	-0.526995953731999
206	164	2015	1e-09	2.5e-07	0
206	164	2015	1e-09	5e-07	0.0310249329214031
206	164	2015	1e-09	1e-06	-0.0137626039885711
206	164	2015	1e-09	2e-06	-0.0663605476521778
206	164	2015	1e-09	4e-06	-0.314655077921007
206	164	2015	1e-09	6e-06	-0.522878988713962
206	164	2015	1e-09	1e-05	0
206	164	2015	1e-09	1.4e-05	-0.0103087572852805
206	164	2015	2.5e-09	0	-0.000526019561245192
206	164	2015	2.5e-09	1e-07	-0.0342304657816842
206	164	2015	2.5e-09	2.5e-07	-0.301805719312759
206	164	2015	2.5e-09	5e-07	-0.528825316438845
206	164	2015	2.5e-09	1e-06	0
206	164	2015	2.5e-09	2e-06	0.00201479610345046
206	164	2015	2.5e-09	4e-06	0.00246620404534411
206	164	2015	2.5e-09	6e-06	-0.0712722873949159
206	164	2015	2.5e-09	1e-05	-0.30891763903617
206	164	2015	2.5e-09	1.4e-05	-0.553858530003307
206	164	2015	5e-09	0	0
206	164	2015	5e-09	1e-07	-0.00530453369229747
206	164	2015	5e-09	2.5e-07	-0.051715129597758
206	164	2015	5e-09	5e-07	-0.23857515150389
206	164	2015	5e-09	1e-06	-0.524702643136641
206	164	2015	5e-09	2e-06	-0.590652432967374
206	164	2015	5e-09	4e-06	0
206	164	2015	5e-09	6e-06	-0.380952568144567
206	164	2015	5e-09	1e-05	-0.51961923038557
206	164	2015	5e-09	1.4e-05	-0.654092139844237
206	164	2015	7.5e-09	0	-0.599665001220173
206	164	2015	7.5e-09	1e-07	-0.485580974720585
206	164	2015	7.5e-09	2.5e-07	0
206	164	2015	7.5e-09	5e-07	-0.740799990696923
206	164	2015	7.5e-09	1e-06	-0.739197086253168
206	164	2015	7.5e-09	2e-06	-0.727089278512001
206	164	2015	7.5e-09	4e-06	-0.534356998995032
206	164	2015	7.5e-09	6e-06	-0.334974541867059
206	164	2015	7.5e-09	1e-05	0
206	164	2015	7.5e-09	1.4e-05	-0.81308102174969
206	164	2015	1e-08	0	-0.804308321660438
206	164	2015	1e-08	1e-07	-0.755068586145584
206	164	2015	1e-08	2.5e-07	-0.554225347994809
206	164	2015	1e-08	5e-07	-0.314680223019777
206	164	2015	1e-08	1e-06	0
206	164	2015	1e-08	2e-06	-0.785241062277056
206	164	2015	1e-08	4e-06	-0.794026983312124
206	164	2015	1e-08	6e-06	-0.746140515213441
206	164	2015	1e-08	1e-05	-0.550398048059626
206	164	2015	1e-08	1.4e-05	-0.313017302244451
25	164	2015	0	0	0
25	164	2015	0	1e-07	0
25	164	2015	0	2.5e-07	0
25	164	2015	0	5e-07	0
25	164	2015	0	1e-06	0
25	164	2015	0	2e-06	0
25	164	2015	0	4e-06	0
25	164	2015	0	6e-06	-0.0175341058532857
25	164	2015	0	1e-05	-0.003323611474503
25	164	2015	0	1.4e-05	0.0234363669230841
25	164	2015	1e-09	0	-0.116551431561316
25	164	2015	1e-09	1e-07	-0.484834773066312
25	164	2015	1e-09	2.5e-07	0
25	164	2015	1e-09	5e-07	0.00947584359381793
25	164	2015	1e-09	1e-06	-0.00558762095776387
25	164	2015	1e-09	2e-06	-0.0225847158305348
25	164	2015	1e-09	4e-06	-0.164956238418265
25	164	2015	1e-09	6e-06	-0.510263269019064
25	164	2015	1e-09	1e-05	0
25	164	2015	1e-09	1.4e-05	-0.0231486044137581
25	164	2015	2.5e-09	0	-0.0451717019658344
25	164	2015	2.5e-09	1e-07	-0.0282453731732939
25	164	2015	2.5e-09	2.5e-07	-0.160007259264574
25	164	2015	2.5e-09	5e-07	-0.647456819026363
25	164	2015	2.5e-09	1e-06	0
25	164	2015	2.5e-09	2e-06	-0.0350450480908678
25	164	2015	2.5e-09	4e-06	-0.0681357141885897
25	164	2015	2.5e-09	6e-06	-0.0953007827617678
25	164	2015	2.5e-09	1e-05	-0.374906979619197
25	164	2015	2.5e-09	1.4e-05	-0.866690280403786
25	164	2015	5e-09	0	0
25	164	2015	5e-09	1e-07	-0.0578201756097791
25	164	2015	5e-09	2.5e-07	-0.0932932381071342
25	164	2015	5e-09	5e-07	-0.249360605607077
25	164	2015	5e-09	1e-06	-0.707649369570861
25	164	2015	5e-09	2e-06	-0.88784037186226
25	164	2015	5e-09	4e-06	0
25	164	2015	5e-09	6e-06	-0.324911991457554
25	164	2015	5e-09	1e-05	-0.563033389055712
25	164	2015	5e-09	1.4e-05	-0.845675714252193
25	164	2015	7.5e-09	0	-0.884590735488901
25	164	2015	7.5e-09	1e-07	-0.861628847008948
25	164	2015	7.5e-09	2.5e-07	0
25	164	2015	7.5e-09	5e-07	-0.580280597987728
25	164	2015	7.5e-09	1e-06	-0.792328000658221
25	164	2015	7.5e-09	2e-06	-0.942500150740916
25	164	2015	7.5e-09	4e-06	-0.849919129846828
25	164	2015	7.5e-09	6e-06	-0.794511454615243
25	164	2015	7.5e-09	1e-05	0
25	164	2015	7.5e-09	1.4e-05	-0.829612977211747
25	164	2015	1e-08	0	-0.927099293793406
25	164	2015	1e-08	1e-07	-0.957274642106876
25	164	2015	1e-08	2.5e-07	-0.798580398695375
25	164	2015	1e-08	5e-07	-0.712694743120196
25	164	2015	1e-08	1e-06	0
25	164	2015	1e-08	2e-06	-0.896768907271314
25	164	2015	1e-08	4e-06	-0.943396101120328
25	164	2015	1e-08	6e-06	-0.954680610706414
25	164	2015	1e-08	1e-05	-0.775010020277587
25	164	2015	1e-08	1.4e-05	-0.684070823711791
26	164	2015	0	0	0
26	164	2015	0	1e-07	0
26	164	2015	0	2.5e-07	0
26	164	2015	0	5e-07	0
26	164	2015	0	1e-06	0
26	164	2015	0	2e-06	0
26	164	2015	0	4e-06	0
26	164	2015	0	6e-06	-0.0342063976706207
26	164	2015	0	1e-05	-0.163803834653712
26	164	2015	0	1.4e-05	-0.885464377161472
26	164	2015	1e-09	0	-0.937798592786596
26	164	2015	1e-09	1e-07	-0.945690618954791
26	164	2015	1e-09	2.5e-07	0
26	164	2015	1e-09	5e-07	-0.0296140977579347
26	164	2015	1e-09	1e-06	-0.151098600639171
26	164	2015	1e-09	2e-06	-0.871503537093201
26	164	2015	1e-09	4e-06	-0.923200527625911
26	164	2015	1e-09	6e-06	-0.932038825154094
26	164	2015	1e-09	1e-05	0
26	164	2015	1e-09	1.4e-05	-0.022112676268216
26	164	2015	2.5e-09	0	-0.379543534245606
26	164	2015	2.5e-09	1e-07	-0.945524659398712
26	164	2015	2.5e-09	2.5e-07	-0.964915188762135
26	164	2015	2.5e-09	5e-07	-0.969943832573986
26	164	2015	2.5e-09	1e-06	0
26	164	2015	2.5e-09	2e-06	-0.178144114142343
26	164	2015	2.5e-09	4e-06	-0.636908926280277
26	164	2015	2.5e-09	6e-06	-0.846873884700369
26	164	2015	2.5e-09	1e-05	-0.858777919665541
26	164	2015	2.5e-09	1.4e-05	-0.861281595952467
26	164	2015	5e-09	0	0
26	164	2015	5e-09	1e-07	-0.503614675106578
26	164	2015	5e-09	2.5e-07	-0.885895986729209
26	164	2015	5e-09	5e-07	-0.744161424824093
26	164	2015	5e-09	1e-06	-0.726364657207118
26	164	2015	5e-09	2e-06	-0.734369890906186
26	164	2015	5e-09	4e-06	0
26	164	2015	5e-09	6e-06	-0.87988534123983
26	164	2015	5e-09	1e-05	-0.902282507432218
26	164	2015	5e-09	1.4e-05	-0.437503175802357
26	164	2015	7.5e-09	0	-0.397836253203377
26	164	2015	7.5e-09	1e-07	-0.39550146134861
26	164	2015	7.5e-09	2.5e-07	0
26	164	2015	7.5e-09	5e-07	-0.944737550228119
26	164	2015	7.5e-09	1e-06	-0.89383497468432
26	164	2015	7.5e-09	2e-06	-0.289363277468972
26	164	2015	7.5e-09	4e-06	-0.229707948706459
26	164	2015	7.5e-09	6e-06	-0.227593933266906
26	164	2015	7.5e-09	1e-05	0
26	164	2015	7.5e-09	1.4e-05	-0.960764740409996
26	164	2015	1e-08	0	-0.886025976095586
26	164	2015	1e-08	1e-07	-0.171701305575723
26	164	2015	1e-08	2.5e-07	-0.110241359711562
26	164	2015	1e-08	5e-07	-0.105890746376288
26	164	2015	1e-08	1e-06	0
26	164	2015	1e-08	2e-06	-0.959845990804637
26	164	2015	1e-08	4e-06	-0.883321682372532
26	164	2015	1e-08	6e-06	-0.158694011708098
26	164	2015	1e-08	1e-05	-0.0920553157213182
26	164	2015	1e-08	1.4e-05	-0.0876726797943027
6	164	2015	0	0	0
6	164	2015	0	1e-07	0
6	164	2015	0	2.5e-07	0
6	164	2015	0	5e-07	0
6	164	2015	0	1e-06	0
6	164	2015	0	2e-06	0
6	164	2015	0	4e-06	0
6	164	2015	0	6e-06	-0.00285300460134039
6	164	2015	0	1e-05	-0.0923004708043042
6	164	2015	0	1.4e-05	-0.429158826576291
6	164	2015	1e-09	0	-0.549068987103238
6	164	2015	1e-09	1e-07	-0.568103424824882
6	164	2015	1e-09	2.5e-07	0
6	164	2015	1e-09	5e-07	0.0201014218437287
6	164	2015	1e-09	1e-06	-0.0527048585122469
6	164	2015	1e-09	2e-06	-0.5032551179389
6	164	2015	1e-09	4e-06	-0.626128160201269
6	164	2015	1e-09	6e-06	-0.633278998306154
6	164	2015	1e-09	1e-05	0
6	164	2015	1e-09	1.4e-05	-0.0330925252464623
6	164	2015	2.5e-09	0	-0.183364857585521
6	164	2015	2.5e-09	1e-07	-0.495358903338481
6	164	2015	2.5e-09	2.5e-07	-0.595945502134232
6	164	2015	2.5e-09	5e-07	-0.580015844804862
6	164	2015	2.5e-09	1e-06	0
6	164	2015	2.5e-09	2e-06	-0.121969843255691
6	164	2015	2.5e-09	4e-06	-0.364459462290633
6	164	2015	2.5e-09	6e-06	-0.548932841506417
6	164	2015	2.5e-09	1e-05	-0.558300866231249
6	164	2015	2.5e-09	1.4e-05	-0.582334415837333
6	164	2015	5e-09	0	0
6	164	2015	5e-09	1e-07	-0.370045664383627
6	164	2015	5e-09	2.5e-07	-0.538889575792258
6	164	2015	5e-09	5e-07	-0.468555618928783
6	164	2015	5e-09	1e-06	-0.45785224757561
6	164	2015	5e-09	2e-06	-0.453863614703329
6	164	2015	5e-09	4e-06	0
6	164	2015	5e-09	6e-06	-0.610951882161425
6	164	2015	5e-09	1e-05	-0.577158220057277
6	164	2015	5e-09	1.4e-05	-0.401139781324058
6	164	2015	7.5e-09	0	-0.295758087938522
6	164	2015	7.5e-09	1e-07	-0.271918157044959
6	164	2015	7.5e-09	2.5e-07	0
6	164	2015	7.5e-09	5e-07	-0.644500009860542
6	164	2015	7.5e-09	1e-06	-0.606272320467873
6	164	2015	7.5e-09	2e-06	-0.400171476274994
6	164	2015	7.5e-09	4e-06	-0.279911223091093
6	164	2015	7.5e-09	6e-06	-0.30413313824678
6	164	2015	7.5e-09	1e-05	0
6	164	2015	7.5e-09	1.4e-05	-0.604321179810622
6	164	2015	1e-08	0	-0.573347781623576
6	164	2015	1e-08	1e-07	-0.390009319619027
6	164	2015	1e-08	2.5e-07	-0.25667336970428
6	164	2015	1e-08	5e-07	-0.251864720693605
6	164	2015	1e-08	1e-06	0
6	164	2015	1e-08	2e-06	-0.632891378436129
6	164	2015	1e-08	4e-06	-0.571450068742372
6	164	2015	1e-08	6e-06	-0.430766708511283
6	164	2015	1e-08	1e-05	-0.274664788138241
6	164	2015	1e-08	1.4e-05	-0.239850193592124
207	164	2015	0	0	0
207	164	2015	0	1e-07	0
207	164	2015	0	2.5e-07	0
207	164	2015	0	5e-07	0
207	164	2015	0	1e-06	0
207	164	2015	0	2e-06	0
207	164	2015	0	4e-06	0
207	164	2015	0	6e-06	-0.00253789381949687
207	164	2015	0	1e-05	0.00128652037380462
207	164	2015	0	1.4e-05	-0.125314522634639
207	164	2015	1e-09	0	-0.527096644523822
207	164	2015	1e-09	1e-07	-0.823070115226127
207	164	2015	1e-09	2.5e-07	0
207	164	2015	1e-09	5e-07	0.0363805173192193
207	164	2015	1e-09	1e-06	-0.0887221388416694
207	164	2015	1e-09	2e-06	-0.166440018490264
207	164	2015	1e-09	4e-06	-0.600220000529099
207	164	2015	1e-09	6e-06	-0.83104756400317
207	164	2015	1e-09	1e-05	0
207	164	2015	1e-09	1.4e-05	-0.0132617572761752
207	164	2015	2.5e-09	0	-0.101878806759837
207	164	2015	2.5e-09	1e-07	-0.208966309196391
207	164	2015	2.5e-09	2.5e-07	-0.572590720071586
207	164	2015	2.5e-09	5e-07	-0.809217703673307
207	164	2015	2.5e-09	1e-06	0
207	164	2015	2.5e-09	2e-06	-0.0472425580517948
207	164	2015	2.5e-09	4e-06	-0.101519639107077
207	164	2015	2.5e-09	6e-06	-0.207779193903935
207	164	2015	2.5e-09	1e-05	-0.730864338732529
207	164	2015	2.5e-09	1.4e-05	-0.847287963331801
207	164	2015	5e-09	0	0
207	164	2015	5e-09	1e-07	-0.0948372047369236
207	164	2015	5e-09	2.5e-07	-0.121694892681787
207	164	2015	5e-09	5e-07	-0.672281074782507
207	164	2015	5e-09	1e-06	-0.808280977397746
207	164	2015	5e-09	2e-06	-0.801965326293053
207	164	2015	5e-09	4e-06	0
207	164	2015	5e-09	6e-06	-0.233763196290482
207	164	2015	5e-09	1e-05	-0.545702914031424
207	164	2015	5e-09	1.4e-05	-0.815276986070065
207	164	2015	7.5e-09	0	-0.690075981890053
207	164	2015	7.5e-09	1e-07	-0.646665183460468
207	164	2015	7.5e-09	2.5e-07	0
207	164	2015	7.5e-09	5e-07	-0.635042688171958
207	164	2015	7.5e-09	1e-06	-0.789729829840438
207	164	2015	7.5e-09	2e-06	-0.792869389168863
207	164	2015	7.5e-09	4e-06	-0.470971368917783
207	164	2015	7.5e-09	6e-06	-0.385198007507366
207	164	2015	7.5e-09	1e-05	0
207	164	2015	7.5e-09	1.4e-05	-0.86648167883878
207	164	2015	1e-08	0	-0.878019764673554
207	164	2015	1e-08	1e-07	-0.764401667647482
207	164	2015	1e-08	2.5e-07	-0.285498171955605
207	164	2015	1e-08	5e-07	-0.162404827043079
207	164	2015	1e-08	1e-06	0
207	164	2015	1e-08	2e-06	-0.862216007861972
207	164	2015	1e-08	4e-06	-0.854235026372517
207	164	2015	1e-08	6e-06	-0.75037419280307
207	164	2015	1e-08	1e-05	-0.22973107289437
207	164	2015	1e-08	1.4e-05	-0.102225821360696
9	164	2015	0	0	0
9	164	2015	0	1e-07	0
9	164	2015	0	2.5e-07	0
9	164	2015	0	5e-07	0
9	164	2015	0	1e-06	0
9	164	2015	0	2e-06	0
9	164	2015	0	4e-06	0
9	164	2015	0	6e-06	-0.0150493855320637
9	164	2015	0	1e-05	-0.043031507590951
9	164	2015	0	1.4e-05	-0.1920852430932
9	164	2015	1e-09	0	-0.457652000014994
9	164	2015	1e-09	1e-07	-0.504494809920939
9	164	2015	1e-09	2.5e-07	0
9	164	2015	1e-09	5e-07	-0.0550811531570476
9	164	2015	1e-09	1e-06	-0.106258247784168
9	164	2015	1e-09	2e-06	-0.291447292709929
9	164	2015	1e-09	4e-06	-0.452517410211752
9	164	2015	1e-09	6e-06	-0.49707467071549
9	164	2015	1e-09	1e-05	0
9	164	2015	1e-09	1.4e-05	-0.0359663092088795
9	164	2015	2.5e-09	0	-0.141207804952491
9	164	2015	2.5e-09	1e-07	-0.319637579819193
9	164	2015	2.5e-09	2.5e-07	-0.467124330978792
9	164	2015	2.5e-09	5e-07	-0.497850540602565
9	164	2015	2.5e-09	1e-06	0
9	164	2015	2.5e-09	2e-06	-0.0754425690322918
9	164	2015	2.5e-09	4e-06	-0.161826041742095
9	164	2015	2.5e-09	6e-06	-0.390309251060034
9	164	2015	2.5e-09	1e-05	-0.469247491074587
9	164	2015	2.5e-09	1.4e-05	-0.487613470193421
9	164	2015	5e-09	0	0
9	164	2015	5e-09	1e-07	-0.19421147138792
9	164	2015	5e-09	2.5e-07	-0.261877309795653
9	164	2015	5e-09	5e-07	-0.438276589954691
9	164	2015	5e-09	1e-06	-0.406180473424866
9	164	2015	5e-09	2e-06	-0.434130850847963
9	164	2015	5e-09	4e-06	0
9	164	2015	5e-09	6e-06	-0.534203091671216
9	164	2015	5e-09	1e-05	-0.525118579819298
9	164	2015	5e-09	1.4e-05	-0.463481831458028
9	164	2015	7.5e-09	0	-0.262543675011925
9	164	2015	7.5e-09	1e-07	-0.268804866939628
9	164	2015	7.5e-09	2.5e-07	0
9	164	2015	7.5e-09	5e-07	-0.653924134221907
9	164	2015	7.5e-09	1e-06	-0.599454137485751
9	164	2015	7.5e-09	2e-06	-0.522179814006872
9	164	2015	7.5e-09	4e-06	-0.22856998895435
9	164	2015	7.5e-09	6e-06	-0.297991492345259
9	164	2015	7.5e-09	1e-05	0
9	164	2015	7.5e-09	1.4e-05	-0.693505546382491
9	164	2015	1e-08	0	-0.640719528026429
9	164	2015	1e-08	1e-07	-0.578858081044776
9	164	2015	1e-08	2.5e-07	-0.302485527096218
9	164	2015	1e-08	5e-07	-0.263311071981174
9	164	2015	1e-08	1e-06	0
9	164	2015	1e-08	2e-06	-0.738832293836887
9	164	2015	1e-08	4e-06	-0.656479279292539
9	164	2015	1e-08	6e-06	-0.554233170557608
9	164	2015	1e-08	1e-05	-0.289077814752901
9	164	2015	1e-08	1.4e-05	-0.233739258205459
208	164	2015	0	0	0
208	164	2015	0	1e-07	0
208	164	2015	0	2.5e-07	0
208	164	2015	0	5e-07	0
208	164	2015	0	1e-06	0
208	164	2015	0	2e-06	0
208	164	2015	0	4e-06	0
208	164	2015	0	6e-06	-0.0321771516922261
208	164	2015	0	1e-05	0.00566900026935542
208	164	2015	0	1.4e-05	-0.186357613097611
208	164	2015	1e-09	0	-0.305146611441865
208	164	2015	1e-09	1e-07	-0.402101075574056
208	164	2015	1e-09	2.5e-07	0
208	164	2015	1e-09	5e-07	-0.0198794294910044
208	164	2015	1e-09	1e-06	-0.0568708213930999
208	164	2015	1e-09	2e-06	-0.199487750499512
208	164	2015	1e-09	4e-06	-0.353026089893677
208	164	2015	1e-09	6e-06	-0.462770547604232
208	164	2015	1e-09	1e-05	0
208	164	2015	1e-09	1.4e-05	-0.0547429719871928
208	164	2015	2.5e-09	0	-0.114920863625271
208	164	2015	2.5e-09	1e-07	-0.257701497235697
208	164	2015	2.5e-09	2.5e-07	-0.372074130638969
208	164	2015	2.5e-09	5e-07	-0.434690110688073
208	164	2015	2.5e-09	1e-06	0
208	164	2015	2.5e-09	2e-06	-0.0706216798841973
208	164	2015	2.5e-09	4e-06	-0.190658937850178
208	164	2015	2.5e-09	6e-06	-0.324187563711445
208	164	2015	2.5e-09	1e-05	-0.391753076380936
208	164	2015	2.5e-09	1.4e-05	-0.398707770493602
208	164	2015	5e-09	0	0
208	164	2015	5e-09	1e-07	-0.219069489697822
208	164	2015	5e-09	2.5e-07	-0.351509535113541
208	164	2015	5e-09	5e-07	-0.445930488524007
208	164	2015	5e-09	1e-06	-0.451167026831726
208	164	2015	5e-09	2e-06	-0.434512815605572
208	164	2015	5e-09	4e-06	0
208	164	2015	5e-09	6e-06	-0.417830696470309
208	164	2015	5e-09	1e-05	-0.466686343839488
208	164	2015	5e-09	1.4e-05	-0.438115598476953
208	164	2015	7.5e-09	0	-0.389663396674788
208	164	2015	7.5e-09	1e-07	-0.381581410590701
208	164	2015	7.5e-09	2.5e-07	0
208	164	2015	7.5e-09	5e-07	-0.496042636519961
208	164	2015	7.5e-09	1e-06	-0.529394249920811
208	164	2015	7.5e-09	2e-06	-0.491584711541689
208	164	2015	7.5e-09	4e-06	-0.418161677317703
208	164	2015	7.5e-09	6e-06	-0.361831790325712
208	164	2015	7.5e-09	1e-05	0
208	164	2015	7.5e-09	1.4e-05	-0.563637467711752
208	164	2015	1e-08	0	-0.537493859193716
208	164	2015	1e-08	1e-07	-0.490197447597789
208	164	2015	1e-08	2.5e-07	-0.403384115516772
208	164	2015	1e-08	5e-07	-0.362434583301241
208	164	2015	1e-08	1e-06	0
208	164	2015	1e-08	2e-06	-0.595601692225342
208	164	2015	1e-08	4e-06	-0.574236011931914
208	164	2015	1e-08	6e-06	-0.485969799344519
208	164	2015	1e-08	1e-05	-0.425792017976142
208	164	2015	1e-08	1.4e-05	-0.375736607222505
40	164	2015	0	0	0
40	164	2015	0	1e-07	0
40	164	2015	0	2.5e-07	0
40	164	2015	0	5e-07	0
40	164	2015	0	1e-06	0
40	164	2015	0	2e-06	0
40	164	2015	0	4e-06	0
40	164	2015	0	6e-06	0.0555366877041445
40	164	2015	0	1e-05	-0.0774067072501843
40	164	2015	0	1.4e-05	-0.290209011516068
40	164	2015	1e-09	0	-0.633741257551571
40	164	2015	1e-09	1e-07	-0.672370132961298
40	164	2015	1e-09	2.5e-07	0
40	164	2015	1e-09	5e-07	0.0506271965597088
40	164	2015	1e-09	1e-06	-0.110091618638891
40	164	2015	1e-09	2e-06	-0.369515679898962
40	164	2015	1e-09	4e-06	-0.621212565913745
40	164	2015	1e-09	6e-06	-0.6406175314895
40	164	2015	1e-09	1e-05	0
40	164	2015	1e-09	1.4e-05	-0.0159388129075683
40	164	2015	2.5e-09	0	-0.171942674058752
40	164	2015	2.5e-09	1e-07	-0.539575905503157
40	164	2015	2.5e-09	2.5e-07	-0.653178481982919
40	164	2015	2.5e-09	5e-07	-0.668927622865848
40	164	2015	2.5e-09	1e-06	0
40	164	2015	2.5e-09	2e-06	-0.0297798211851511
40	164	2015	2.5e-09	4e-06	-0.2401646958548
40	164	2015	2.5e-09	6e-06	-0.596813009106993
40	164	2015	2.5e-09	1e-05	-0.661895864066283
40	164	2015	2.5e-09	1.4e-05	-0.680054573454561
40	164	2015	5e-09	0	0
40	164	2015	5e-09	1e-07	-0.1262048075469
40	164	2015	5e-09	2.5e-07	-0.396294333597911
40	164	2015	5e-09	5e-07	-0.631766001988236
40	164	2015	5e-09	1e-06	-0.63848615704253
40	164	2015	5e-09	2e-06	-0.643263195213127
40	164	2015	5e-09	4e-06	0
40	164	2015	5e-09	6e-06	-0.334460273028592
40	164	2015	5e-09	1e-05	-0.652372438653851
40	164	2015	5e-09	1.4e-05	-0.615199391865095
40	164	2015	7.5e-09	0	-0.550498899904556
40	164	2015	7.5e-09	1e-07	-0.550681028851938
40	164	2015	7.5e-09	2.5e-07	0
40	164	2015	7.5e-09	5e-07	-0.572746249328735
40	164	2015	7.5e-09	1e-06	-0.667963305943259
40	164	2015	7.5e-09	2e-06	-0.616642092389852
40	164	2015	7.5e-09	4e-06	-0.468887191361362
40	164	2015	7.5e-09	6e-06	-0.462652848221435
40	164	2015	7.5e-09	1e-05	0
40	164	2015	7.5e-09	1.4e-05	-0.677954173133097
40	164	2015	1e-08	0	-0.683317627280167
40	164	2015	1e-08	1e-07	-0.523747138635705
40	164	2015	1e-08	2.5e-07	-0.327125064197017
40	164	2015	1e-08	5e-07	-0.303852615915528
40	164	2015	1e-08	1e-06	0
40	164	2015	1e-08	2e-06	-0.719594817971892
40	164	2015	1e-08	4e-06	-0.674872583112427
40	164	2015	1e-08	6e-06	-0.512955185833298
40	164	2015	1e-08	1e-05	-0.259940598110973
40	164	2015	1e-08	1.4e-05	-0.236154926235091
209	164	2015	0	0	0
209	164	2015	0	1e-07	0
209	164	2015	0	2.5e-07	0
209	164	2015	0	5e-07	0
209	164	2015	0	1e-06	0
209	164	2015	0	2e-06	0
209	164	2015	0	4e-06	0
209	164	2015	0	6e-06	-0.00840453333751398
209	164	2015	0	1e-05	-0.17015285235761
209	164	2015	0	1.4e-05	-0.551894806131686
209	164	2015	1e-09	0	-0.759602419501637
209	164	2015	1e-09	1e-07	-0.785433571172254
209	164	2015	1e-09	2.5e-07	0
209	164	2015	1e-09	5e-07	-0.0764864025902945
209	164	2015	1e-09	1e-06	-0.275866451568663
209	164	2015	1e-09	2e-06	-0.620330319669655
209	164	2015	1e-09	4e-06	-0.775903807490321
209	164	2015	1e-09	6e-06	-0.797250315754979
209	164	2015	1e-09	1e-05	0
209	164	2015	1e-09	1.4e-05	-0.116629414288315
209	164	2015	2.5e-09	0	-0.33102851779419
209	164	2015	2.5e-09	1e-07	-0.673522791229725
209	164	2015	2.5e-09	2.5e-07	-0.763003463429664
209	164	2015	2.5e-09	5e-07	-0.784220752218375
209	164	2015	2.5e-09	1e-06	0
209	164	2015	2.5e-09	2e-06	-0.259386598047153
209	164	2015	2.5e-09	4e-06	-0.536644866830895
209	164	2015	2.5e-09	6e-06	-0.709694331016448
209	164	2015	2.5e-09	1e-05	-0.744963104608132
209	164	2015	2.5e-09	1.4e-05	-0.74996962023937
209	164	2015	5e-09	0	0
209	164	2015	5e-09	1e-07	-0.614645456343244
209	164	2015	5e-09	2.5e-07	-0.680720163841663
209	164	2015	5e-09	5e-07	-0.610898278486919
209	164	2015	5e-09	1e-06	-0.551817222295822
209	164	2015	5e-09	2e-06	-0.516460509601053
209	164	2015	5e-09	4e-06	0
209	164	2015	5e-09	6e-06	-0.808661574460585
209	164	2015	5e-09	1e-05	-0.702300745557269
209	164	2015	5e-09	1.4e-05	-0.486933011429021
209	164	2015	7.5e-09	0	-0.388466318800442
209	164	2015	7.5e-09	1e-07	-0.358558983987509
209	164	2015	7.5e-09	2.5e-07	0
209	164	2015	7.5e-09	5e-07	-0.824961803048254
209	164	2015	7.5e-09	1e-06	-0.670110128656956
209	164	2015	7.5e-09	2e-06	-0.439942249289496
209	164	2015	7.5e-09	4e-06	-0.293582870449347
209	164	2015	7.5e-09	6e-06	-0.263199815595168
209	164	2015	7.5e-09	1e-05	0
209	164	2015	7.5e-09	1.4e-05	-0.822307849348529
209	164	2015	1e-08	0	-0.649643699728891
209	164	2015	1e-08	1e-07	-0.388392910406396
209	164	2015	1e-08	2.5e-07	-0.241463353501119
209	164	2015	1e-08	5e-07	-0.194325313828544
209	164	2015	1e-08	1e-06	0
209	164	2015	1e-08	2e-06	-0.80205488071999
209	164	2015	1e-08	4e-06	-0.631308580133637
209	164	2015	1e-08	6e-06	-0.36549557161447
209	164	2015	1e-08	1e-05	-0.217167858017729
209	164	2015	1e-08	1.4e-05	-0.186362438583901
28	164	2015	0	0	0
28	164	2015	0	1e-07	0
28	164	2015	0	2.5e-07	0
28	164	2015	0	5e-07	0
28	164	2015	0	1e-06	0
28	164	2015	0	2e-06	0
28	164	2015	0	4e-06	0
28	164	2015	0	6e-06	-0.0418528445285827
28	164	2015	0	1e-05	-0.239201630229689
28	164	2015	0	1.4e-05	-0.574261194670966
28	164	2015	1e-09	0	-0.827595070510031
28	164	2015	1e-09	1e-07	-0.876670423955455
28	164	2015	1e-09	2.5e-07	0
28	164	2015	1e-09	5e-07	-0.0502042359054313
28	164	2015	1e-09	1e-06	-0.279800393874107
28	164	2015	1e-09	2e-06	-0.629508583848398
28	164	2015	1e-09	4e-06	-0.830874801513841
28	164	2015	1e-09	6e-06	-0.86276823709032
28	164	2015	1e-09	1e-05	0
28	164	2015	1e-09	1.4e-05	-0.0860511487409806
28	164	2015	2.5e-09	0	-0.324098371976617
28	164	2015	2.5e-09	1e-07	-0.712261669478885
28	164	2015	2.5e-09	2.5e-07	-0.845418979035957
28	164	2015	2.5e-09	5e-07	-0.899057241816079
28	164	2015	2.5e-09	1e-06	0
28	164	2015	2.5e-09	2e-06	-0.197155139594501
28	164	2015	2.5e-09	4e-06	-0.470265219562525
28	164	2015	2.5e-09	6e-06	-0.72984093474783
28	164	2015	2.5e-09	1e-05	-0.81564259433147
28	164	2015	2.5e-09	1.4e-05	-0.81722367723417
28	164	2015	5e-09	0	0
28	164	2015	5e-09	1e-07	-0.456510907298392
28	164	2015	5e-09	2.5e-07	-0.578760764106757
28	164	2015	5e-09	5e-07	-0.714300708653209
28	164	2015	5e-09	1e-06	-0.689621353828311
28	164	2015	5e-09	2e-06	-0.701373435215481
28	164	2015	5e-09	4e-06	0
28	164	2015	5e-09	6e-06	-0.720137030966483
28	164	2015	5e-09	1e-05	-0.674864868951023
28	164	2015	5e-09	1.4e-05	-0.504598970606514
28	164	2015	7.5e-09	0	-0.316484262417485
28	164	2015	7.5e-09	1e-07	-0.302323104514861
28	164	2015	7.5e-09	2.5e-07	0
28	164	2015	7.5e-09	5e-07	-0.785148941773161
28	164	2015	7.5e-09	1e-06	-0.701974950172423
28	164	2015	7.5e-09	2e-06	-0.442274102112564
28	164	2015	7.5e-09	4e-06	-0.215961749349053
28	164	2015	7.5e-09	6e-06	-0.187430640334713
28	164	2015	7.5e-09	1e-05	0
28	164	2015	7.5e-09	1.4e-05	-0.837959271079427
28	164	2015	1e-08	0	-0.716508368895855
28	164	2015	1e-08	1e-07	-0.409512111392193
28	164	2015	1e-08	2.5e-07	-0.161010366550218
28	164	2015	1e-08	5e-07	-0.123517666556506
28	164	2015	1e-08	1e-06	0
28	164	2015	1e-08	2e-06	-0.838116501261738
28	164	2015	1e-08	4e-06	-0.712296971438155
28	164	2015	1e-08	6e-06	-0.385007588854594
28	164	2015	1e-08	1e-05	-0.150784008144503
28	164	2015	1e-08	1.4e-05	-0.0974526716137205
210	164	2015	0	0	0
210	164	2015	0	1e-07	0
210	164	2015	0	2.5e-07	0
210	164	2015	0	5e-07	0
210	164	2015	0	1e-06	0
210	164	2015	0	2e-06	0
210	164	2015	0	4e-06	0
210	164	2015	0	6e-06	-0.000328136509191239
210	164	2015	0	1e-05	-0.0335385574878239
210	164	2015	0	1.4e-05	-0.0163569178612087
210	164	2015	1e-09	0	-0.000574140159355068
210	164	2015	1e-09	1e-07	-0.0443811953513568
210	164	2015	1e-09	2.5e-07	0
210	164	2015	1e-09	5e-07	-0.0180159872161856
210	164	2015	1e-09	1e-06	-0.032215721391858
210	164	2015	1e-09	2e-06	-0.0380433614612663
210	164	2015	1e-09	4e-06	-0.0692270597787669
210	164	2015	1e-09	6e-06	-0.0463628224392718
210	164	2015	1e-09	1e-05	0
210	164	2015	1e-09	1.4e-05	-0.0415760165993179
210	164	2015	2.5e-09	0	-0.0512487723379262
210	164	2015	2.5e-09	1e-07	-0.027237115614498
210	164	2015	2.5e-09	2.5e-07	-0.0594657740901427
210	164	2015	2.5e-09	5e-07	-0.0612671872596823
210	164	2015	2.5e-09	1e-06	0
210	164	2015	2.5e-09	2e-06	-0.0409774642734655
210	164	2015	2.5e-09	4e-06	-0.0477124420223633
210	164	2015	2.5e-09	6e-06	-0.0569345511946904
210	164	2015	2.5e-09	1e-05	-0.0746939432069789
210	164	2015	2.5e-09	1.4e-05	-0.12094293708747
210	164	2015	5e-09	0	0
210	164	2015	5e-09	1e-07	-0.111740752742607
210	164	2015	5e-09	2.5e-07	-0.127212218057456
210	164	2015	5e-09	5e-07	-0.165380432304769
210	164	2015	5e-09	1e-06	-0.199943777407334
210	164	2015	5e-09	2e-06	-0.235172360750762
210	164	2015	5e-09	4e-06	0
210	164	2015	5e-09	6e-06	-0.29426181413962
210	164	2015	5e-09	1e-05	-0.331158761930592
210	164	2015	5e-09	1.4e-05	-0.341546335317972
210	164	2015	7.5e-09	0	-0.335093223969594
210	164	2015	7.5e-09	1e-07	-0.347579565198993
210	164	2015	7.5e-09	2.5e-07	0
210	164	2015	7.5e-09	5e-07	-0.405057538637748
210	164	2015	7.5e-09	1e-06	-0.452756377643608
210	164	2015	7.5e-09	2e-06	-0.414062055308132
210	164	2015	7.5e-09	4e-06	-0.391449218277625
210	164	2015	7.5e-09	6e-06	-0.396046040764837
210	164	2015	7.5e-09	1e-05	0
210	164	2015	7.5e-09	1.4e-05	-0.51928341265228
210	164	2015	1e-08	0	-0.500996628006887
210	164	2015	1e-08	1e-07	-0.475258831988484
210	164	2015	1e-08	2.5e-07	-0.466952336792469
210	164	2015	1e-08	5e-07	-0.490882728850095
210	164	2015	1e-08	1e-06	0
210	164	2015	1e-08	2e-06	-0.550031195767496
210	164	2015	1e-08	4e-06	-0.543903090078326
210	164	2015	1e-08	6e-06	-0.498799718523116
210	164	2015	1e-08	1e-05	-0.48229060985254
210	164	2015	1e-08	1.4e-05	-0.510182095626795
7	164	2015	0	0	0
7	164	2015	0	1e-07	0
7	164	2015	0	2.5e-07	0
7	164	2015	0	5e-07	0
7	164	2015	0	1e-06	0
7	164	2015	0	2e-06	0
7	164	2015	0	4e-06	0
7	164	2015	0	6e-06	-0.0428442919733041
7	164	2015	0	1e-05	-0.0743771950958046
7	164	2015	0	1.4e-05	-0.191123160508397
7	164	2015	1e-09	0	-0.39809891995425
7	164	2015	1e-09	1e-07	-0.43611673100471
7	164	2015	1e-09	2.5e-07	0
7	164	2015	1e-09	5e-07	-0.102499413104195
7	164	2015	1e-09	1e-06	-0.139961079911905
7	164	2015	1e-09	2e-06	-0.358795871492336
7	164	2015	1e-09	4e-06	-0.406607487605066
7	164	2015	1e-09	6e-06	-0.474492163391961
7	164	2015	1e-09	1e-05	0
7	164	2015	1e-09	1.4e-05	-0.0907094003348027
7	164	2015	2.5e-09	0	-0.1598678407801
7	164	2015	2.5e-09	1e-07	-0.345886641622869
7	164	2015	2.5e-09	2.5e-07	-0.455843125314956
7	164	2015	2.5e-09	5e-07	-0.440231158770396
7	164	2015	2.5e-09	1e-06	0
7	164	2015	2.5e-09	2e-06	-0.161945312186406
7	164	2015	2.5e-09	4e-06	-0.217167095034843
7	164	2015	2.5e-09	6e-06	-0.449195362819546
7	164	2015	2.5e-09	1e-05	-0.486340678892023
7	164	2015	2.5e-09	1.4e-05	-0.44001082684835
7	164	2015	5e-09	0	0
7	164	2015	5e-09	1e-07	-0.244995687845591
7	164	2015	5e-09	2.5e-07	-0.459469097356701
7	164	2015	5e-09	5e-07	-0.509768076416971
7	164	2015	5e-09	1e-06	-0.474797924929559
7	164	2015	5e-09	2e-06	-0.458310830477188
7	164	2015	5e-09	4e-06	0
7	164	2015	5e-09	6e-06	-0.478246237529245
7	164	2015	5e-09	1e-05	-0.569782907779682
7	164	2015	5e-09	1.4e-05	-0.503498431056378
7	164	2015	7.5e-09	0	-0.452738190141215
7	164	2015	7.5e-09	1e-07	-0.440258769715309
7	164	2015	7.5e-09	2.5e-07	0
7	164	2015	7.5e-09	5e-07	-0.55226146829035
7	164	2015	7.5e-09	1e-06	-0.579096604009421
7	164	2015	7.5e-09	2e-06	-0.467950093853924
7	164	2015	7.5e-09	4e-06	-0.416787686315008
7	164	2015	7.5e-09	6e-06	-0.388132705749315
7	164	2015	7.5e-09	1e-05	0
7	164	2015	7.5e-09	1.4e-05	-0.618764333996348
7	164	2015	1e-08	0	-0.631250159979525
7	164	2015	1e-08	1e-07	-0.452918706875137
7	164	2015	1e-08	2.5e-07	-0.408416052598547
7	164	2015	1e-08	5e-07	-0.372428665710091
7	164	2015	1e-08	1e-06	0
7	164	2015	1e-08	2e-06	-0.623083730171748
7	164	2015	1e-08	4e-06	-0.627785216480115
7	164	2015	1e-08	6e-06	-0.465068181089413
7	164	2015	1e-08	1e-05	-0.381215333456849
7	164	2015	1e-08	1.4e-05	-0.35564633356524
211	164	2015	0	0	0
211	164	2015	0	1e-07	0
211	164	2015	0	2.5e-07	0
211	164	2015	0	5e-07	0
211	164	2015	0	1e-06	0
211	164	2015	0	2e-06	0
211	164	2015	0	4e-06	0
211	164	2015	0	6e-06	-0.180310081750805
211	164	2015	0	1e-05	-0.438553108483719
211	164	2015	0	1.4e-05	-0.97067724579148
211	164	2015	1e-09	0	-0.973938902672574
211	164	2015	1e-09	1e-07	-0.973536309167017
211	164	2015	1e-09	2.5e-07	0
211	164	2015	1e-09	5e-07	-0.184296966862625
211	164	2015	1e-09	1e-06	-0.396780339102878
211	164	2015	1e-09	2e-06	-0.989254813969163
211	164	2015	1e-09	4e-06	-0.984738779668234
211	164	2015	1e-09	6e-06	-0.98551755229946
211	164	2015	1e-09	1e-05	0
211	164	2015	1e-09	1.4e-05	-0.181614820975161
211	164	2015	2.5e-09	0	-0.675806173711138
211	164	2015	2.5e-09	1e-07	-0.992756503628619
211	164	2015	2.5e-09	2.5e-07	-0.992229683974674
211	164	2015	2.5e-09	5e-07	-0.989286096280085
211	164	2015	2.5e-09	1e-06	0
211	164	2015	2.5e-09	2e-06	-0.266226089337904
211	164	2015	2.5e-09	4e-06	-0.829057997388993
211	164	2015	2.5e-09	6e-06	-0.935908687546285
211	164	2015	2.5e-09	1e-05	-0.93407644254923
211	164	2015	2.5e-09	1.4e-05	-0.93213585247901
211	164	2015	5e-09	0	0
211	164	2015	5e-09	1e-07	-0.678056428403959
211	164	2015	5e-09	2.5e-07	-0.624581379704486
211	164	2015	5e-09	5e-07	-0.337744855925692
211	164	2015	5e-09	1e-06	-0.324729375963555
211	164	2015	5e-09	2e-06	-0.322749470668669
211	164	2015	5e-09	4e-06	0
211	164	2015	5e-09	6e-06	-0.800930247036029
211	164	2015	5e-09	1e-05	-0.493244672899319
211	164	2015	5e-09	1.4e-05	-0.0606054991608753
211	164	2015	7.5e-09	0	-0.0363754708866478
211	164	2015	7.5e-09	1e-07	-0.0360434774942391
211	164	2015	7.5e-09	2.5e-07	0
211	164	2015	7.5e-09	5e-07	-0.804212997301225
211	164	2015	7.5e-09	1e-06	-0.485705502844527
211	164	2015	7.5e-09	2e-06	-0.0434266542150046
211	164	2015	7.5e-09	4e-06	-0.0215176003376625
211	164	2015	7.5e-09	6e-06	-0.0214464050373224
211	164	2015	7.5e-09	1e-05	0
211	164	2015	7.5e-09	1.4e-05	-0.805705484173388
211	164	2015	1e-08	0	-0.485461323146193
211	164	2015	1e-08	1e-07	-0.042447742823807
211	164	2015	1e-08	2.5e-07	-0.020218984701336
211	164	2015	1e-08	5e-07	-0.018389688340502
211	164	2015	1e-08	1e-06	0
211	164	2015	1e-08	2e-06	-0.803355370300325
211	164	2015	1e-08	4e-06	-0.483090527650922
211	164	2015	1e-08	6e-06	-0.0400353945814502
211	164	2015	1e-08	1e-05	-0.0170468574859509
211	164	2015	1e-08	1.4e-05	-0.0158897820645027
186	164	2015	0	0	0
186	164	2015	0	1e-07	0
186	164	2015	0	2.5e-07	0
186	164	2015	0	5e-07	0
186	164	2015	0	1e-06	0
186	164	2015	0	2e-06	0
186	164	2015	0	4e-06	0
186	164	2015	0	6e-06	0.0445706102178885
186	164	2015	0	1e-05	-0.0353153995927565
186	164	2015	0	1.4e-05	-0.372514418036478
186	164	2015	1e-09	0	-0.711575616065311
186	164	2015	1e-09	1e-07	-0.888360912800463
186	164	2015	1e-09	2.5e-07	0
186	164	2015	1e-09	5e-07	0.0768176793695935
186	164	2015	1e-09	1e-06	-0.0264730904902058
186	164	2015	1e-09	2e-06	-0.360647661796411
186	164	2015	1e-09	4e-06	-0.713424098018872
186	164	2015	1e-09	6e-06	-0.837717575549965
186	164	2015	1e-09	1e-05	0
186	164	2015	1e-09	1.4e-05	-0.0386344890816203
186	164	2015	2.5e-09	0	-0.0848857624398894
186	164	2015	2.5e-09	1e-07	-0.461311213333181
186	164	2015	2.5e-09	2.5e-07	-0.779132835147874
186	164	2015	2.5e-09	5e-07	-0.805590116380738
186	164	2015	2.5e-09	1e-06	0
186	164	2015	2.5e-09	2e-06	-0.0927400850645326
186	164	2015	2.5e-09	4e-06	-0.333419192826384
186	164	2015	2.5e-09	6e-06	-0.699597626058859
186	164	2015	2.5e-09	1e-05	-0.815397679830777
186	164	2015	2.5e-09	1.4e-05	-0.788260177919493
186	164	2015	5e-09	0	0
186	164	2015	5e-09	1e-07	-0.548767667561127
186	164	2015	5e-09	2.5e-07	-0.723971578521588
186	164	2015	5e-09	5e-07	-0.759686449206527
186	164	2015	5e-09	1e-06	-0.635592168632142
186	164	2015	5e-09	2e-06	-0.574252490008484
186	164	2015	5e-09	4e-06	0
186	164	2015	5e-09	6e-06	-0.830833899030876
186	164	2015	5e-09	1e-05	-0.875219955860583
186	164	2015	5e-09	1.4e-05	-0.717095593660285
186	164	2015	7.5e-09	0	-0.394215184013885
186	164	2015	7.5e-09	1e-07	-0.190587849629843
186	164	2015	7.5e-09	2.5e-07	0
186	164	2015	7.5e-09	5e-07	-0.866092130392468
186	164	2015	7.5e-09	1e-06	-0.887272410509031
186	164	2015	7.5e-09	2e-06	-0.695326570772872
186	164	2015	7.5e-09	4e-06	-0.366890956288031
186	164	2015	7.5e-09	6e-06	-0.169057950488147
186	164	2015	7.5e-09	1e-05	0
186	164	2015	7.5e-09	1.4e-05	-0.867948113478136
186	164	2015	1e-08	0	-0.884271463987311
186	164	2015	1e-08	1e-07	-0.665596735016829
186	164	2015	1e-08	2.5e-07	-0.335747135579892
186	164	2015	1e-08	5e-07	-0.0849813553388944
186	164	2015	1e-08	1e-06	0
186	164	2015	1e-08	2e-06	-0.889754360075802
186	164	2015	1e-08	4e-06	-0.872227588873404
186	164	2015	1e-08	6e-06	-0.642519863017267
186	164	2015	1e-08	1e-05	-0.292904387484036
186	164	2015	1e-08	1.4e-05	-0.0958030706318506
212	164	2015	0	0	0
212	164	2015	0	1e-07	0
212	164	2015	0	2.5e-07	0
212	164	2015	0	5e-07	0
212	164	2015	0	1e-06	0
212	164	2015	0	2e-06	0
212	164	2015	0	4e-06	0
212	164	2015	0	6e-06	0.00579217209682241
212	164	2015	0	1e-05	0.0282063717597443
212	164	2015	0	1.4e-05	0.0520224408199499
212	164	2015	1e-09	0	0.00925022513874282
212	164	2015	1e-09	1e-07	0.0345613040508857
212	164	2015	1e-09	2.5e-07	0
212	164	2015	1e-09	5e-07	-0.0128673059486047
212	164	2015	1e-09	1e-06	0.0554974571632667
212	164	2015	1e-09	2e-06	0.0176311239934611
212	164	2015	1e-09	4e-06	0.0510339020546463
212	164	2015	1e-09	6e-06	0.0544047356172402
212	164	2015	1e-09	1e-05	0
212	164	2015	1e-09	1.4e-05	0.0190962418749392
212	164	2015	2.5e-09	0	0.00891064205112897
212	164	2015	2.5e-09	1e-07	0.0144315196549221
212	164	2015	2.5e-09	2.5e-07	0.0217696268598507
212	164	2015	2.5e-09	5e-07	0.0225803771899604
212	164	2015	2.5e-09	1e-06	0
212	164	2015	2.5e-09	2e-06	-0.0182514203979231
212	164	2015	2.5e-09	4e-06	0.00901203161934831
212	164	2015	2.5e-09	6e-06	0.0155287555729342
212	164	2015	2.5e-09	1e-05	0.0233137214354404
212	164	2015	2.5e-09	1.4e-05	0.00705771572877524
212	164	2015	5e-09	0	0
212	164	2015	5e-09	1e-07	-0.0411279492603974
212	164	2015	5e-09	2.5e-07	-0.020655784394542
212	164	2015	5e-09	5e-07	-0.0127344197434587
212	164	2015	5e-09	1e-06	-0.06718124188964
212	164	2015	5e-09	2e-06	-0.0820336841005731
212	164	2015	5e-09	4e-06	0
212	164	2015	5e-09	6e-06	-0.129524748294223
212	164	2015	5e-09	1e-05	-0.13242890627525
212	164	2015	5e-09	1.4e-05	-0.196377554718336
212	164	2015	7.5e-09	0	-0.220881848699924
212	164	2015	7.5e-09	1e-07	-0.265589461266116
212	164	2015	7.5e-09	2.5e-07	0
212	164	2015	7.5e-09	5e-07	-0.260650535158552
212	164	2015	7.5e-09	1e-06	-0.251249107010119
212	164	2015	7.5e-09	2e-06	-0.323205757823952
212	164	2015	7.5e-09	4e-06	-0.393843126411434
212	164	2015	7.5e-09	6e-06	-0.345228484510601
212	164	2015	7.5e-09	1e-05	0
212	164	2015	7.5e-09	1.4e-05	-0.465281381001024
212	164	2015	1e-08	0	-0.469918396691223
212	164	2015	1e-08	1e-07	-0.516236510659283
212	164	2015	1e-08	2.5e-07	-0.527875814426117
212	164	2015	1e-08	5e-07	-0.527574988296947
212	164	2015	1e-08	1e-06	0
212	164	2015	1e-08	2e-06	-0.475385159625211
212	164	2015	1e-08	4e-06	-0.478531289551017
212	164	2015	1e-08	6e-06	-0.492170255952986
212	164	2015	1e-08	1e-05	-0.498304052919514
212	164	2015	1e-08	1.4e-05	-0.514457859172713
213	164	2015	0	0	0
213	164	2015	0	1e-07	0
213	164	2015	0	2.5e-07	0
213	164	2015	0	5e-07	0
213	164	2015	0	1e-06	0
213	164	2015	0	2e-06	0
213	164	2015	0	4e-06	0
213	164	2015	0	6e-06	-0.0101036119811076
213	164	2015	0	1e-05	-0.00796679825428981
213	164	2015	0	1.4e-05	-0.0393687380190119
213	164	2015	1e-09	0	-0.229846687061546
213	164	2015	1e-09	1e-07	-0.401401958318468
213	164	2015	1e-09	2.5e-07	0
213	164	2015	1e-09	5e-07	0.00110159436705686
213	164	2015	1e-09	1e-06	-0.0129522520981637
213	164	2015	1e-09	2e-06	-0.0279405839961525
213	164	2015	1e-09	4e-06	-0.186414515904638
213	164	2015	1e-09	6e-06	-0.423755760418079
213	164	2015	1e-09	1e-05	0
213	164	2015	1e-09	1.4e-05	0.0292698110630829
213	164	2015	2.5e-09	0	-0.026377631335375
213	164	2015	2.5e-09	1e-07	-0.0339460920043808
213	164	2015	2.5e-09	2.5e-07	-0.205031093686692
213	164	2015	2.5e-09	5e-07	-0.384218844863037
213	164	2015	2.5e-09	1e-06	0
213	164	2015	2.5e-09	2e-06	-0.035876335672143
213	164	2015	2.5e-09	4e-06	-0.0290422413385274
213	164	2015	2.5e-09	6e-06	-0.0626502079648685
213	164	2015	2.5e-09	1e-05	-0.18731258289924
213	164	2015	2.5e-09	1.4e-05	-0.42913395182283
213	164	2015	5e-09	0	0
213	164	2015	5e-09	1e-07	-0.0148014653614041
213	164	2015	5e-09	2.5e-07	0.0157904041366469
213	164	2015	5e-09	5e-07	-0.115007226496165
213	164	2015	5e-09	1e-06	-0.371412723871206
213	164	2015	5e-09	2e-06	-0.512828430552677
213	164	2015	5e-09	4e-06	0
213	164	2015	5e-09	6e-06	-0.04205558619919
213	164	2015	5e-09	1e-05	-0.0671163291496053
213	164	2015	5e-09	1.4e-05	-0.216150535198647
213	164	2015	7.5e-09	0	-0.546032564546389
213	164	2015	7.5e-09	1e-07	-0.567158977407126
213	164	2015	7.5e-09	2.5e-07	0
213	164	2015	7.5e-09	5e-07	-0.163294631360655
213	164	2015	7.5e-09	1e-06	-0.231486289759209
213	164	2015	7.5e-09	2e-06	-0.400804547648984
213	164	2015	7.5e-09	4e-06	-0.523291767619903
213	164	2015	7.5e-09	6e-06	-0.526648297106357
213	164	2015	7.5e-09	1e-05	0
213	164	2015	7.5e-09	1.4e-05	-0.502259277418488
213	164	2015	1e-08	0	-0.510338667921564
213	164	2015	1e-08	1e-07	-0.563290567895853
213	164	2015	1e-08	2.5e-07	-0.537841265409099
213	164	2015	1e-08	5e-07	-0.475732922724528
213	164	2015	1e-08	1e-06	0
213	164	2015	1e-08	2e-06	-0.566975684163454
213	164	2015	1e-08	4e-06	-0.580929268431531
213	164	2015	1e-08	6e-06	-0.590376598647776
213	164	2015	1e-08	1e-05	-0.534249057374342
213	164	2015	1e-08	1.4e-05	-0.4532863342892
39	164	2015	0	0	0
39	164	2015	0	1e-07	0
39	164	2015	0	2.5e-07	0
39	164	2015	0	5e-07	0
39	164	2015	0	1e-06	0
39	164	2015	0	2e-06	0
39	164	2015	0	4e-06	0
39	164	2015	0	6e-06	0.0447028306065995
39	164	2015	0	1e-05	0.027561483957948
39	164	2015	0	1.4e-05	0.104511745262386
39	164	2015	1e-09	0	0.0172160028568153
39	164	2015	1e-09	1e-07	0.0266463732653624
39	164	2015	1e-09	2.5e-07	0
39	164	2015	1e-09	5e-07	0.0467670328619441
39	164	2015	1e-09	1e-06	0.0420935262095058
39	164	2015	1e-09	2e-06	0.0291521156069673
39	164	2015	1e-09	4e-06	0.0251485646306246
39	164	2015	1e-09	6e-06	-0.0167863490770516
39	164	2015	1e-09	1e-05	0
39	164	2015	1e-09	1.4e-05	0.040282057428492
39	164	2015	2.5e-09	0	0.0585049166760058
39	164	2015	2.5e-09	1e-07	0.0180514506652194
39	164	2015	2.5e-09	2.5e-07	-0.0231040545971483
39	164	2015	2.5e-09	5e-07	-0.0109222739513915
39	164	2015	2.5e-09	1e-06	0
39	164	2015	2.5e-09	2e-06	-0.0440850146341793
39	164	2015	2.5e-09	4e-06	-0.0499328809437816
39	164	2015	2.5e-09	6e-06	-0.0709512786511397
39	164	2015	2.5e-09	1e-05	-0.127851569977194
39	164	2015	2.5e-09	1.4e-05	-0.243142107974796
39	164	2015	5e-09	0	0
39	164	2015	5e-09	1e-07	-0.334272860251084
39	164	2015	5e-09	2.5e-07	-0.337543383885781
39	164	2015	5e-09	5e-07	-0.399891790159635
39	164	2015	5e-09	1e-06	-0.44873292693274
39	164	2015	5e-09	2e-06	-0.481379266223476
39	164	2015	5e-09	4e-06	0
39	164	2015	5e-09	6e-06	-0.660557831243385
39	164	2015	5e-09	1e-05	-0.675168887356444
39	164	2015	5e-09	1.4e-05	-0.687995251045294
39	164	2015	7.5e-09	0	-0.652766200062859
39	164	2015	7.5e-09	1e-07	-0.60824911625816
39	164	2015	7.5e-09	2.5e-07	0
39	164	2015	7.5e-09	5e-07	-0.743476898560568
39	164	2015	7.5e-09	1e-06	-0.736363831018943
39	164	2015	7.5e-09	2e-06	-0.754112583408609
39	164	2015	7.5e-09	4e-06	-0.697405298416752
39	164	2015	7.5e-09	6e-06	-0.682073892425947
39	164	2015	7.5e-09	1e-05	0
39	164	2015	7.5e-09	1.4e-05	-0.778187201250412
39	164	2015	1e-08	0	-0.778051260574727
39	164	2015	1e-08	1e-07	-0.784982826145078
39	164	2015	1e-08	2.5e-07	-0.736302640145148
39	164	2015	1e-08	5e-07	-0.725148387294436
39	164	2015	1e-08	1e-06	0
39	164	2015	1e-08	2e-06	-0.80441520251292
39	164	2015	1e-08	4e-06	-0.779059800695397
39	164	2015	1e-08	6e-06	-0.795542637169953
39	164	2015	1e-08	1e-05	-0.780114088315283
39	164	2015	1e-08	1.4e-05	-0.720819889611617
