name	drugA	drugB	concA	concB	hsa
197	164	2015	0	0	0
197	164	2015	0	1e-07	0
197	164	2015	0	2.5e-07	0
197	164	2015	0	5e-07	0
197	164	2015	0	1e-06	0
197	164	2015	0	2e-06	0
197	164	2015	0	4e-06	0
197	164	2015	0	6e-06	-0.056018366
197	164	2015	0	1e-05	-0.0129555730000001
197	164	2015	0	1.4e-05	-0.067398654
197	164	2015	1e-09	0	-0.308935826
197	164	2015	1e-09	1e-07	-0.576678979
197	164	2015	1e-09	2.5e-07	0
197	164	2015	1e-09	5e-07	-0.023382938
197	164	2015	1e-09	1e-06	-0.003331819
197	164	2015	1e-09	2e-06	-0.065820076
197	164	2015	1e-09	4e-06	-0.409113831
197	164	2015	1e-09	6e-06	-0.694892596
197	164	2015	1e-09	1e-05	0
197	164	2015	1e-09	1.4e-05	-0.02422534
197	164	2015	2.5e-09	0	-0.039638092
197	164	2015	2.5e-09	1e-07	-0.123208184
197	164	2015	2.5e-09	2.5e-07	-0.430954353
197	164	2015	2.5e-09	5e-07	-0.748473215
197	164	2015	2.5e-09	1e-06	0
197	164	2015	2.5e-09	2e-06	-0.030675237
197	164	2015	2.5e-09	4e-06	-0.033665975
197	164	2015	2.5e-09	6e-06	-0.153166581
197	164	2015	2.5e-09	1e-05	-0.523840896
197	164	2015	2.5e-09	1.4e-05	-0.75823246
197	164	2015	5e-09	0	0
197	164	2015	5e-09	1e-07	-0.0548024820000001
197	164	2015	5e-09	2.5e-07	-0.0759029980000001
197	164	2015	5e-09	5e-07	-0.337308799
197	164	2015	5e-09	1e-06	-0.657176301
197	164	2015	5e-09	2e-06	-0.77863573
197	164	2015	5e-09	4e-06	0
197	164	2015	5e-09	6e-06	-0.218375707
197	164	2015	5e-09	1e-05	-0.372650392
197	164	2015	5e-09	1.4e-05	-0.670132597
197	164	2015	7.5e-09	0	-0.667299756
197	164	2015	7.5e-09	1e-07	-0.68695938
197	164	2015	7.5e-09	2.5e-07	0
197	164	2015	7.5e-09	5e-07	-0.405757441
197	164	2015	7.5e-09	1e-06	-0.570249533
197	164	2015	7.5e-09	2e-06	-0.761692336
197	164	2015	7.5e-09	4e-06	-0.541274752
197	164	2015	7.5e-09	6e-06	-0.542997254
197	164	2015	7.5e-09	1e-05	0
197	164	2015	7.5e-09	1.4e-05	-0.718150032
197	164	2015	1e-08	0	-0.788924404
197	164	2015	1e-08	1e-07	-0.816778358
197	164	2015	1e-08	2.5e-07	-0.386923548
197	164	2015	1e-08	5e-07	-0.286852035
197	164	2015	1e-08	1e-06	0
197	164	2015	1e-08	2e-06	-0.810870387
197	164	2015	1e-08	4e-06	-0.813679202
197	164	2015	1e-08	6e-06	-0.814954016
197	164	2015	1e-08	1e-05	-0.395083522
197	164	2015	1e-08	1.4e-05	-0.295971164
5	164	2015	0	0	0
5	164	2015	0	1e-07	0
5	164	2015	0	2.5e-07	0
5	164	2015	0	5e-07	0
5	164	2015	0	1e-06	0
5	164	2015	0	2e-06	0
5	164	2015	0	4e-06	0
5	164	2015	0	6e-06	-0.0369705639999999
5	164	2015	0	1e-05	-0.03184915
5	164	2015	0	1.4e-05	-0.0255734339999999
5	164	2015	1e-09	0	-0.304343421
5	164	2015	1e-09	1e-07	-0.413405162
5	164	2015	1e-09	2.5e-07	0
5	164	2015	1e-09	5e-07	-0.0721826689999999
5	164	2015	1e-09	1e-06	-0.0380093530000001
5	164	2015	1e-09	2e-06	-0.011168469
5	164	2015	1e-09	4e-06	-0.199065829
5	164	2015	1e-09	6e-06	-0.382022436
5	164	2015	1e-09	1e-05	0
5	164	2015	1e-09	1.4e-05	-0.0810984849999998
5	164	2015	2.5e-09	0	-0.0372227700000001
5	164	2015	2.5e-09	1e-07	-0.062086504
5	164	2015	2.5e-09	2.5e-07	-0.348638818
5	164	2015	2.5e-09	5e-07	-0.432217515
5	164	2015	2.5e-09	1e-06	0
5	164	2015	2.5e-09	2e-06	-0.0993961719999999
5	164	2015	2.5e-09	4e-06	-0.048701884
5	164	2015	2.5e-09	6e-06	-0.052451343
5	164	2015	2.5e-09	1e-05	-0.276609219
5	164	2015	2.5e-09	1.4e-05	-0.385980163
5	164	2015	5e-09	0	0
5	164	2015	5e-09	1e-07	-0.121402028
5	164	2015	5e-09	2.5e-07	-0.105126584
5	164	2015	5e-09	5e-07	-0.241788134
5	164	2015	5e-09	1e-06	-0.375519972
5	164	2015	5e-09	2e-06	-0.411104717
5	164	2015	5e-09	4e-06	0
5	164	2015	5e-09	6e-06	-0.318806847
5	164	2015	5e-09	1e-05	-0.375274057
5	164	2015	5e-09	1.4e-05	-0.444139371
5	164	2015	7.5e-09	0	-0.272946016
5	164	2015	7.5e-09	1e-07	-0.27562934
5	164	2015	7.5e-09	2.5e-07	0
5	164	2015	7.5e-09	5e-07	-0.442983072
5	164	2015	7.5e-09	1e-06	-0.478823733
5	164	2015	7.5e-09	2e-06	-0.484391685
5	164	2015	7.5e-09	4e-06	-0.301228816
5	164	2015	7.5e-09	6e-06	-0.144020222
5	164	2015	7.5e-09	1e-05	0
5	164	2015	7.5e-09	1.4e-05	-0.536078678
5	164	2015	1e-08	0	-0.517233859
5	164	2015	1e-08	1e-07	-0.516174217
5	164	2015	1e-08	2.5e-07	-0.339564159
5	164	2015	1e-08	5e-07	-0.133889221
5	164	2015	1e-08	1e-06	0
5	164	2015	1e-08	2e-06	-0.53909719
5	164	2015	1e-08	4e-06	-0.519496027
5	164	2015	1e-08	6e-06	-0.518857037
5	164	2015	1e-08	1e-05	-0.333077119
5	164	2015	1e-08	1.4e-05	-0.122068852
198	164	2015	0	0	0
198	164	2015	0	1e-07	0
198	164	2015	0	2.5e-07	0
198	164	2015	0	5e-07	0
198	164	2015	0	1e-06	0
198	164	2015	0	2e-06	0
198	164	2015	0	4e-06	0
198	164	2015	0	6e-06	0.0174413460000001
198	164	2015	0	1e-05	-0.0275315719999999
198	164	2015	0	1.4e-05	-0.360888834
198	164	2015	1e-09	0	-0.915891987
198	164	2015	1e-09	1e-07	-1.002984885
198	164	2015	1e-09	2.5e-07	0
198	164	2015	1e-09	5e-07	0.015871307
198	164	2015	1e-09	1e-06	-0.0132853399999999
198	164	2015	1e-09	2e-06	-0.537038025
198	164	2015	1e-09	4e-06	-0.975000042
198	164	2015	1e-09	6e-06	-1.000078121
198	164	2015	1e-09	1e-05	0
198	164	2015	1e-09	1.4e-05	-0.0104932479999999
198	164	2015	2.5e-09	0	-0.0877457990000001
198	164	2015	2.5e-09	1e-07	-0.670818912
198	164	2015	2.5e-09	2.5e-07	-0.980126916
198	164	2015	2.5e-09	5e-07	-0.990444092
198	164	2015	2.5e-09	1e-06	0
198	164	2015	2.5e-09	2e-06	-0.016009784
198	164	2015	2.5e-09	4e-06	-0.168706555
198	164	2015	2.5e-09	6e-06	-0.85811503
198	164	2015	2.5e-09	1e-05	-0.941854205
198	164	2015	2.5e-09	1.4e-05	-0.944619634
198	164	2015	5e-09	0	0
198	164	2015	5e-09	1e-07	-0.0912940450000001
198	164	2015	5e-09	2.5e-07	-0.640277842
198	164	2015	5e-09	5e-07	-0.898185037
198	164	2015	5e-09	1e-06	-0.904184592
198	164	2015	5e-09	2e-06	-0.904989565
198	164	2015	5e-09	4e-06	0
198	164	2015	5e-09	6e-06	-0.683990764
198	164	2015	5e-09	1e-05	-0.930677291
198	164	2015	5e-09	1.4e-05	-0.523847467
198	164	2015	7.5e-09	0	-0.375615157
198	164	2015	7.5e-09	1e-07	-0.371586996
198	164	2015	7.5e-09	2.5e-07	0
198	164	2015	7.5e-09	5e-07	-0.909449461
198	164	2015	7.5e-09	1e-06	-0.941942056
198	164	2015	7.5e-09	2e-06	-0.529754
198	164	2015	7.5e-09	4e-06	-0.132973587
198	164	2015	7.5e-09	6e-06	-0.127683341
198	164	2015	7.5e-09	1e-05	0
198	164	2015	7.5e-09	1.4e-05	-0.978379622
198	164	2015	1e-08	0	-0.93891675
198	164	2015	1e-08	1e-07	-0.523999241
198	164	2015	1e-08	2.5e-07	-0.062968629
198	164	2015	1e-08	5e-07	-0.03140454
198	164	2015	1e-08	1e-06	0
198	164	2015	1e-08	2e-06	-0.974851346
198	164	2015	1e-08	4e-06	-0.937957992
198	164	2015	1e-08	6e-06	-0.526301145
198	164	2015	1e-08	1e-05	-0.063315727
198	164	2015	1e-08	1.4e-05	-0.009801377
94	164	2015	0	0	0
94	164	2015	0	1e-07	0
94	164	2015	0	2.5e-07	0
94	164	2015	0	5e-07	0
94	164	2015	0	1e-06	0
94	164	2015	0	2e-06	0
94	164	2015	0	4e-06	0
94	164	2015	0	6e-06	0.0333607470000001
94	164	2015	0	1e-05	0.0538578270000001
94	164	2015	0	1.4e-05	-0.00116917999999998
94	164	2015	1e-09	0	0.00571708999999998
94	164	2015	1e-09	1e-07	0.011184822
94	164	2015	1e-09	2.5e-07	0
94	164	2015	1e-09	5e-07	-0.0534037240000001
94	164	2015	1e-09	1e-06	-0.0139069380000001
94	164	2015	1e-09	2e-06	-0.0525680479999998
94	164	2015	1e-09	4e-06	-0.0454855910000001
94	164	2015	1e-09	6e-06	-0.158993343
94	164	2015	1e-09	1e-05	0
94	164	2015	1e-09	1.4e-05	0.00945162900000014
94	164	2015	2.5e-09	0	0.0307343340000001
94	164	2015	2.5e-09	1e-07	-0.0347797409999998
94	164	2015	2.5e-09	2.5e-07	0.00941794399999992
94	164	2015	2.5e-09	5e-07	-0.23398691
94	164	2015	2.5e-09	1e-06	0
94	164	2015	2.5e-09	2e-06	0.0198307420000002
94	164	2015	2.5e-09	4e-06	0.044129095
94	164	2015	2.5e-09	6e-06	-0.038640102
94	164	2015	2.5e-09	1e-05	-0.244258977
94	164	2015	2.5e-09	1.4e-05	-0.423597864
94	164	2015	5e-09	0	0
94	164	2015	5e-09	1e-07	0.0461932200000001
94	164	2015	5e-09	2.5e-07	-0.010838555
94	164	2015	5e-09	5e-07	-0.340311046
94	164	2015	5e-09	1e-06	-0.496727456
94	164	2015	5e-09	2e-06	-0.636999329
94	164	2015	5e-09	4e-06	0
94	164	2015	5e-09	6e-06	-0.31413866
94	164	2015	5e-09	1e-05	-0.403431276
94	164	2015	5e-09	1.4e-05	-0.684207891
94	164	2015	7.5e-09	0	-0.700103575
94	164	2015	7.5e-09	1e-07	-0.523624902
94	164	2015	7.5e-09	2.5e-07	0
94	164	2015	7.5e-09	5e-07	-0.610443762
94	164	2015	7.5e-09	1e-06	-0.624607714
94	164	2015	7.5e-09	2e-06	-0.800928634
94	164	2015	7.5e-09	4e-06	-0.749543883
94	164	2015	7.5e-09	6e-06	-0.55795352
94	164	2015	7.5e-09	1e-05	0
94	164	2015	7.5e-09	1.4e-05	-0.744939734
94	164	2015	1e-08	0	-0.73518894
94	164	2015	1e-08	1e-07	-0.852855799
94	164	2015	1e-08	2.5e-07	-0.781596541
94	164	2015	1e-08	5e-07	-0.627563143
94	164	2015	1e-08	1e-06	0
94	164	2015	1e-08	2e-06	-0.782811741
94	164	2015	1e-08	4e-06	-0.748089882
94	164	2015	1e-08	6e-06	-0.86683557
94	164	2015	1e-08	1e-05	-0.79057675
94	164	2015	1e-08	1.4e-05	-0.611857728
199	164	2015	0	0	0
199	164	2015	0	1e-07	0
199	164	2015	0	2.5e-07	0
199	164	2015	0	5e-07	0
199	164	2015	0	1e-06	0
199	164	2015	0	2e-06	0
199	164	2015	0	4e-06	0
199	164	2015	0	6e-06	-0.020929045
199	164	2015	0	1e-05	0.0501146519999999
199	164	2015	0	1.4e-05	-0.26044395
199	164	2015	1e-09	0	-0.861947954
199	164	2015	1e-09	1e-07	-0.977734023
199	164	2015	1e-09	2.5e-07	0
199	164	2015	1e-09	5e-07	-0.024515986
199	164	2015	1e-09	1e-06	-0.00977174899999994
199	164	2015	1e-09	2e-06	-0.485079041
199	164	2015	1e-09	4e-06	-0.956464668
199	164	2015	1e-09	6e-06	-0.986210907
199	164	2015	1e-09	1e-05	0
199	164	2015	1e-09	1.4e-05	-0.0105101150000002
199	164	2015	2.5e-09	0	-0.148943575
199	164	2015	2.5e-09	1e-07	-0.765593949
199	164	2015	2.5e-09	2.5e-07	-0.953433316
199	164	2015	2.5e-09	5e-07	-0.964809383
199	164	2015	2.5e-09	1e-06	0
199	164	2015	2.5e-09	2e-06	-0.127340918
199	164	2015	2.5e-09	4e-06	-0.541186435
199	164	2015	2.5e-09	6e-06	-0.918708548
199	164	2015	2.5e-09	1e-05	-0.953993372
199	164	2015	2.5e-09	1.4e-05	-0.960694875
199	164	2015	5e-09	0	0
199	164	2015	5e-09	1e-07	-0.470830433
199	164	2015	5e-09	2.5e-07	-0.795047049
199	164	2015	5e-09	5e-07	-0.761937172
199	164	2015	5e-09	1e-06	-0.666560973
199	164	2015	5e-09	2e-06	-0.665636289
199	164	2015	5e-09	4e-06	0
199	164	2015	5e-09	6e-06	-0.846646477
199	164	2015	5e-09	1e-05	-0.918196034
199	164	2015	5e-09	1.4e-05	-0.772462488
199	164	2015	7.5e-09	0	-0.300359541
199	164	2015	7.5e-09	1e-07	-0.302127362
199	164	2015	7.5e-09	2.5e-07	0
199	164	2015	7.5e-09	5e-07	-0.926269674
199	164	2015	7.5e-09	1e-06	-0.929930734
199	164	2015	7.5e-09	2e-06	-0.77554824
199	164	2015	7.5e-09	4e-06	-0.112577178
199	164	2015	7.5e-09	6e-06	-0.103482996
199	164	2015	7.5e-09	1e-05	0
199	164	2015	7.5e-09	1.4e-05	-0.943820378
199	164	2015	1e-08	0	-0.927076496
199	164	2015	1e-08	1e-07	-0.768781241
199	164	2015	1e-08	2.5e-07	-0.108460981
199	164	2015	1e-08	5e-07	-0.027216672
199	164	2015	1e-08	1e-06	0
199	164	2015	1e-08	2e-06	-0.950633332
199	164	2015	1e-08	4e-06	-0.925988384
199	164	2015	1e-08	6e-06	-0.764496764
199	164	2015	1e-08	1e-05	-0.105011836
199	164	2015	1e-08	1.4e-05	-0.017984315
200	164	2015	0	0	0
200	164	2015	0	1e-07	0
200	164	2015	0	2.5e-07	0
200	164	2015	0	5e-07	0
200	164	2015	0	1e-06	0
200	164	2015	0	2e-06	0
200	164	2015	0	4e-06	0
200	164	2015	0	6e-06	-0.059650245
200	164	2015	0	1e-05	0.0730632610000001
200	164	2015	0	1.4e-05	-0.199405768
200	164	2015	1e-09	0	-0.789981016
200	164	2015	1e-09	1e-07	-0.86433481
200	164	2015	1e-09	2.5e-07	0
200	164	2015	1e-09	5e-07	-0.070627891
200	164	2015	1e-09	1e-06	-0.110314525
200	164	2015	1e-09	2e-06	-0.30026129
200	164	2015	1e-09	4e-06	-0.843886412
200	164	2015	1e-09	6e-06	-0.920160274
200	164	2015	1e-09	1e-05	0
200	164	2015	1e-09	1.4e-05	-0.115022944
200	164	2015	2.5e-09	0	-0.0656965070000001
200	164	2015	2.5e-09	1e-07	-0.412593311
200	164	2015	2.5e-09	2.5e-07	-0.813611824
200	164	2015	2.5e-09	5e-07	-0.831966362
200	164	2015	2.5e-09	1e-06	0
200	164	2015	2.5e-09	2e-06	-0.076019601
200	164	2015	2.5e-09	4e-06	-0.176845178
200	164	2015	2.5e-09	6e-06	-0.659637282
200	164	2015	2.5e-09	1e-05	-0.823795855
200	164	2015	2.5e-09	1.4e-05	-0.835761856
200	164	2015	5e-09	0	0
200	164	2015	5e-09	1e-07	-0.218159564
200	164	2015	5e-09	2.5e-07	-0.48975357
200	164	2015	5e-09	5e-07	-0.719795717
200	164	2015	5e-09	1e-06	-0.723943044
200	164	2015	5e-09	2e-06	-0.72262319
200	164	2015	5e-09	4e-06	0
200	164	2015	5e-09	6e-06	-0.857565365
200	164	2015	5e-09	1e-05	-0.855230432
200	164	2015	5e-09	1.4e-05	-0.75803809
200	164	2015	7.5e-09	0	-0.204421164
200	164	2015	7.5e-09	1e-07	-0.129074205
200	164	2015	7.5e-09	2.5e-07	0
200	164	2015	7.5e-09	5e-07	-0.916081505
200	164	2015	7.5e-09	1e-06	-0.870501365
200	164	2015	7.5e-09	2e-06	-0.761014063
200	164	2015	7.5e-09	4e-06	-0.198988863
200	164	2015	7.5e-09	6e-06	-0.06827814
200	164	2015	7.5e-09	1e-05	0
200	164	2015	7.5e-09	1.4e-05	-0.936231509
200	164	2015	1e-08	0	-0.88876125
200	164	2015	1e-08	1e-07	-0.765883253
200	164	2015	1e-08	2.5e-07	-0.203917075
200	164	2015	1e-08	5e-07	-0.074410235
200	164	2015	1e-08	1e-06	0
200	164	2015	1e-08	2e-06	-0.941997756
200	164	2015	1e-08	4e-06	-0.904125059
200	164	2015	1e-08	6e-06	-0.777858243
200	164	2015	1e-08	1e-05	-0.221968259
200	164	2015	1e-08	1.4e-05	-0.08054361
201	164	2015	0	0	0
201	164	2015	0	1e-07	0
201	164	2015	0	2.5e-07	0
201	164	2015	0	5e-07	0
201	164	2015	0	1e-06	0
201	164	2015	0	2e-06	0
201	164	2015	0	4e-06	0
201	164	2015	0	6e-06	0.011569159
201	164	2015	0	1e-05	0.0448629039999999
201	164	2015	0	1.4e-05	0.04182722
201	164	2015	1e-09	0	-0.248724573
201	164	2015	1e-09	1e-07	-0.43393989
201	164	2015	1e-09	2.5e-07	0
201	164	2015	1e-09	5e-07	0.0737827990000001
201	164	2015	1e-09	1e-06	-0.03408091
201	164	2015	1e-09	2e-06	0.017807219
201	164	2015	1e-09	4e-06	-0.28399851
201	164	2015	1e-09	6e-06	-0.455646136
201	164	2015	1e-09	1e-05	0
201	164	2015	1e-09	1.4e-05	-0.0651776219999999
201	164	2015	2.5e-09	0	-0.101139289
201	164	2015	2.5e-09	1e-07	-0.0255357309999999
201	164	2015	2.5e-09	2.5e-07	-0.372019293
201	164	2015	2.5e-09	5e-07	-0.397991095
201	164	2015	2.5e-09	1e-06	0
201	164	2015	2.5e-09	2e-06	-0.0419123909999999
201	164	2015	2.5e-09	4e-06	-0.129963541
201	164	2015	2.5e-09	6e-06	-0.148803435
201	164	2015	2.5e-09	1e-05	-0.291957656
201	164	2015	2.5e-09	1.4e-05	-0.418947603
201	164	2015	5e-09	0	0
201	164	2015	5e-09	1e-07	-0.17134958
201	164	2015	5e-09	2.5e-07	-0.187256049
201	164	2015	5e-09	5e-07	-0.383227696
201	164	2015	5e-09	1e-06	-0.35270216
201	164	2015	5e-09	2e-06	-0.383577236
201	164	2015	5e-09	4e-06	0
201	164	2015	5e-09	6e-06	-0.240125734
201	164	2015	5e-09	1e-05	-0.273740133
201	164	2015	5e-09	1.4e-05	-0.437205321
201	164	2015	7.5e-09	0	-0.316508896
201	164	2015	7.5e-09	1e-07	-0.327941575
201	164	2015	7.5e-09	2.5e-07	0
201	164	2015	7.5e-09	5e-07	-0.293311267
201	164	2015	7.5e-09	1e-06	-0.372689904
201	164	2015	7.5e-09	2e-06	-0.459779133
201	164	2015	7.5e-09	4e-06	-0.284951708
201	164	2015	7.5e-09	6e-06	-0.284448666
201	164	2015	7.5e-09	1e-05	0
201	164	2015	7.5e-09	1.4e-05	-0.392090172
201	164	2015	1e-08	0	-0.484965553
201	164	2015	1e-08	1e-07	-0.513358058
201	164	2015	1e-08	2.5e-07	-0.17794744
201	164	2015	1e-08	5e-07	-0.208847887
201	164	2015	1e-08	1e-06	0
201	164	2015	1e-08	2e-06	-0.515654543
201	164	2015	1e-08	4e-06	-0.638376064
201	164	2015	1e-08	6e-06	-0.562248528
201	164	2015	1e-08	1e-05	-0.18065921
201	164	2015	1e-08	1.4e-05	-0.145209137
202	164	2015	0	0	0
202	164	2015	0	1e-07	0
202	164	2015	0	2.5e-07	0
202	164	2015	0	5e-07	0
202	164	2015	0	1e-06	0
202	164	2015	0	2e-06	0
202	164	2015	0	4e-06	0
202	164	2015	0	6e-06	0.034885998
202	164	2015	0	1e-05	-0.070807106
202	164	2015	0	1.4e-05	0.0389704860000002
202	164	2015	1e-09	0	0.0140998740000001
202	164	2015	1e-09	1e-07	-0.0789760799999999
202	164	2015	1e-09	2.5e-07	0
202	164	2015	1e-09	5e-07	0.037571688
202	164	2015	1e-09	1e-06	-0.129528606
202	164	2015	1e-09	2e-06	-0.00928801199999995
202	164	2015	1e-09	4e-06	-0.0276682049999999
202	164	2015	1e-09	6e-06	0.0254021540000001
202	164	2015	1e-09	1e-05	0
202	164	2015	1e-09	1.4e-05	0.026856903
202	164	2015	2.5e-09	0	-0.0285354600000001
202	164	2015	2.5e-09	1e-07	-0.0231361030000001
202	164	2015	2.5e-09	2.5e-07	-0.055112603
202	164	2015	2.5e-09	5e-07	-0.137977339
202	164	2015	2.5e-09	1e-06	0
202	164	2015	2.5e-09	2e-06	0.00153867700000006
202	164	2015	2.5e-09	4e-06	-0.167072318
202	164	2015	2.5e-09	6e-06	-0.0366764579999999
202	164	2015	2.5e-09	1e-05	-0.00125891700000011
202	164	2015	2.5e-09	1.4e-05	-0.125556022
202	164	2015	5e-09	0	0
202	164	2015	5e-09	1e-07	-0.172135963
202	164	2015	5e-09	2.5e-07	-0.181144216
202	164	2015	5e-09	5e-07	-0.202126171
202	164	2015	5e-09	1e-06	-0.18690726
202	164	2015	5e-09	2e-06	-0.186207861
202	164	2015	5e-09	4e-06	0
202	164	2015	5e-09	6e-06	-0.216648236
202	164	2015	5e-09	1e-05	-0.331766681
202	164	2015	5e-09	1.4e-05	-0.264105045
202	164	2015	7.5e-09	0	-0.282808784
202	164	2015	7.5e-09	1e-07	-0.309249604
202	164	2015	7.5e-09	2.5e-07	0
202	164	2015	7.5e-09	5e-07	-0.323092806
202	164	2015	7.5e-09	1e-06	-0.451699539
202	164	2015	7.5e-09	2e-06	-0.339148589
202	164	2015	7.5e-09	4e-06	-0.321331655
202	164	2015	7.5e-09	6e-06	-0.371536482
202	164	2015	7.5e-09	1e-05	0
202	164	2015	7.5e-09	1.4e-05	-0.367078774
202	164	2015	1e-08	0	-0.476514198
202	164	2015	1e-08	1e-07	-0.343433034
202	164	2015	1e-08	2.5e-07	-0.395307433
202	164	2015	1e-08	5e-07	-0.385225366
202	164	2015	1e-08	1e-06	0
202	164	2015	1e-08	2e-06	-0.464421953
202	164	2015	1e-08	4e-06	-0.569582077
202	164	2015	1e-08	6e-06	-0.417695819
202	164	2015	1e-08	1e-05	-0.404671982
202	164	2015	1e-08	1.4e-05	-0.388110225
203	164	2015	0	0	0
203	164	2015	0	1e-07	0
203	164	2015	0	2.5e-07	0
203	164	2015	0	5e-07	0
203	164	2015	0	1e-06	0
203	164	2015	0	2e-06	0
203	164	2015	0	4e-06	0
203	164	2015	0	6e-06	-0.00473883900000004
203	164	2015	0	1e-05	-0.047133602
203	164	2015	0	1.4e-05	-0.030677847
203	164	2015	1e-09	0	-0.000850415999999967
203	164	2015	1e-09	1e-07	-0.0793913500000001
203	164	2015	1e-09	2.5e-07	0
203	164	2015	1e-09	5e-07	-0.0398607699999999
203	164	2015	1e-09	1e-06	-0.091348472
203	164	2015	1e-09	2e-06	-0.0559464629999999
203	164	2015	1e-09	4e-06	-0.0457837120000001
203	164	2015	1e-09	6e-06	-0.052630475
203	164	2015	1e-09	1e-05	0
203	164	2015	1e-09	1.4e-05	-0.07419448
203	164	2015	2.5e-09	0	-0.0917678379999999
203	164	2015	2.5e-09	1e-07	-0.0796511449999998
203	164	2015	2.5e-09	2.5e-07	-0.096580067
203	164	2015	2.5e-09	5e-07	-0.124971168
203	164	2015	2.5e-09	1e-06	0
203	164	2015	2.5e-09	2e-06	-0.0975550940000001
203	164	2015	2.5e-09	4e-06	-0.133211717
203	164	2015	2.5e-09	6e-06	-0.131621119
203	164	2015	2.5e-09	1e-05	-0.16637311
203	164	2015	2.5e-09	1.4e-05	-0.264515317
203	164	2015	5e-09	0	0
203	164	2015	5e-09	1e-07	-0.177758906
203	164	2015	5e-09	2.5e-07	-0.23636827
203	164	2015	5e-09	5e-07	-0.300774247
203	164	2015	5e-09	1e-06	-0.399546744
203	164	2015	5e-09	2e-06	-0.585865257
203	164	2015	5e-09	4e-06	0
203	164	2015	5e-09	6e-06	-0.510599998
203	164	2015	5e-09	1e-05	-0.679862295
203	164	2015	5e-09	1.4e-05	-0.753042398
203	164	2015	7.5e-09	0	-0.751483362
203	164	2015	7.5e-09	1e-07	-0.797404122
203	164	2015	7.5e-09	2.5e-07	0
203	164	2015	7.5e-09	5e-07	-0.629892058
203	164	2015	7.5e-09	1e-06	-0.745193013
203	164	2015	7.5e-09	2e-06	-0.771951579
203	164	2015	7.5e-09	4e-06	-0.771211639
203	164	2015	7.5e-09	6e-06	-0.772409236
203	164	2015	7.5e-09	1e-05	0
203	164	2015	7.5e-09	1.4e-05	-0.669424
203	164	2015	1e-08	0	-0.784215051
203	164	2015	1e-08	1e-07	-0.782690131
203	164	2015	1e-08	2.5e-07	-0.758655862
203	164	2015	1e-08	5e-07	-0.773458304
203	164	2015	1e-08	1e-06	0
203	164	2015	1e-08	2e-06	-0.712293724
203	164	2015	1e-08	4e-06	-0.76643677
203	164	2015	1e-08	6e-06	-0.746281513
203	164	2015	1e-08	1e-05	-0.750262808
203	164	2015	1e-08	1.4e-05	-0.762635047
16	164	2015	0	0	0
16	164	2015	0	1e-07	0
16	164	2015	0	2.5e-07	0
16	164	2015	0	5e-07	0
16	164	2015	0	1e-06	0
16	164	2015	0	2e-06	0
16	164	2015	0	4e-06	0
16	164	2015	0	6e-06	-0.0150730189999999
16	164	2015	0	1e-05	-0.319217901
16	164	2015	0	1.4e-05	-0.931605804
16	164	2015	1e-09	0	-0.924272415
16	164	2015	1e-09	1e-07	-0.923655288
16	164	2015	1e-09	2.5e-07	0
16	164	2015	1e-09	5e-07	-0.084563082
16	164	2015	1e-09	1e-06	-0.322201834
16	164	2015	1e-09	2e-06	-0.928944315
16	164	2015	1e-09	4e-06	-0.927893304
16	164	2015	1e-09	6e-06	-0.925568626
16	164	2015	1e-09	1e-05	0
16	164	2015	1e-09	1.4e-05	-0.05259901
16	164	2015	2.5e-09	0	-0.622525015
16	164	2015	2.5e-09	1e-07	-0.931022751
16	164	2015	2.5e-09	2.5e-07	-0.920045812
16	164	2015	2.5e-09	5e-07	-0.91915712
16	164	2015	2.5e-09	1e-06	0
16	164	2015	2.5e-09	2e-06	-0.087754681
16	164	2015	2.5e-09	4e-06	-0.869671377
16	164	2015	2.5e-09	6e-06	-0.931365498
16	164	2015	2.5e-09	1e-05	-0.928112718
16	164	2015	2.5e-09	1.4e-05	-0.917459654
16	164	2015	5e-09	0	0
16	164	2015	5e-09	1e-07	-0.508364701
16	164	2015	5e-09	2.5e-07	-0.890975386
16	164	2015	5e-09	5e-07	-0.892475853
16	164	2015	5e-09	1e-06	-0.877230044
16	164	2015	5e-09	2e-06	-0.879999894
16	164	2015	5e-09	4e-06	0
16	164	2015	5e-09	6e-06	-0.936019586
16	164	2015	5e-09	1e-05	-0.678628189
16	164	2015	5e-09	1.4e-05	-0.506899037
16	164	2015	7.5e-09	0	-0.506055333
16	164	2015	7.5e-09	1e-07	-0.497409782
16	164	2015	7.5e-09	2.5e-07	0
16	164	2015	7.5e-09	5e-07	-0.959131887
16	164	2015	7.5e-09	1e-06	-0.681697459
16	164	2015	7.5e-09	2e-06	-0.165401505
16	164	2015	7.5e-09	4e-06	-0.15727729
16	164	2015	7.5e-09	6e-06	-0.151744184
16	164	2015	7.5e-09	1e-05	0
16	164	2015	7.5e-09	1.4e-05	-0.96388981
16	164	2015	1e-08	0	-0.683254213
16	164	2015	1e-08	1e-07	-0.047609818
16	164	2015	1e-08	2.5e-07	-0.039594632
16	164	2015	1e-08	5e-07	-0.03712685
16	164	2015	1e-08	1e-06	0
16	164	2015	1e-08	2e-06	-0.965266872
16	164	2015	1e-08	4e-06	-0.680154747
16	164	2015	1e-08	6e-06	-0.027963111
16	164	2015	1e-08	1e-05	-0.012548185
16	164	2015	1e-08	1.4e-05	-0.015747229
116	164	2015	0	0	0
116	164	2015	0	1e-07	0
116	164	2015	0	2.5e-07	0
116	164	2015	0	5e-07	0
116	164	2015	0	1e-06	0
116	164	2015	0	2e-06	0
116	164	2015	0	4e-06	0
116	164	2015	0	6e-06	-0.0102067270000001
116	164	2015	0	1e-05	-0.020442973
116	164	2015	0	1.4e-05	-0.049640646
116	164	2015	1e-09	0	-0.023822559
116	164	2015	1e-09	1e-07	-0.145471407
116	164	2015	1e-09	2.5e-07	0
116	164	2015	1e-09	5e-07	0.0245669909999998
116	164	2015	1e-09	1e-06	-0.0338283560000002
116	164	2015	1e-09	2e-06	-0.0249081980000001
116	164	2015	1e-09	4e-06	-0.0963019530000001
116	164	2015	1e-09	6e-06	-0.304373964
116	164	2015	1e-09	1e-05	0
116	164	2015	1e-09	1.4e-05	0.0111898309999998
116	164	2015	2.5e-09	0	-0.00170604100000006
116	164	2015	2.5e-09	1e-07	-0.0131608870000001
116	164	2015	2.5e-09	2.5e-07	-0.22334514
116	164	2015	2.5e-09	5e-07	-0.382916842
116	164	2015	2.5e-09	1e-06	0
116	164	2015	2.5e-09	2e-06	-0.0396393999999999
116	164	2015	2.5e-09	4e-06	-0.068041654
116	164	2015	2.5e-09	6e-06	-0.161500205
116	164	2015	2.5e-09	1e-05	-0.345172202
116	164	2015	2.5e-09	1.4e-05	-0.516861419
116	164	2015	5e-09	0	0
116	164	2015	5e-09	1e-07	-0.174649856
116	164	2015	5e-09	2.5e-07	-0.223296672
116	164	2015	5e-09	5e-07	-0.423706629
116	164	2015	5e-09	1e-06	-0.568956553
116	164	2015	5e-09	2e-06	-0.533097196
116	164	2015	5e-09	4e-06	0
116	164	2015	5e-09	6e-06	-0.513535805
116	164	2015	5e-09	1e-05	-0.602893946
116	164	2015	5e-09	1.4e-05	-0.606139281
116	164	2015	7.5e-09	0	-0.665827186
116	164	2015	7.5e-09	1e-07	-0.540256412
116	164	2015	7.5e-09	2.5e-07	0
116	164	2015	7.5e-09	5e-07	-0.658678062
116	164	2015	7.5e-09	1e-06	-0.679762346
116	164	2015	7.5e-09	2e-06	-0.633045985
116	164	2015	7.5e-09	4e-06	-0.656744549
116	164	2015	7.5e-09	6e-06	-0.555373217
116	164	2015	7.5e-09	1e-05	0
116	164	2015	7.5e-09	1.4e-05	-0.686830872
116	164	2015	1e-08	0	-0.682644152
116	164	2015	1e-08	1e-07	-0.670254476
116	164	2015	1e-08	2.5e-07	-0.6485718
116	164	2015	1e-08	5e-07	-0.530861927
116	164	2015	1e-08	1e-06	0
116	164	2015	1e-08	2e-06	-0.672423879
116	164	2015	1e-08	4e-06	-0.694427361
116	164	2015	1e-08	6e-06	-0.664372147
116	164	2015	1e-08	1e-05	-0.670426555
116	164	2015	1e-08	1.4e-05	-0.559032625
20	164	2015	0	0	0
20	164	2015	0	1e-07	0
20	164	2015	0	2.5e-07	0
20	164	2015	0	5e-07	0
20	164	2015	0	1e-06	0
20	164	2015	0	2e-06	0
20	164	2015	0	4e-06	0
20	164	2015	0	6e-06	-0.018307899
20	164	2015	0	1e-05	-0.0489398360000001
20	164	2015	0	1.4e-05	-0.0376774560000001
20	164	2015	1e-09	0	-0.254535813
20	164	2015	1e-09	1e-07	-0.531266029
20	164	2015	1e-09	2.5e-07	0
20	164	2015	1e-09	5e-07	-0.0542160670000001
20	164	2015	1e-09	1e-06	-0.0577887750000002
20	164	2015	1e-09	2e-06	-0.0823661880000002
20	164	2015	1e-09	4e-06	-0.43570301
20	164	2015	1e-09	6e-06	-0.669275763
20	164	2015	1e-09	1e-05	0
20	164	2015	1e-09	1.4e-05	0.00451465599999992
20	164	2015	2.5e-09	0	0.010691539
20	164	2015	2.5e-09	1e-07	-0.0239452030000001
20	164	2015	2.5e-09	2.5e-07	-0.298661065
20	164	2015	2.5e-09	5e-07	-0.573096208
20	164	2015	2.5e-09	1e-06	0
20	164	2015	2.5e-09	2e-06	-0.0285393710000002
20	164	2015	2.5e-09	4e-06	-0.0522541940000001
20	164	2015	2.5e-09	6e-06	-0.115690371
20	164	2015	2.5e-09	1e-05	-0.42833327
20	164	2015	2.5e-09	1.4e-05	-0.632630129
20	164	2015	5e-09	0	0
20	164	2015	5e-09	1e-07	-0.0247041369999998
20	164	2015	5e-09	2.5e-07	-0.0438860020000001
20	164	2015	5e-09	5e-07	-0.370982032
20	164	2015	5e-09	1e-06	-0.60013254
20	164	2015	5e-09	2e-06	-0.643332844
20	164	2015	5e-09	4e-06	0
20	164	2015	5e-09	6e-06	-0.129909883
20	164	2015	5e-09	1e-05	-0.576265839
20	164	2015	5e-09	1.4e-05	-0.716377343
20	164	2015	7.5e-09	0	-0.731004948
20	164	2015	7.5e-09	1e-07	-0.737278219
20	164	2015	7.5e-09	2.5e-07	0
20	164	2015	7.5e-09	5e-07	-0.674016119
20	164	2015	7.5e-09	1e-06	-0.812500873
20	164	2015	7.5e-09	2e-06	-0.811049121
20	164	2015	7.5e-09	4e-06	-0.67903746
20	164	2015	7.5e-09	6e-06	-0.345699801
20	164	2015	7.5e-09	1e-05	0
20	164	2015	7.5e-09	1.4e-05	-0.805090923
20	164	2015	1e-08	0	-0.894375879
20	164	2015	1e-08	1e-07	-0.881048787
20	164	2015	1e-08	2.5e-07	-0.727005037
20	164	2015	1e-08	5e-07	-0.367647192
20	164	2015	1e-08	1e-06	0
20	164	2015	1e-08	2e-06	-0.819578942
20	164	2015	1e-08	4e-06	-0.893575452
20	164	2015	1e-08	6e-06	-0.884656646
20	164	2015	1e-08	1e-05	-0.742438594
20	164	2015	1e-08	1.4e-05	-0.392518409
23	164	2015	0	0	0
23	164	2015	0	1e-07	0
23	164	2015	0	2.5e-07	0
23	164	2015	0	5e-07	0
23	164	2015	0	1e-06	0
23	164	2015	0	2e-06	0
23	164	2015	0	4e-06	0
23	164	2015	0	6e-06	-0.0329944089999999
23	164	2015	0	1e-05	-0.413711402
23	164	2015	0	1.4e-05	-0.926168514
23	164	2015	1e-09	0	-0.932468726
23	164	2015	1e-09	1e-07	-0.931433837
23	164	2015	1e-09	2.5e-07	0
23	164	2015	1e-09	5e-07	-0.0484639660000001
23	164	2015	1e-09	1e-06	-0.38978165
23	164	2015	1e-09	2e-06	-0.932014132
23	164	2015	1e-09	4e-06	-0.952629516
23	164	2015	1e-09	6e-06	-0.945552827
23	164	2015	1e-09	1e-05	0
23	164	2015	1e-09	1.4e-05	-0.018008269
23	164	2015	2.5e-09	0	-0.656426498
23	164	2015	2.5e-09	1e-07	-0.905084895
23	164	2015	2.5e-09	2.5e-07	-0.907278532
23	164	2015	2.5e-09	5e-07	-0.911600323
23	164	2015	2.5e-09	1e-06	0
23	164	2015	2.5e-09	2e-06	-0.0826001329999998
23	164	2015	2.5e-09	4e-06	-0.845706129
23	164	2015	2.5e-09	6e-06	-0.921535024
23	164	2015	2.5e-09	1e-05	-0.909159144
23	164	2015	2.5e-09	1.4e-05	-0.915923287
23	164	2015	5e-09	0	0
23	164	2015	5e-09	1e-07	-0.351672467
23	164	2015	5e-09	2.5e-07	-0.834457763
23	164	2015	5e-09	5e-07	-0.844381632
23	164	2015	5e-09	1e-06	-0.839803256
23	164	2015	5e-09	2e-06	-0.841568837
23	164	2015	5e-09	4e-06	0
23	164	2015	5e-09	6e-06	-0.877843228
23	164	2015	5e-09	1e-05	-0.745729115
23	164	2015	5e-09	1.4e-05	-0.424047642
23	164	2015	7.5e-09	0	-0.424011118
23	164	2015	7.5e-09	1e-07	-0.418124193
23	164	2015	7.5e-09	2.5e-07	0
23	164	2015	7.5e-09	5e-07	-0.918276153
23	164	2015	7.5e-09	1e-06	-0.741421986
23	164	2015	7.5e-09	2e-06	-0.149177118
23	164	2015	7.5e-09	4e-06	-0.153823268
23	164	2015	7.5e-09	6e-06	-0.144964783
23	164	2015	7.5e-09	1e-05	0
23	164	2015	7.5e-09	1.4e-05	-0.910780772
23	164	2015	1e-08	0	-0.727296118
23	164	2015	1e-08	1e-07	-0.021399676
23	164	2015	1e-08	2.5e-07	-0.029070127
23	164	2015	1e-08	5e-07	-0.028740019
23	164	2015	1e-08	1e-06	0
23	164	2015	1e-08	2e-06	-0.903419589
23	164	2015	1e-08	4e-06	-0.72136793
23	164	2015	1e-08	6e-06	-0.01533445
23	164	2015	1e-08	1e-05	-0.015150413
23	164	2015	1e-08	1.4e-05	-0.01062754
204	164	2015	0	0	0
204	164	2015	0	1e-07	0
204	164	2015	0	2.5e-07	0
204	164	2015	0	5e-07	0
204	164	2015	0	1e-06	0
204	164	2015	0	2e-06	0
204	164	2015	0	4e-06	0
204	164	2015	0	6e-06	-0.03131446
204	164	2015	0	1e-05	-0.114039514
204	164	2015	0	1.4e-05	-0.849731987
204	164	2015	1e-09	0	-0.907032031
204	164	2015	1e-09	1e-07	-0.9136397
204	164	2015	1e-09	2.5e-07	0
204	164	2015	1e-09	5e-07	-0.030644551
204	164	2015	1e-09	1e-06	-0.127847237
204	164	2015	1e-09	2e-06	-0.847836539
204	164	2015	1e-09	4e-06	-0.902527587
204	164	2015	1e-09	6e-06	-0.905115692
204	164	2015	1e-09	1e-05	0
204	164	2015	1e-09	1.4e-05	-0.020678415
204	164	2015	2.5e-09	0	-0.350466827
204	164	2015	2.5e-09	1e-07	-0.904475815
204	164	2015	2.5e-09	2.5e-07	-0.916291248
204	164	2015	2.5e-09	5e-07	-0.926227397
204	164	2015	2.5e-09	1e-06	0
204	164	2015	2.5e-09	2e-06	-0.0358336369999999
204	164	2015	2.5e-09	4e-06	-0.516037835
204	164	2015	2.5e-09	6e-06	-0.895010177
204	164	2015	2.5e-09	1e-05	-0.916189177
204	164	2015	2.5e-09	1.4e-05	-0.918687103
204	164	2015	5e-09	0	0
204	164	2015	5e-09	1e-07	-0.142061558
204	164	2015	5e-09	2.5e-07	-0.73794471
204	164	2015	5e-09	5e-07	-0.891975866
204	164	2015	5e-09	1e-06	-0.891093633
204	164	2015	5e-09	2e-06	-0.897904343
204	164	2015	5e-09	4e-06	0
204	164	2015	5e-09	6e-06	-0.819128128
204	164	2015	5e-09	1e-05	-0.826365193
204	164	2015	5e-09	1.4e-05	-0.522981892
204	164	2015	7.5e-09	0	-0.533158494
204	164	2015	7.5e-09	1e-07	-0.520423416
204	164	2015	7.5e-09	2.5e-07	0
204	164	2015	7.5e-09	5e-07	-0.883567309
204	164	2015	7.5e-09	1e-06	-0.828763629
204	164	2015	7.5e-09	2e-06	-0.179068909
204	164	2015	7.5e-09	4e-06	-0.173910419
204	164	2015	7.5e-09	6e-06	-0.168342711
204	164	2015	7.5e-09	1e-05	0
204	164	2015	7.5e-09	1.4e-05	-0.884500313
204	164	2015	1e-08	0	-0.824704171
204	164	2015	1e-08	1e-07	-0.09744265
204	164	2015	1e-08	2.5e-07	-0.096947676
204	164	2015	1e-08	5e-07	-0.094926122
204	164	2015	1e-08	1e-06	0
204	164	2015	1e-08	2e-06	-0.882246987
204	164	2015	1e-08	4e-06	-0.815111443
204	164	2015	1e-08	6e-06	-0.067303606
204	164	2015	1e-08	1e-05	-0.072048166
204	164	2015	1e-08	1.4e-05	-0.076271856
205	164	2015	0	0	0
205	164	2015	0	1e-07	0
205	164	2015	0	2.5e-07	0
205	164	2015	0	5e-07	0
205	164	2015	0	1e-06	0
205	164	2015	0	2e-06	0
205	164	2015	0	4e-06	0
205	164	2015	0	6e-06	-0.094801099
205	164	2015	0	1e-05	0.0688714809999999
205	164	2015	0	1.4e-05	-0.063953425
205	164	2015	1e-09	0	0.023625502
205	164	2015	1e-09	1e-07	-0.335564895
205	164	2015	1e-09	2.5e-07	0
205	164	2015	1e-09	5e-07	-0.03245745
205	164	2015	1e-09	1e-06	-0.0333768740000002
205	164	2015	1e-09	2e-06	0.079928745
205	164	2015	1e-09	4e-06	0.12256691
205	164	2015	1e-09	6e-06	-0.255296512
205	164	2015	1e-09	1e-05	0
205	164	2015	1e-09	1.4e-05	-0.118197918
205	164	2015	2.5e-09	0	0.022423383
205	164	2015	2.5e-09	1e-07	-0.0435975379999999
205	164	2015	2.5e-09	2.5e-07	0.0107118370000001
205	164	2015	2.5e-09	5e-07	-0.401500877
205	164	2015	2.5e-09	1e-06	0
205	164	2015	2.5e-09	2e-06	-0.186112569
205	164	2015	2.5e-09	4e-06	-0.0572229750000001
205	164	2015	2.5e-09	6e-06	-0.0321322359999999
205	164	2015	2.5e-09	1e-05	-0.02952893
205	164	2015	2.5e-09	1.4e-05	-0.340281633
205	164	2015	5e-09	0	0
205	164	2015	5e-09	1e-07	-0.697934131
205	164	2015	5e-09	2.5e-07	-0.697071761
205	164	2015	5e-09	5e-07	-0.568838469
205	164	2015	5e-09	1e-06	-0.603470491
205	164	2015	5e-09	2e-06	-0.394950545
205	164	2015	5e-09	4e-06	0
205	164	2015	5e-09	6e-06	-0.904594248
205	164	2015	5e-09	1e-05	-0.780753935
205	164	2015	5e-09	1.4e-05	-0.709899026
205	164	2015	7.5e-09	0	-0.729508984
205	164	2015	7.5e-09	1e-07	-0.43727586
205	164	2015	7.5e-09	2.5e-07	0
205	164	2015	7.5e-09	5e-07	-0.974761881
205	164	2015	7.5e-09	1e-06	-0.875090653
205	164	2015	7.5e-09	2e-06	-0.780005179
205	164	2015	7.5e-09	4e-06	-0.783085846
205	164	2015	7.5e-09	6e-06	-0.463025069
205	164	2015	7.5e-09	1e-05	0
205	164	2015	7.5e-09	1.4e-05	-0.99248017
205	164	2015	1e-08	0	-0.908944167
205	164	2015	1e-08	1e-07	-0.808207915
205	164	2015	1e-08	2.5e-07	-0.818306768
205	164	2015	1e-08	5e-07	-0.49947543
205	164	2015	1e-08	1e-06	0
205	164	2015	1e-08	2e-06	-0.981568355
205	164	2015	1e-08	4e-06	-0.911403635
205	164	2015	1e-08	6e-06	-0.814615126
205	164	2015	1e-08	1e-05	-0.84106502
205	164	2015	1e-08	1.4e-05	-0.524450652
21	164	2015	0	0	0
21	164	2015	0	1e-07	0
21	164	2015	0	2.5e-07	0
21	164	2015	0	5e-07	0
21	164	2015	0	1e-06	0
21	164	2015	0	2e-06	0
21	164	2015	0	4e-06	0
21	164	2015	0	6e-06	-0.0340991700000001
21	164	2015	0	1e-05	-0.06276631
21	164	2015	0	1.4e-05	-0.179498306
21	164	2015	1e-09	0	-0.23636691
21	164	2015	1e-09	1e-07	-0.237953197
21	164	2015	1e-09	2.5e-07	0
21	164	2015	1e-09	5e-07	-0.0322505529999999
21	164	2015	1e-09	1e-06	-0.023956749
21	164	2015	1e-09	2e-06	-0.168569389
21	164	2015	1e-09	4e-06	-0.226565885
21	164	2015	1e-09	6e-06	-0.234131482
21	164	2015	1e-09	1e-05	0
21	164	2015	1e-09	1.4e-05	-0.039245738
21	164	2015	2.5e-09	0	-0.065813825
21	164	2015	2.5e-09	1e-07	-0.191439955
21	164	2015	2.5e-09	2.5e-07	-0.24711865
21	164	2015	2.5e-09	5e-07	-0.297686963
21	164	2015	2.5e-09	1e-06	0
21	164	2015	2.5e-09	2e-06	-0.0645995500000001
21	164	2015	2.5e-09	4e-06	-0.116726094
21	164	2015	2.5e-09	6e-06	-0.244302187
21	164	2015	2.5e-09	1e-05	-0.299478661
21	164	2015	2.5e-09	1.4e-05	-0.345642359
21	164	2015	5e-09	0	0
21	164	2015	5e-09	1e-07	-0.322221296
21	164	2015	5e-09	2.5e-07	-0.417239671
21	164	2015	5e-09	5e-07	-0.455585002
21	164	2015	5e-09	1e-06	-0.465132825
21	164	2015	5e-09	2e-06	-0.550163979
21	164	2015	5e-09	4e-06	0
21	164	2015	5e-09	6e-06	-0.77072839
21	164	2015	5e-09	1e-05	-0.753312757
21	164	2015	5e-09	1.4e-05	-0.685941079
21	164	2015	7.5e-09	0	-0.647358247
21	164	2015	7.5e-09	1e-07	-0.599530278
21	164	2015	7.5e-09	2.5e-07	0
21	164	2015	7.5e-09	5e-07	-0.827540844
21	164	2015	7.5e-09	1e-06	-0.796453987
21	164	2015	7.5e-09	2e-06	-0.730409311
21	164	2015	7.5e-09	4e-06	-0.686976104
21	164	2015	7.5e-09	6e-06	-0.62404307
21	164	2015	7.5e-09	1e-05	0
21	164	2015	7.5e-09	1.4e-05	-0.836097975
21	164	2015	1e-08	0	-0.822352843
21	164	2015	1e-08	1e-07	-0.728281266
21	164	2015	1e-08	2.5e-07	-0.676007623
21	164	2015	1e-08	5e-07	-0.62786015
21	164	2015	1e-08	1e-06	0
21	164	2015	1e-08	2e-06	-0.846466861
21	164	2015	1e-08	4e-06	-0.809980942
21	164	2015	1e-08	6e-06	-0.726156176
21	164	2015	1e-08	1e-05	-0.670824955
21	164	2015	1e-08	1.4e-05	-0.621007847
195	164	2015	0	0	0
195	164	2015	0	1e-07	0
195	164	2015	0	2.5e-07	0
195	164	2015	0	5e-07	0
195	164	2015	0	1e-06	0
195	164	2015	0	2e-06	0
195	164	2015	0	4e-06	0
195	164	2015	0	6e-06	-0.028019062
195	164	2015	0	1e-05	0.016671183
195	164	2015	0	1.4e-05	-0.238033315
195	164	2015	1e-09	0	-0.525399781
195	164	2015	1e-09	1e-07	-0.745549304
195	164	2015	1e-09	2.5e-07	0
195	164	2015	1e-09	5e-07	-0.015500028
195	164	2015	1e-09	1e-06	0.00991045600000007
195	164	2015	1e-09	2e-06	-0.218305845
195	164	2015	1e-09	4e-06	-0.667310203
195	164	2015	1e-09	6e-06	-0.744203578
195	164	2015	1e-09	1e-05	0
195	164	2015	1e-09	1.4e-05	0.046825941
195	164	2015	2.5e-09	0	0.0190617180000001
195	164	2015	2.5e-09	1e-07	-0.241971109
195	164	2015	2.5e-09	2.5e-07	-0.63691843
195	164	2015	2.5e-09	5e-07	-0.740528824
195	164	2015	2.5e-09	1e-06	0
195	164	2015	2.5e-09	2e-06	0.0015812609999999
195	164	2015	2.5e-09	4e-06	-0.135712578
195	164	2015	2.5e-09	6e-06	-0.66986596
195	164	2015	2.5e-09	1e-05	-0.8013312
195	164	2015	2.5e-09	1.4e-05	-0.856675308
195	164	2015	5e-09	0	0
195	164	2015	5e-09	1e-07	-0.53734045
195	164	2015	5e-09	2.5e-07	-0.729573066
195	164	2015	5e-09	5e-07	-0.634784047
195	164	2015	5e-09	1e-06	-0.606502436
195	164	2015	5e-09	2e-06	-0.600747384
195	164	2015	5e-09	4e-06	0
195	164	2015	5e-09	6e-06	-0.912154285
195	164	2015	5e-09	1e-05	-0.934070464
195	164	2015	5e-09	1.4e-05	-0.748708331
195	164	2015	7.5e-09	0	-0.304416429
195	164	2015	7.5e-09	1e-07	-0.223699034
195	164	2015	7.5e-09	2.5e-07	0
195	164	2015	7.5e-09	5e-07	-0.974971779
195	164	2015	7.5e-09	1e-06	-0.961687358
195	164	2015	7.5e-09	2e-06	-0.744372822
195	164	2015	7.5e-09	4e-06	-0.318856723
195	164	2015	7.5e-09	6e-06	-0.225464121
195	164	2015	7.5e-09	1e-05	0
195	164	2015	7.5e-09	1.4e-05	-0.98759282
195	164	2015	1e-08	0	-0.994055114
195	164	2015	1e-08	1e-07	-0.756449151
195	164	2015	1e-08	2.5e-07	-0.314701318
195	164	2015	1e-08	5e-07	-0.244908111
195	164	2015	1e-08	1e-06	0
195	164	2015	1e-08	2e-06	-0.988808632
195	164	2015	1e-08	4e-06	-1.000095628
195	164	2015	1e-08	6e-06	-0.758839335
195	164	2015	1e-08	1e-05	-0.330446318
195	164	2015	1e-08	1.4e-05	-0.226213208
206	164	2015	0	0	0
206	164	2015	0	1e-07	0
206	164	2015	0	2.5e-07	0
206	164	2015	0	5e-07	0
206	164	2015	0	1e-06	0
206	164	2015	0	2e-06	0
206	164	2015	0	4e-06	0
206	164	2015	0	6e-06	-0.00376217699999998
206	164	2015	0	1e-05	0.015539656
206	164	2015	0	1.4e-05	-0.027580676
206	164	2015	1e-09	0	-0.256629021
206	164	2015	1e-09	1e-07	-0.527273191
206	164	2015	1e-09	2.5e-07	0
206	164	2015	1e-09	5e-07	0.0300147280000002
206	164	2015	1e-09	1e-06	-0.014020309
206	164	2015	1e-09	2e-06	-0.063821331
206	164	2015	1e-09	4e-06	-0.312699693
206	164	2015	1e-09	6e-06	-0.521682136
206	164	2015	1e-09	1e-05	0
206	164	2015	1e-09	1.4e-05	-0.011317537
206	164	2015	2.5e-09	0	-0.000783361000000014
206	164	2015	2.5e-09	1e-07	-0.030345469
206	164	2015	2.5e-09	2.5e-07	-0.298813984
206	164	2015	2.5e-09	5e-07	-0.526994134
206	164	2015	2.5e-09	1e-06	0
206	164	2015	2.5e-09	2e-06	-0.00244438099999996
206	164	2015	2.5e-09	4e-06	-0.00198961199999985
206	164	2015	2.5e-09	6e-06	-0.075532932
206	164	2015	2.5e-09	1e-05	-0.312198651
206	164	2015	2.5e-09	1.4e-05	-0.555866773
206	164	2015	5e-09	0	0
206	164	2015	5e-09	1e-07	-0.00629441099999994
206	164	2015	5e-09	2.5e-07	-0.0519676490000001
206	164	2015	5e-09	5e-07	-0.216841176
206	164	2015	5e-09	1e-06	-0.507965872
206	164	2015	5e-09	2e-06	-0.580408184
206	164	2015	5e-09	4e-06	0
206	164	2015	5e-09	6e-06	-0.381622715
206	164	2015	5e-09	1e-05	-0.519790186
206	164	2015	5e-09	1.4e-05	-0.625275833
206	164	2015	7.5e-09	0	-0.425351646
206	164	2015	7.5e-09	1e-07	-0.33303138
206	164	2015	7.5e-09	2.5e-07	0
206	164	2015	7.5e-09	5e-07	-0.74109713
206	164	2015	7.5e-09	1e-06	-0.739272887
206	164	2015	7.5e-09	2e-06	-0.714312292
206	164	2015	7.5e-09	4e-06	-0.457067449
206	164	2015	7.5e-09	6e-06	-0.173868278
206	164	2015	7.5e-09	1e-05	0
206	164	2015	7.5e-09	1.4e-05	-0.813301982
206	164	2015	1e-08	0	-0.804364689
206	164	2015	1e-08	1e-07	-0.745567298
206	164	2015	1e-08	2.5e-07	-0.496750897
206	164	2015	1e-08	5e-07	-0.194877558
206	164	2015	1e-08	1e-06	0
206	164	2015	1e-08	2e-06	-0.78548358
206	164	2015	1e-08	4e-06	-0.79408885
206	164	2015	1e-08	6e-06	-0.735712256
206	164	2015	1e-08	1e-05	-0.487316236
206	164	2015	1e-08	1.4e-05	-0.181526369
25	164	2015	0	0	0
25	164	2015	0	1e-07	0
25	164	2015	0	2.5e-07	0
25	164	2015	0	5e-07	0
25	164	2015	0	1e-06	0
25	164	2015	0	2e-06	0
25	164	2015	0	4e-06	0
25	164	2015	0	6e-06	-0.00445951600000001
25	164	2015	0	1e-05	-0.00691536700000015
25	164	2015	0	1.4e-05	0.00522567699999982
25	164	2015	1e-09	0	-0.105104848
25	164	2015	1e-09	1e-07	-0.474822497
25	164	2015	1e-09	2.5e-07	0
25	164	2015	1e-09	5e-07	-0.0422559699999998
25	164	2015	1e-09	1e-06	-0.0582057019999999
25	164	2015	1e-09	2e-06	-0.075980189
25	164	2015	1e-09	4e-06	-0.207506331
25	164	2015	1e-09	6e-06	-0.547481647
25	164	2015	1e-09	1e-05	0
25	164	2015	1e-09	1.4e-05	-0.037308305
25	164	2015	2.5e-09	0	-0.0595739860000001
25	164	2015	2.5e-09	1e-07	-0.046981636
25	164	2015	2.5e-09	2.5e-07	-0.171653798
25	164	2015	2.5e-09	5e-07	-0.657643995
25	164	2015	2.5e-09	1e-06	0
25	164	2015	2.5e-09	2e-06	-0.022089993
25	164	2015	2.5e-09	4e-06	-0.0716946320000001
25	164	2015	2.5e-09	6e-06	-0.113344981
25	164	2015	2.5e-09	1e-05	-0.356144926
25	164	2015	2.5e-09	1.4e-05	-0.850279195
25	164	2015	5e-09	0	0
25	164	2015	5e-09	1e-07	-0.045028571
25	164	2015	5e-09	2.5e-07	-0.0968072540000001
25	164	2015	5e-09	5e-07	-0.267177145
25	164	2015	5e-09	1e-06	-0.678884225
25	164	2015	5e-09	2e-06	-0.862679627
25	164	2015	5e-09	4e-06	0
25	164	2015	5e-09	6e-06	-0.315775431
25	164	2015	5e-09	1e-05	-0.565543318
25	164	2015	5e-09	1.4e-05	-0.858401396
25	164	2015	7.5e-09	0	-0.754796673
25	164	2015	7.5e-09	1e-07	-0.661770429
25	164	2015	7.5e-09	2.5e-07	0
25	164	2015	7.5e-09	5e-07	-0.574130622
25	164	2015	7.5e-09	1e-06	-0.794017477
25	164	2015	7.5e-09	2e-06	-0.951066026
25	164	2015	7.5e-09	4e-06	-0.762552514
25	164	2015	7.5e-09	6e-06	-0.659983316
25	164	2015	7.5e-09	1e-05	0
25	164	2015	7.5e-09	1.4e-05	-0.826931968
25	164	2015	1e-08	0	-0.927835801
25	164	2015	1e-08	1e-07	-0.961008834
25	164	2015	1e-08	2.5e-07	-0.760493957
25	164	2015	1e-08	5e-07	-0.654048794
25	164	2015	1e-08	1e-06	0
25	164	2015	1e-08	2e-06	-0.895058244
25	164	2015	1e-08	4e-06	-0.943866042
25	164	2015	1e-08	6e-06	-0.957063275
25	164	2015	1e-08	1e-05	-0.750708322
25	164	2015	1e-08	1.4e-05	-0.646650784
26	164	2015	0	0	0
26	164	2015	0	1e-07	0
26	164	2015	0	2.5e-07	0
26	164	2015	0	5e-07	0
26	164	2015	0	1e-06	0
26	164	2015	0	2e-06	0
26	164	2015	0	4e-06	0
26	164	2015	0	6e-06	-0.0228736030000002
26	164	2015	0	1e-05	-0.149987688
26	164	2015	0	1.4e-05	-0.88361478
26	164	2015	1e-09	0	-0.93703545
26	164	2015	1e-09	1e-07	-0.945024579
26	164	2015	1e-09	2.5e-07	0
26	164	2015	1e-09	5e-07	-0.0184041810000001
26	164	2015	1e-09	1e-06	-0.127672382
26	164	2015	1e-09	2e-06	-0.868367419
26	164	2015	1e-09	4e-06	-0.921906567
26	164	2015	1e-09	6e-06	-0.930909509
26	164	2015	1e-09	1e-05	0
26	164	2015	1e-09	1.4e-05	-0.03007296
26	164	2015	2.5e-09	0	-0.386792291
26	164	2015	2.5e-09	1e-07	-0.946495066
26	164	2015	2.5e-09	2.5e-07	-0.965315578
26	164	2015	2.5e-09	5e-07	-0.970293276
26	164	2015	2.5e-09	1e-06	0
26	164	2015	2.5e-09	2e-06	-0.167881148
26	164	2015	2.5e-09	4e-06	-0.547859143
26	164	2015	2.5e-09	6e-06	-0.833823277
26	164	2015	2.5e-09	1e-05	-0.853393246
26	164	2015	2.5e-09	1.4e-05	-0.856582072
26	164	2015	5e-09	0	0
26	164	2015	5e-09	1e-07	-0.494986023
26	164	2015	5e-09	2.5e-07	-0.811026832
26	164	2015	5e-09	5e-07	-0.713999693
26	164	2015	5e-09	1e-06	-0.713919943
26	164	2015	5e-09	2e-06	-0.723508651
26	164	2015	5e-09	4e-06	0
26	164	2015	5e-09	6e-06	-0.875315769
26	164	2015	5e-09	1e-05	-0.862633208
26	164	2015	5e-09	1.4e-05	-0.364843235
26	164	2015	7.5e-09	0	-0.367856801
26	164	2015	7.5e-09	1e-07	-0.369336616
26	164	2015	7.5e-09	2.5e-07	0
26	164	2015	7.5e-09	5e-07	-0.942244136
26	164	2015	7.5e-09	1e-06	-0.872200099
26	164	2015	7.5e-09	2e-06	-0.194966145
26	164	2015	7.5e-09	4e-06	-0.190759743
26	164	2015	7.5e-09	6e-06	-0.193601525
26	164	2015	7.5e-09	1e-05	0
26	164	2015	7.5e-09	1.4e-05	-0.959738588
26	164	2015	1e-08	0	-0.877122249
26	164	2015	1e-08	1e-07	-0.093287674
26	164	2015	1e-08	2.5e-07	-0.064954759
26	164	2015	1e-08	5e-07	-0.066366445
26	164	2015	1e-08	1e-06	0
26	164	2015	1e-08	2e-06	-0.95903091
26	164	2015	1e-08	4e-06	-0.876249383
26	164	2015	1e-08	6e-06	-0.096409457
26	164	2015	1e-08	1e-05	-0.045856911
26	164	2015	1e-08	1.4e-05	-0.047352593
6	164	2015	0	0	0
6	164	2015	0	1e-07	0
6	164	2015	0	2.5e-07	0
6	164	2015	0	5e-07	0
6	164	2015	0	1e-06	0
6	164	2015	0	2e-06	0
6	164	2015	0	4e-06	0
6	164	2015	0	6e-06	-0.015063416
6	164	2015	0	1e-05	-0.0951591010000001
6	164	2015	0	1.4e-05	-0.431090662
6	164	2015	1e-09	0	-0.55045116
6	164	2015	1e-09	1e-07	-0.56943449
6	164	2015	1e-09	2.5e-07	0
6	164	2015	1e-09	5e-07	-0.04656617
6	164	2015	1e-09	1e-06	-0.114207195
6	164	2015	1e-09	2e-06	-0.544817819
6	164	2015	1e-09	4e-06	-0.655865082
6	164	2015	1e-09	6e-06	-0.661916357
6	164	2015	1e-09	1e-05	0
6	164	2015	1e-09	1.4e-05	-0.045222414
6	164	2015	2.5e-09	0	-0.180046924
6	164	2015	2.5e-09	1e-07	-0.493116675
6	164	2015	2.5e-09	2.5e-07	-0.594341252
6	164	2015	2.5e-09	5e-07	-0.578470914
6	164	2015	2.5e-09	1e-06	0
6	164	2015	2.5e-09	2e-06	-0.133574605
6	164	2015	2.5e-09	4e-06	-0.320861177
6	164	2015	2.5e-09	6e-06	-0.51946953
6	164	2015	2.5e-09	1e-05	-0.537220711
6	164	2015	2.5e-09	1.4e-05	-0.562033728
6	164	2015	5e-09	0	0
6	164	2015	5e-09	1e-07	-0.378723519
6	164	2015	5e-09	2.5e-07	-0.491663615
6	164	2015	5e-09	5e-07	-0.287369808
6	164	2015	5e-09	1e-06	-0.328218991
6	164	2015	5e-09	2e-06	-0.329023724
6	164	2015	5e-09	4e-06	0
6	164	2015	5e-09	6e-06	-0.616459165
6	164	2015	5e-09	1e-05	-0.547186904
6	164	2015	5e-09	1.4e-05	-0.234209055
6	164	2015	7.5e-09	0	-0.048534698
6	164	2015	7.5e-09	1e-07	-0.033836188
6	164	2015	7.5e-09	2.5e-07	0
6	164	2015	7.5e-09	5e-07	-0.649633757
6	164	2015	7.5e-09	1e-06	-0.578333832
6	164	2015	7.5e-09	2e-06	-0.244562955
6	164	2015	7.5e-09	4e-06	-0.0485842849999999
6	164	2015	7.5e-09	6e-06	-0.065765888
6	164	2015	7.5e-09	1e-05	0
6	164	2015	7.5e-09	1.4e-05	-0.609082253
6	164	2015	1e-08	0	-0.547437431
6	164	2015	1e-08	1e-07	-0.245696883
6	164	2015	1e-08	2.5e-07	-0.042139141
6	164	2015	1e-08	5e-07	-0.030801257
6	164	2015	1e-08	1e-06	0
6	164	2015	1e-08	2e-06	-0.637546595
6	164	2015	1e-08	4e-06	-0.546115803
6	164	2015	1e-08	6e-06	-0.289662882
6	164	2015	1e-08	1e-05	-0.0649004649999999
6	164	2015	1e-08	1.4e-05	-0.023701805
207	164	2015	0	0	0
207	164	2015	0	1e-07	0
207	164	2015	0	2.5e-07	0
207	164	2015	0	5e-07	0
207	164	2015	0	1e-06	0
207	164	2015	0	2e-06	0
207	164	2015	0	4e-06	0
207	164	2015	0	6e-06	0.00500622299999989
207	164	2015	0	1e-05	0.0246416619999999
207	164	2015	0	1.4e-05	-0.093235368
207	164	2015	1e-09	0	-0.516622019
207	164	2015	1e-09	1e-07	-0.818130299
207	164	2015	1e-09	2.5e-07	0
207	164	2015	1e-09	5e-07	0.0441221699999998
207	164	2015	1e-09	1e-06	-0.076232727
207	164	2015	1e-09	2e-06	-0.155631292
207	164	2015	1e-09	4e-06	-0.596690688
207	164	2015	1e-09	6e-06	-0.829383146
207	164	2015	1e-09	1e-05	0
207	164	2015	1e-09	1.4e-05	-0.00585869500000015
207	164	2015	2.5e-09	0	-0.078960343
207	164	2015	2.5e-09	1e-07	-0.161698568
207	164	2015	2.5e-09	2.5e-07	-0.557156651
207	164	2015	2.5e-09	5e-07	-0.801939022
207	164	2015	2.5e-09	1e-06	0
207	164	2015	2.5e-09	2e-06	-0.0395153910000001
207	164	2015	2.5e-09	4e-06	-0.0872278940000001
207	164	2015	2.5e-09	6e-06	-0.195410672
207	164	2015	2.5e-09	1e-05	-0.726825715
207	164	2015	2.5e-09	1.4e-05	-0.845383355
207	164	2015	5e-09	0	0
207	164	2015	5e-09	1e-07	-0.087647625
207	164	2015	5e-09	2.5e-07	-0.0994373299999999
207	164	2015	5e-09	5e-07	-0.602025786
207	164	2015	5e-09	1e-06	-0.785340914
207	164	2015	5e-09	2e-06	-0.79114683
207	164	2015	5e-09	4e-06	0
207	164	2015	5e-09	6e-06	-0.22795335
207	164	2015	5e-09	1e-05	-0.527716742
207	164	2015	5e-09	1.4e-05	-0.700014566
207	164	2015	7.5e-09	0	-0.618624825
207	164	2015	7.5e-09	1e-07	-0.612968935
207	164	2015	7.5e-09	2.5e-07	0
207	164	2015	7.5e-09	5e-07	-0.631697995
207	164	2015	7.5e-09	1e-06	-0.7793753
207	164	2015	7.5e-09	2e-06	-0.726513515
207	164	2015	7.5e-09	4e-06	-0.312846026
207	164	2015	7.5e-09	6e-06	-0.310626355
207	164	2015	7.5e-09	1e-05	0
207	164	2015	7.5e-09	1.4e-05	-0.865100945
207	164	2015	1e-08	0	-0.873745277
207	164	2015	1e-08	1e-07	-0.73700908
207	164	2015	1e-08	2.5e-07	-0.157976063
207	164	2015	1e-08	5e-07	-0.055268207
207	164	2015	1e-08	1e-06	0
207	164	2015	1e-08	2e-06	-0.861285248
207	164	2015	1e-08	4e-06	-0.851353572
207	164	2015	1e-08	6e-06	-0.731908707
207	164	2015	1e-08	1e-05	-0.143767756
207	164	2015	1e-08	1.4e-05	0.001029593
9	164	2015	0	0	0
9	164	2015	0	1e-07	0
9	164	2015	0	2.5e-07	0
9	164	2015	0	5e-07	0
9	164	2015	0	1e-06	0
9	164	2015	0	2e-06	0
9	164	2015	0	4e-06	0
9	164	2015	0	6e-06	0.00680175700000007
9	164	2015	0	1e-05	-0.00141703199999995
9	164	2015	0	1.4e-05	-0.154991891
9	164	2015	1e-09	0	-0.435548627
9	164	2015	1e-09	1e-07	-0.484278809
9	164	2015	1e-09	2.5e-07	0
9	164	2015	1e-09	5e-07	-0.03326492
9	164	2015	1e-09	1e-06	-0.0641443479999999
9	164	2015	1e-09	2e-06	-0.253051971
9	164	2015	1e-09	4e-06	-0.429638213
9	164	2015	1e-09	6e-06	-0.476149092
9	164	2015	1e-09	1e-05	0
9	164	2015	1e-09	1.4e-05	-0.0142872180000001
9	164	2015	2.5e-09	0	-0.0993586430000001
9	164	2015	2.5e-09	1e-07	-0.276127453
9	164	2015	2.5e-09	2.5e-07	-0.441197298
9	164	2015	2.5e-09	5e-07	-0.474137376
9	164	2015	2.5e-09	1e-06	0
9	164	2015	2.5e-09	2e-06	-0.054496795
9	164	2015	2.5e-09	4e-06	-0.12139247
9	164	2015	2.5e-09	6e-06	-0.319449546
9	164	2015	2.5e-09	1e-05	-0.427023254
9	164	2015	2.5e-09	1.4e-05	-0.448994694
9	164	2015	5e-09	0	0
9	164	2015	5e-09	1e-07	-0.175536761
9	164	2015	5e-09	2.5e-07	-0.225827783
9	164	2015	5e-09	5e-07	-0.317335811
9	164	2015	5e-09	1e-06	-0.313484232
9	164	2015	5e-09	2e-06	-0.349349795
9	164	2015	5e-09	4e-06	0
9	164	2015	5e-09	6e-06	-0.523688063
9	164	2015	5e-09	1e-05	-0.504820444
9	164	2015	5e-09	1.4e-05	-0.395384617
9	164	2015	7.5e-09	0	-0.035966563
9	164	2015	7.5e-09	1e-07	-0.022273722
9	164	2015	7.5e-09	2.5e-07	0
9	164	2015	7.5e-09	5e-07	-0.645049045
9	164	2015	7.5e-09	1e-06	-0.582321729
9	164	2015	7.5e-09	2e-06	-0.464703142
9	164	2015	7.5e-09	4e-06	-0.037330179
9	164	2015	7.5e-09	6e-06	-0.08990971
9	164	2015	7.5e-09	1e-05	0
9	164	2015	7.5e-09	1.4e-05	-0.686952146
9	164	2015	1e-08	0	-0.628068891
9	164	2015	1e-08	1e-07	-0.536417083
9	164	2015	1e-08	2.5e-07	-0.161273308
9	164	2015	1e-08	5e-07	-0.109662675
9	164	2015	1e-08	1e-06	0
9	164	2015	1e-08	2e-06	-0.732744023
9	164	2015	1e-08	4e-06	-0.644726525
9	164	2015	1e-08	6e-06	-0.514804435
9	164	2015	1e-08	1e-05	-0.157888175
9	164	2015	1e-08	1.4e-05	-0.090996102
208	164	2015	0	0	0
208	164	2015	0	1e-07	0
208	164	2015	0	2.5e-07	0
208	164	2015	0	5e-07	0
208	164	2015	0	1e-06	0
208	164	2015	0	2e-06	0
208	164	2015	0	4e-06	0
208	164	2015	0	6e-06	-0.0319347479999999
208	164	2015	0	1e-05	0.0462102720000001
208	164	2015	0	1.4e-05	-0.150858749
208	164	2015	1e-09	0	-0.275947576
208	164	2015	1e-09	1e-07	-0.375960451
208	164	2015	1e-09	2.5e-07	0
208	164	2015	1e-09	5e-07	-0.0196316469999999
208	164	2015	1e-09	1e-06	-0.036070385
208	164	2015	1e-09	2e-06	-0.181274413
208	164	2015	1e-09	4e-06	-0.338044994
208	164	2015	1e-09	6e-06	-0.449358625
208	164	2015	1e-09	1e-05	0
208	164	2015	1e-09	1.4e-05	-0.054498667
208	164	2015	2.5e-09	0	-0.0813575719999999
208	164	2015	2.5e-09	1e-07	-0.228312712
208	164	2015	2.5e-09	2.5e-07	-0.347900845
208	164	2015	2.5e-09	5e-07	-0.413048821
208	164	2015	2.5e-09	1e-06	0
208	164	2015	2.5e-09	2e-06	-0.070390084
208	164	2015	2.5e-09	4e-06	-0.126870091
208	164	2015	2.5e-09	6e-06	-0.253956288
208	164	2015	2.5e-09	1e-05	-0.333985439
208	164	2015	2.5e-09	1.4e-05	-0.346990921
208	164	2015	5e-09	0	0
208	164	2015	5e-09	1e-07	-0.218853026
208	164	2015	5e-09	2.5e-07	-0.291888572
208	164	2015	5e-09	5e-07	-0.327069803
208	164	2015	5e-09	1e-06	-0.353400029
208	164	2015	5e-09	2e-06	-0.346986281
208	164	2015	5e-09	4e-06	0
208	164	2015	5e-09	6e-06	-0.417663188
208	164	2015	5e-09	1e-05	-0.420549202
208	164	2015	5e-09	1.4e-05	-0.315514356
208	164	2015	7.5e-09	0	-0.171530264
208	164	2015	7.5e-09	1e-07	-0.178204381
208	164	2015	7.5e-09	2.5e-07	0
208	164	2015	7.5e-09	5e-07	-0.495908206
208	164	2015	7.5e-09	1e-06	-0.492367824
208	164	2015	7.5e-09	2e-06	-0.393193575
208	164	2015	7.5e-09	4e-06	-0.243103363
208	164	2015	7.5e-09	6e-06	-0.149553459
208	164	2015	7.5e-09	1e-05	0
208	164	2015	7.5e-09	1.4e-05	-0.563512362
208	164	2015	1e-08	0	-0.503035781
208	164	2015	1e-08	1e-07	-0.398631238
208	164	2015	1e-08	2.5e-07	-0.240468767
208	164	2015	1e-08	5e-07	-0.164880994
208	164	2015	1e-08	1e-06	0
208	164	2015	1e-08	2e-06	-0.595493192
208	164	2015	1e-08	4e-06	-0.544351611
208	164	2015	1e-08	6e-06	-0.406557323
208	164	2015	1e-08	1e-05	-0.284500691
208	164	2015	1e-08	1.4e-05	-0.20440463
40	164	2015	0	0	0
40	164	2015	0	1e-07	0
40	164	2015	0	2.5e-07	0
40	164	2015	0	5e-07	0
40	164	2015	0	1e-06	0
40	164	2015	0	2e-06	0
40	164	2015	0	4e-06	0
40	164	2015	0	6e-06	0.0235391120000001
40	164	2015	0	1e-05	-0.107263641
40	164	2015	0	1.4e-05	-0.312587283
40	164	2015	1e-09	0	-0.645431913
40	164	2015	1e-09	1e-07	-0.682623926
40	164	2015	1e-09	2.5e-07	0
40	164	2015	1e-09	5e-07	0.0321403410000001
40	164	2015	1e-09	1e-06	-0.104697938
40	164	2015	1e-09	2e-06	-0.365473026
40	164	2015	1e-09	4e-06	-0.619100639
40	164	2015	1e-09	6e-06	-0.638765175
40	164	2015	1e-09	1e-05	0
40	164	2015	1e-09	1.4e-05	-0.034493734
40	164	2015	2.5e-09	0	-0.170028528
40	164	2015	2.5e-09	1e-07	-0.538141221
40	164	2015	2.5e-09	2.5e-07	-0.652428987
40	164	2015	2.5e-09	5e-07	-0.668270246
40	164	2015	2.5e-09	1e-06	0
40	164	2015	2.5e-09	2e-06	-0.0480981479999998
40	164	2015	2.5e-09	4e-06	-0.226155765
40	164	2015	2.5e-09	6e-06	-0.586313081
40	164	2015	2.5e-09	1e-05	-0.656410586
40	164	2015	2.5e-09	1.4e-05	-0.675243474
40	164	2015	5e-09	0	0
40	164	2015	5e-09	1e-07	-0.143673178
40	164	2015	5e-09	2.5e-07	-0.349738361
40	164	2015	5e-09	5e-07	-0.588699515
40	164	2015	5e-09	1e-06	-0.61598775
40	164	2015	5e-09	2e-06	-0.623529998
40	164	2015	5e-09	4e-06	0
40	164	2015	5e-09	6e-06	-0.348812895
40	164	2015	5e-09	1e-05	-0.614120429
40	164	2015	5e-09	1.4e-05	-0.452751239
40	164	2015	7.5e-09	0	-0.465634196
40	164	2015	7.5e-09	1e-07	-0.476246784
40	164	2015	7.5e-09	2.5e-07	0
40	164	2015	7.5e-09	5e-07	-0.58469753
40	164	2015	7.5e-09	1e-06	-0.636111251
40	164	2015	7.5e-09	2e-06	-0.43175634
40	164	2015	7.5e-09	4e-06	-0.335956103
40	164	2015	7.5e-09	6e-06	-0.34605991
40	164	2015	7.5e-09	1e-05	0
40	164	2015	7.5e-09	1.4e-05	-0.685259032
40	164	2015	1e-08	0	-0.663849022
40	164	2015	1e-08	1e-07	-0.410741314
40	164	2015	1e-08	2.5e-07	-0.101188997
40	164	2015	1e-08	5e-07	-0.105685654
40	164	2015	1e-08	1e-06	0
40	164	2015	1e-08	2e-06	-0.725034914
40	164	2015	1e-08	4e-06	-0.660373866
40	164	2015	1e-08	6e-06	-0.428797155
40	164	2015	1e-08	1e-05	-0.076233748
40	164	2015	1e-08	1.4e-05	-0.039064553
209	164	2015	0	0	0
209	164	2015	0	1e-07	0
209	164	2015	0	2.5e-07	0
209	164	2015	0	5e-07	0
209	164	2015	0	1e-06	0
209	164	2015	0	2e-06	0
209	164	2015	0	4e-06	0
209	164	2015	0	6e-06	-0.0240403720000002
209	164	2015	0	1e-05	-0.18256775
209	164	2015	0	1.4e-05	-0.558855143
209	164	2015	1e-09	0	-0.763723719
209	164	2015	1e-09	1e-07	-0.788961297
209	164	2015	1e-09	2.5e-07	0
209	164	2015	1e-09	5e-07	-0.125374939
209	164	2015	1e-09	1e-06	-0.31468408
209	164	2015	1e-09	2e-06	-0.642093187
209	164	2015	1e-09	4e-06	-0.788789864
209	164	2015	1e-09	6e-06	-0.808280447
209	164	2015	1e-09	1e-05	0
209	164	2015	1e-09	1.4e-05	-0.123385281
209	164	2015	2.5e-09	0	-0.336392694
209	164	2015	2.5e-09	1e-07	-0.676530184
209	164	2015	2.5e-09	2.5e-07	-0.764784177
209	164	2015	2.5e-09	5e-07	-0.785744997
209	164	2015	2.5e-09	1e-06	0
209	164	2015	2.5e-09	2e-06	-0.234507809
209	164	2015	2.5e-09	4e-06	-0.502980212
209	164	2015	2.5e-09	6e-06	-0.690820447
209	164	2015	2.5e-09	1e-05	-0.73378765
209	164	2015	2.5e-09	1.4e-05	-0.74040372
209	164	2015	5e-09	0	0
209	164	2015	5e-09	1e-07	-0.597727301
209	164	2015	5e-09	2.5e-07	-0.533302072
209	164	2015	5e-09	5e-07	-0.459330048
209	164	2015	5e-09	1e-06	-0.462071843
209	164	2015	5e-09	2e-06	-0.439640785
209	164	2015	5e-09	4e-06	0
209	164	2015	5e-09	6e-06	-0.797580277
209	164	2015	5e-09	1e-05	-0.605742717
209	164	2015	5e-09	1.4e-05	-0.245622868
209	164	2015	7.5e-09	0	-0.241112274
209	164	2015	7.5e-09	1e-07	-0.232427731
209	164	2015	7.5e-09	2.5e-07	0
209	164	2015	7.5e-09	5e-07	-0.81682236
209	164	2015	7.5e-09	1e-06	-0.599186252
209	164	2015	7.5e-09	2e-06	-0.262694939
209	164	2015	7.5e-09	4e-06	-0.117193288
209	164	2015	7.5e-09	6e-06	-0.112214893
209	164	2015	7.5e-09	1e-05	0
209	164	2015	7.5e-09	1.4e-05	-0.815958567
209	164	2015	1e-08	0	-0.594318573
209	164	2015	1e-08	1e-07	-0.250128755
209	164	2015	1e-08	2.5e-07	-0.060030369
209	164	2015	1e-08	5e-07	-0.028216576
209	164	2015	1e-08	1e-06	0
209	164	2015	1e-08	2e-06	-0.795891491
209	164	2015	1e-08	4e-06	-0.577603248
209	164	2015	1e-08	6e-06	-0.231279478
209	164	2015	1e-08	1e-05	-0.041046821
209	164	2015	1e-08	1.4e-05	-0.018683224
28	164	2015	0	0	0
28	164	2015	0	1e-07	0
28	164	2015	0	2.5e-07	0
28	164	2015	0	5e-07	0
28	164	2015	0	1e-06	0
28	164	2015	0	2e-06	0
28	164	2015	0	4e-06	0
28	164	2015	0	6e-06	-0.0462770500000001
28	164	2015	0	1e-05	-0.242951325
28	164	2015	0	1.4e-05	-0.576355984
28	164	2015	1e-09	0	-0.828402874
28	164	2015	1e-09	1e-07	-0.877282238
28	164	2015	1e-09	2.5e-07	0
28	164	2015	1e-09	5e-07	-0.038638595
28	164	2015	1e-09	1e-06	-0.269998041
28	164	2015	1e-09	2e-06	-0.624032441
28	164	2015	1e-09	4e-06	-0.828763063
28	164	2015	1e-09	6e-06	-0.861168849
28	164	2015	1e-09	1e-05	0
28	164	2015	1e-09	1.4e-05	-0.118402428
28	164	2015	2.5e-09	0	-0.351517402
28	164	2015	2.5e-09	1e-07	-0.727579474
28	164	2015	2.5e-09	2.5e-07	-0.85132591
28	164	2015	2.5e-09	5e-07	-0.903531032
28	164	2015	2.5e-09	1e-06	0
28	164	2015	2.5e-09	2e-06	-0.129421825
28	164	2015	2.5e-09	4e-06	-0.41285847
28	164	2015	2.5e-09	6e-06	-0.697770312
28	164	2015	2.5e-09	1e-05	-0.803275355
28	164	2015	2.5e-09	1.4e-05	-0.80785698
28	164	2015	5e-09	0	0
28	164	2015	5e-09	1e-07	-0.388048287
28	164	2015	5e-09	2.5e-07	-0.403971525
28	164	2015	5e-09	5e-07	-0.613354946
28	164	2015	5e-09	1e-06	-0.650694127
28	164	2015	5e-09	2e-06	-0.67189074
28	164	2015	5e-09	4e-06	0
28	164	2015	5e-09	6e-06	-0.692867799
28	164	2015	5e-09	1e-05	-0.605244859
28	164	2015	5e-09	1.4e-05	-0.331071739
28	164	2015	7.5e-09	0	-0.20093867
28	164	2015	7.5e-09	1e-07	-0.214811207
28	164	2015	7.5e-09	2.5e-07	0
28	164	2015	7.5e-09	5e-07	-0.770093982
28	164	2015	7.5e-09	1e-06	-0.663538721
28	164	2015	7.5e-09	2e-06	-0.346472156
28	164	2015	7.5e-09	4e-06	-0.077698007
28	164	2015	7.5e-09	6e-06	-0.082712475
28	164	2015	7.5e-09	1e-05	0
28	164	2015	7.5e-09	1.4e-05	-0.829505604
28	164	2015	1e-08	0	-0.694925642
28	164	2015	1e-08	1e-07	-0.355717364
28	164	2015	1e-08	2.5e-07	-0.082164995
28	164	2015	1e-08	5e-07	-0.040857445
28	164	2015	1e-08	1e-06	0
28	164	2015	1e-08	2e-06	-0.830621448
28	164	2015	1e-08	4e-06	-0.693161644
28	164	2015	1e-08	6e-06	-0.337312962
28	164	2015	1e-08	1e-05	-0.080879403
28	164	2015	1e-08	1.4e-05	-0.024165806
210	164	2015	0	0	0
210	164	2015	0	1e-07	0
210	164	2015	0	2.5e-07	0
210	164	2015	0	5e-07	0
210	164	2015	0	1e-06	0
210	164	2015	0	2e-06	0
210	164	2015	0	4e-06	0
210	164	2015	0	6e-06	-0.0382230939999998
210	164	2015	0	1e-05	-0.0719171899999999
210	164	2015	0	1.4e-05	-0.053835574
210	164	2015	1e-09	0	-0.0375679550000001
210	164	2015	1e-09	1e-07	-0.0828109479999999
210	164	2015	1e-09	2.5e-07	0
210	164	2015	1e-09	5e-07	-0.029371807
210	164	2015	1e-09	1e-06	-0.0437164820000001
210	164	2015	1e-09	2e-06	-0.04927443
210	164	2015	1e-09	4e-06	-0.0803128380000001
210	164	2015	1e-09	6e-06	-0.0578789020000001
210	164	2015	1e-09	1e-05	0
210	164	2015	1e-09	1.4e-05	-0.0221947129999999
210	164	2015	2.5e-09	0	-0.04413033
210	164	2015	2.5e-09	1e-07	-0.00799495500000006
210	164	2015	2.5e-09	2.5e-07	-0.040472539
210	164	2015	2.5e-09	5e-07	-0.05544482
210	164	2015	2.5e-09	1e-06	0
210	164	2015	2.5e-09	2e-06	-0.0218488079999999
210	164	2015	2.5e-09	4e-06	-0.040686793
210	164	2015	2.5e-09	6e-06	-0.02738878
210	164	2015	2.5e-09	1e-05	-0.0434742969999999
210	164	2015	2.5e-09	1.4e-05	-0.115196468
210	164	2015	5e-09	0	0
210	164	2015	5e-09	1e-07	-0.0935810849999999
210	164	2015	5e-09	2.5e-07	-0.120542463
210	164	2015	5e-09	5e-07	-0.137331343
210	164	2015	5e-09	1e-06	-0.16037707
210	164	2015	5e-09	2e-06	-0.229716987
210	164	2015	5e-09	4e-06	0
210	164	2015	5e-09	6e-06	-0.279928679
210	164	2015	5e-09	1e-05	-0.325894431
210	164	2015	5e-09	1.4e-05	-0.319407638
210	164	2015	7.5e-09	0	-0.303863855
210	164	2015	7.5e-09	1e-07	-0.343273726
210	164	2015	7.5e-09	2.5e-07	0
210	164	2015	7.5e-09	5e-07	-0.393312448
210	164	2015	7.5e-09	1e-06	-0.448442594
210	164	2015	7.5e-09	2e-06	-0.395920804
210	164	2015	7.5e-09	4e-06	-0.365858741
210	164	2015	7.5e-09	6e-06	-0.39251768
210	164	2015	7.5e-09	1e-05	0
210	164	2015	7.5e-09	1.4e-05	-0.510717161
210	164	2015	1e-08	0	-0.497850381
210	164	2015	1e-08	1e-07	-0.462027557
210	164	2015	1e-08	2.5e-07	-0.448287988
210	164	2015	1e-08	5e-07	-0.488309328
210	164	2015	1e-08	1e-06	0
210	164	2015	1e-08	2e-06	-0.541625215
210	164	2015	1e-08	4e-06	-0.540815708
210	164	2015	1e-08	6e-06	-0.485815995
210	164	2015	1e-08	1e-05	-0.463975463
210	164	2015	1e-08	1.4e-05	-0.507656842
7	164	2015	0	0	0
7	164	2015	0	1e-07	0
7	164	2015	0	2.5e-07	0
7	164	2015	0	5e-07	0
7	164	2015	0	1e-06	0
7	164	2015	0	2e-06	0
7	164	2015	0	4e-06	0
7	164	2015	0	6e-06	-0.037279822
7	164	2015	0	1e-05	-0.0184905579999999
7	164	2015	0	1.4e-05	-0.138869874
7	164	2015	1e-09	0	-0.353978522
7	164	2015	1e-09	1e-07	-0.392578929
7	164	2015	1e-09	2.5e-07	0
7	164	2015	1e-09	5e-07	-0.097026194
7	164	2015	1e-09	1e-06	-0.084990919
7	164	2015	1e-09	2e-06	-0.296505394
7	164	2015	1e-09	4e-06	-0.354012123
7	164	2015	1e-09	6e-06	-0.422591304
7	164	2015	1e-09	1e-05	0
7	164	2015	1e-09	1.4e-05	-0.085379502
7	164	2015	2.5e-09	0	-0.106337119
7	164	2015	2.5e-09	1e-07	-0.267831515
7	164	2015	2.5e-09	2.5e-07	-0.389936778
7	164	2015	2.5e-09	5e-07	-0.375195084
7	164	2015	2.5e-09	1e-06	0
7	164	2015	2.5e-09	2e-06	-0.156918095
7	164	2015	2.5e-09	4e-06	-0.166676345
7	164	2015	2.5e-09	6e-06	-0.337846652
7	164	2015	2.5e-09	1e-05	-0.39232268
7	164	2015	2.5e-09	1.4e-05	-0.347234306
7	164	2015	5e-09	0	0
7	164	2015	5e-09	1e-07	-0.240022572
7	164	2015	5e-09	2.5e-07	-0.409521713
7	164	2015	5e-09	5e-07	-0.392468458
7	164	2015	5e-09	1e-06	-0.375755239
7	164	2015	5e-09	2e-06	-0.360575972
7	164	2015	5e-09	4e-06	0
7	164	2015	5e-09	6e-06	-0.474156984
7	164	2015	5e-09	1e-05	-0.528712576
7	164	2015	5e-09	1.4e-05	-0.288977877
7	164	2015	7.5e-09	0	-0.271606383
7	164	2015	7.5e-09	1e-07	-0.261518751
7	164	2015	7.5e-09	2.5e-07	0
7	164	2015	7.5e-09	5e-07	-0.54882792
7	164	2015	7.5e-09	1e-06	-0.544611834
7	164	2015	7.5e-09	2e-06	-0.277111647
7	164	2015	7.5e-09	4e-06	-0.174756952
7	164	2015	7.5e-09	6e-06	-0.149297911
7	164	2015	7.5e-09	1e-05	0
7	164	2015	7.5e-09	1.4e-05	-0.616063809
7	164	2015	1e-08	0	-0.604127494
7	164	2015	1e-08	1e-07	-0.302822086
7	164	2015	1e-08	2.5e-07	-0.212086164
7	164	2015	1e-08	5e-07	-0.172786877
7	164	2015	1e-08	1e-06	0
7	164	2015	1e-08	2e-06	-0.620694764
7	164	2015	1e-08	4e-06	-0.603791685
7	164	2015	1e-08	6e-06	-0.332288166
7	164	2015	1e-08	1e-05	-0.20753597
7	164	2015	1e-08	1.4e-05	-0.179037163
211	164	2015	0	0	0
211	164	2015	0	1e-07	0
211	164	2015	0	2.5e-07	0
211	164	2015	0	5e-07	0
211	164	2015	0	1e-06	0
211	164	2015	0	2e-06	0
211	164	2015	0	4e-06	0
211	164	2015	0	6e-06	-0.168413757
211	164	2015	0	1e-05	-0.431439976
211	164	2015	0	1.4e-05	-0.970164126
211	164	2015	1e-09	0	-0.973748849
211	164	2015	1e-09	1e-07	-0.973368599
211	164	2015	1e-09	2.5e-07	0
211	164	2015	1e-09	5e-07	-0.18233903
211	164	2015	1e-09	1e-06	-0.395609636
211	164	2015	1e-09	2e-06	-0.989170363
211	164	2015	1e-09	4e-06	-0.9847075
211	164	2015	1e-09	6e-06	-0.98548995
211	164	2015	1e-09	1e-05	0
211	164	2015	1e-09	1.4e-05	-0.18369678
211	164	2015	2.5e-09	0	-0.677051033
211	164	2015	2.5e-09	1e-07	-0.992846304
211	164	2015	2.5e-09	2.5e-07	-0.992262945
211	164	2015	2.5e-09	5e-07	-0.989315447
211	164	2015	2.5e-09	1e-06	0
211	164	2015	2.5e-09	2e-06	-0.219711479
211	164	2015	2.5e-09	4e-06	-0.801245661
211	164	2015	2.5e-09	6e-06	-0.93390239
211	164	2015	2.5e-09	1e-05	-0.933333333
211	164	2015	2.5e-09	1.4e-05	-0.931480106
211	164	2015	5e-09	0	0
211	164	2015	5e-09	1e-07	-0.615428055
211	164	2015	5e-09	2.5e-07	-0.456516069
211	164	2015	5e-09	5e-07	-0.314238349
211	164	2015	5e-09	1e-06	-0.316022836
211	164	2015	5e-09	2e-06	-0.315066508
211	164	2015	5e-09	4e-06	0
211	164	2015	5e-09	6e-06	-0.794522152
211	164	2015	5e-09	1e-05	-0.476048338
211	164	2015	5e-09	1.4e-05	-0.028523181
211	164	2015	7.5e-09	0	-0.023908193
211	164	2015	7.5e-09	1e-07	-0.025041905
211	164	2015	7.5e-09	2.5e-07	0
211	164	2015	7.5e-09	5e-07	-0.801046284
211	164	2015	7.5e-09	1e-06	-0.477207523
211	164	2015	7.5e-09	2e-06	-0.02757241
211	164	2015	7.5e-09	4e-06	-0.008833497
211	164	2015	7.5e-09	6e-06	-0.010253498
211	164	2015	7.5e-09	1e-05	0
211	164	2015	7.5e-09	1.4e-05	-0.802705356
211	164	2015	1e-08	0	-0.47741038
211	164	2015	1e-08	1e-07	-0.027427512
211	164	2015	1e-08	2.5e-07	-0.007523738
211	164	2015	1e-08	5e-07	-0.007186948
211	164	2015	1e-08	1e-06	0
211	164	2015	1e-08	2e-06	-0.800859687
211	164	2015	1e-08	4e-06	-0.476393279
211	164	2015	1e-08	6e-06	-0.027540682
211	164	2015	1e-08	1e-05	-0.004317867
211	164	2015	1e-08	1.4e-05	-0.004657265
186	164	2015	0	0	0
186	164	2015	0	1e-07	0
186	164	2015	0	2.5e-07	0
186	164	2015	0	5e-07	0
186	164	2015	0	1e-06	0
186	164	2015	0	2e-06	0
186	164	2015	0	4e-06	0
186	164	2015	0	6e-06	-0.000996750000000048
186	164	2015	0	1e-05	-0.081194921
186	164	2015	0	1.4e-05	-0.408362822
186	164	2015	1e-09	0	-0.730770689
186	164	2015	1e-09	1e-07	-0.896803851
186	164	2015	1e-09	2.5e-07	0
186	164	2015	1e-09	5e-07	0.0760533399999998
186	164	2015	1e-09	1e-06	-0.0272426660000001
186	164	2015	1e-09	2e-06	-0.361248977
186	164	2015	1e-09	4e-06	-0.713746073
186	164	2015	1e-09	6e-06	-0.837859196
186	164	2015	1e-09	1e-05	0
186	164	2015	1e-09	1.4e-05	-0.0568859810000001
186	164	2015	2.5e-09	0	-0.103262287
186	164	2015	2.5e-09	1e-07	-0.475669887
186	164	2015	2.5e-09	2.5e-07	-0.786821205
186	164	2015	2.5e-09	5e-07	-0.80897184
186	164	2015	2.5e-09	1e-06	0
186	164	2015	2.5e-09	2e-06	-0.0777704200000001
186	164	2015	2.5e-09	4e-06	-0.324800655
186	164	2015	2.5e-09	6e-06	-0.654745977
186	164	2015	2.5e-09	1e-05	-0.791381808
186	164	2015	2.5e-09	1.4e-05	-0.777696815
186	164	2015	5e-09	0	0
186	164	2015	5e-09	1e-07	-0.538542158
186	164	2015	5e-09	2.5e-07	-0.71808441
186	164	2015	5e-09	5e-07	-0.614389226
186	164	2015	5e-09	1e-06	-0.487808259
186	164	2015	5e-09	2e-06	-0.50924985
186	164	2015	5e-09	4e-06	0
186	164	2015	5e-09	6e-06	-0.827706996
186	164	2015	5e-09	1e-05	-0.873419693
186	164	2015	5e-09	1.4e-05	-0.672664524
186	164	2015	7.5e-09	0	-0.279009852
186	164	2015	7.5e-09	1e-07	-0.044128561
186	164	2015	7.5e-09	2.5e-07	0
186	164	2015	7.5e-09	5e-07	-0.863931722
186	164	2015	7.5e-09	1e-06	-0.886028591
186	164	2015	7.5e-09	2e-06	-0.664628703
186	164	2015	7.5e-09	4e-06	-0.287294447
186	164	2015	7.5e-09	6e-06	-0.057890293
186	164	2015	7.5e-09	1e-05	0
186	164	2015	7.5e-09	1.4e-05	-0.866325592
186	164	2015	1e-08	0	-0.883337324
186	164	2015	1e-08	1e-07	-0.642541858
186	164	2015	1e-08	2.5e-07	-0.275968139
186	164	2015	1e-08	5e-07	-0.00149162600000004
186	164	2015	1e-08	1e-06	0
186	164	2015	1e-08	2e-06	-0.888119102
186	164	2015	1e-08	4e-06	-0.871286116
186	164	2015	1e-08	6e-06	-0.619284008
186	164	2015	1e-08	1e-05	-0.232656133
186	164	2015	1e-08	1.4e-05	-0.011657957
212	164	2015	0	0	0
212	164	2015	0	1e-07	0
212	164	2015	0	2.5e-07	0
212	164	2015	0	5e-07	0
212	164	2015	0	1e-06	0
212	164	2015	0	2e-06	0
212	164	2015	0	4e-06	0
212	164	2015	0	6e-06	-0.00897909399999989
212	164	2015	0	1e-05	0.0129105840000001
212	164	2015	0	1.4e-05	0.036691869
212	164	2015	1e-09	0	-0.00645547100000002
212	164	2015	1e-09	1e-07	0.0192202690000001
212	164	2015	1e-09	2.5e-07	0
212	164	2015	1e-09	5e-07	-0.062367706
212	164	2015	1e-09	1e-06	0.00423931799999991
212	164	2015	1e-09	2e-06	-0.0337435810000001
212	164	2015	1e-09	4e-06	-0.000580727999999908
212	164	2015	1e-09	6e-06	0.00299496699999992
212	164	2015	1e-09	1e-05	0
212	164	2015	1e-09	1.4e-05	-0.00724458800000008
212	164	2015	2.5e-09	0	-0.0183655400000001
212	164	2015	2.5e-09	1e-07	-0.012906691
212	164	2015	2.5e-09	2.5e-07	-0.00569625600000009
212	164	2015	2.5e-09	5e-07	-0.00477649200000002
212	164	2015	2.5e-09	1e-06	0
212	164	2015	2.5e-09	2e-06	-0.014702549
212	164	2015	2.5e-09	4e-06	0.000585446999999846
212	164	2015	2.5e-09	6e-06	0.00481720100000004
212	164	2015	2.5e-09	1e-05	0.00789906000000016
212	164	2015	2.5e-09	1.4e-05	-0.00434116999999986
212	164	2015	5e-09	0	0
212	164	2015	5e-09	1e-07	-0.0161018290000001
212	164	2015	5e-09	2.5e-07	-0.0287575990000002
212	164	2015	5e-09	5e-07	-0.0230331390000001
212	164	2015	5e-09	1e-06	-0.0820018049999999
212	164	2015	5e-09	2e-06	-0.092993244
212	164	2015	5e-09	4e-06	0
212	164	2015	5e-09	6e-06	-0.107058353
212	164	2015	5e-09	1e-05	-0.13970205
212	164	2015	5e-09	1.4e-05	-0.205622899
212	164	2015	7.5e-09	0	-0.234186533
212	164	2015	7.5e-09	1e-07	-0.275428054
212	164	2015	7.5e-09	2.5e-07	0
212	164	2015	7.5e-09	5e-07	-0.241620367
212	164	2015	7.5e-09	1e-06	-0.257409826
212	164	2015	7.5e-09	2e-06	-0.33103703
212	164	2015	7.5e-09	4e-06	-0.405112864
212	164	2015	7.5e-09	6e-06	-0.353562268
212	164	2015	7.5e-09	1e-05	0
212	164	2015	7.5e-09	1.4e-05	-0.451765026
212	164	2015	1e-08	0	-0.474294105
212	164	2015	1e-08	1e-07	-0.521798745
212	164	2015	1e-08	2.5e-07	-0.535880251
212	164	2015	1e-08	5e-07	-0.533494136
212	164	2015	1e-08	1e-06	0
212	164	2015	1e-08	2e-06	-0.462948807
212	164	2015	1e-08	4e-06	-0.482557364
212	164	2015	1e-08	6e-06	-0.497288049
212	164	2015	1e-08	1e-05	-0.505668908
212	164	2015	1e-08	1.4e-05	-0.519904047
213	164	2015	0	0	0
213	164	2015	0	1e-07	0
213	164	2015	0	2.5e-07	0
213	164	2015	0	5e-07	0
213	164	2015	0	1e-06	0
213	164	2015	0	2e-06	0
213	164	2015	0	4e-06	0
213	164	2015	0	6e-06	-0.027762397
213	164	2015	0	1e-05	-0.0183338609999998
213	164	2015	0	1.4e-05	-0.0495016
213	164	2015	1e-09	0	-0.238383143
213	164	2015	1e-09	1e-07	-0.408056801
213	164	2015	1e-09	2.5e-07	0
213	164	2015	1e-09	5e-07	-0.0163470030000002
213	164	2015	1e-09	1e-06	-0.0113316800000001
213	164	2015	1e-09	2e-06	-0.0263566220000001
213	164	2015	1e-09	4e-06	-0.185080103
213	164	2015	1e-09	6e-06	-0.42271548
213	164	2015	1e-09	1e-05	0
213	164	2015	1e-09	1.4e-05	-0.036339571
213	164	2015	2.5e-09	0	-0.090651558
213	164	2015	2.5e-09	1e-07	-0.0967680159999999
213	164	2015	2.5e-09	2.5e-07	-0.257955587
213	164	2015	2.5e-09	5e-07	-0.425477674
213	164	2015	2.5e-09	1e-06	0
213	164	2015	2.5e-09	2e-06	-0.0527796140000001
213	164	2015	2.5e-09	4e-06	-0.025915019
213	164	2015	2.5e-09	6e-06	-0.0377443919999999
213	164	2015	2.5e-09	1e-05	-0.160368803
213	164	2015	2.5e-09	1.4e-05	-0.408129144
213	164	2015	5e-09	0	0
213	164	2015	5e-09	1e-07	-0.0689560200000001
213	164	2015	5e-09	2.5e-07	-0.0372618540000001
213	164	2015	5e-09	5e-07	-0.166860989
213	164	2015	5e-09	1e-06	-0.415097061
213	164	2015	5e-09	2e-06	-0.546883827
213	164	2015	5e-09	4e-06	0
213	164	2015	5e-09	6e-06	-0.059586797
213	164	2015	5e-09	1e-05	-0.07020745
213	164	2015	5e-09	1.4e-05	-0.219171825
213	164	2015	7.5e-09	0	-0.548577858
213	164	2015	7.5e-09	1e-07	-0.569143235
213	164	2015	7.5e-09	2.5e-07	0
213	164	2015	7.5e-09	5e-07	-0.177880587
213	164	2015	7.5e-09	1e-06	-0.228787788
213	164	2015	7.5e-09	2e-06	-0.379313147
213	164	2015	7.5e-09	4e-06	-0.387521479
213	164	2015	7.5e-09	6e-06	-0.420804617
213	164	2015	7.5e-09	1e-05	0
213	164	2015	7.5e-09	1.4e-05	-0.511985441
213	164	2015	1e-08	0	-0.508539261
213	164	2015	1e-08	1e-07	-0.548959736
213	164	2015	1e-08	2.5e-07	-0.438091231
213	164	2015	1e-08	5e-07	-0.275303049
213	164	2015	1e-08	1e-06	0
213	164	2015	1e-08	2e-06	-0.574928727
213	164	2015	1e-08	4e-06	-0.579457901
213	164	2015	1e-08	6e-06	-0.578658338
213	164	2015	1e-08	1e-05	-0.452683876
213	164	2015	1e-08	1.4e-05	-0.289395674
39	164	2015	0	0	0
39	164	2015	0	1e-07	0
39	164	2015	0	2.5e-07	0
39	164	2015	0	5e-07	0
39	164	2015	0	1e-06	0
39	164	2015	0	2e-06	0
39	164	2015	0	4e-06	0
39	164	2015	0	6e-06	-0.00173961500000004
39	164	2015	0	1e-05	-0.0171704029999999
39	164	2015	0	1.4e-05	0.059101649
39	164	2015	1e-09	0	-0.0270436549999999
39	164	2015	1e-09	1e-07	-0.0156167000000001
39	164	2015	1e-09	2.5e-07	0
39	164	2015	1e-09	5e-07	-0.02639966
39	164	2015	1e-09	1e-06	-0.0283783059999999
39	164	2015	1e-09	2e-06	-0.0423881859999999
39	164	2015	1e-09	4e-06	-0.044579305
39	164	2015	1e-09	6e-06	-0.0833687449999999
39	164	2015	1e-09	1e-05	0
39	164	2015	1e-09	1.4e-05	0.00982683499999993
39	164	2015	2.5e-09	0	0.0578986509999999
39	164	2015	2.5e-09	1e-07	0.010515357
39	164	2015	2.5e-09	2.5e-07	-0.0237039200000001
39	164	2015	2.5e-09	5e-07	-0.0114950790000002
39	164	2015	2.5e-09	1e-06	0
39	164	2015	2.5e-09	2e-06	-0.0729162280000001
39	164	2015	2.5e-09	4e-06	-0.0428131310000001
39	164	2015	2.5e-09	6e-06	-0.0780855139999998
39	164	2015	2.5e-09	1e-05	-0.110806939
39	164	2015	2.5e-09	1.4e-05	-0.193681611
39	164	2015	5e-09	0	0
39	164	2015	5e-09	1e-07	-0.355014342
39	164	2015	5e-09	2.5e-07	-0.33242136
39	164	2015	5e-09	5e-07	-0.405024235
39	164	2015	5e-09	1e-06	-0.436470838
39	164	2015	5e-09	2e-06	-0.438928983
39	164	2015	5e-09	4e-06	0
39	164	2015	5e-09	6e-06	-0.672168809
39	164	2015	5e-09	1e-05	-0.672301604
39	164	2015	5e-09	1.4e-05	-0.690868368
39	164	2015	7.5e-09	0	-0.645901944
39	164	2015	7.5e-09	1e-07	-0.58448566
39	164	2015	7.5e-09	2.5e-07	0
39	164	2015	7.5e-09	5e-07	-0.751819649
39	164	2015	7.5e-09	1e-06	-0.734303623
39	164	2015	7.5e-09	2e-06	-0.756176983
39	164	2015	7.5e-09	4e-06	-0.692473175
39	164	2015	7.5e-09	6e-06	-0.664999311
39	164	2015	7.5e-09	1e-05	0
39	164	2015	7.5e-09	1.4e-05	-0.784982858
39	164	2015	1e-08	0	-0.776373101
39	164	2015	1e-08	1e-07	-0.7866644
39	164	2015	1e-08	2.5e-07	-0.732285138
39	164	2015	1e-08	5e-07	-0.711240145
39	164	2015	1e-08	1e-06	0
39	164	2015	1e-08	2e-06	-0.812068416
39	164	2015	1e-08	4e-06	-0.777169871
39	164	2015	1e-08	6e-06	-0.797436412
39	164	2015	1e-08	1e-05	-0.77558961
39	164	2015	1e-08	1.4e-05	-0.70515654
