160	106	19	-0.9736	-0.0138	-0.0138	-0.9736
160	106	248	-0.6747	-0.6534	-0.6534	-0.6739
160	106	260	-0.3295	0.0306	0.0306	-0.3289
160	106	262	0.0015	0.0173	0.0173	0.0025
160	106	264	-0.5988	-0.1438	-0.1438	-0.5982
160	106	265	0.0198	0.0198	0.0198	0.0203
160	106	267	-0.0747	0.0306	0.0306	-0.074
160	106	269	-0.5534	0.0306	0.0306	-0.5529
160	106	270	0.0304	0.0306	0.0306	0.0309
160	106	271	0.0306	0.0306	0.0306	0.0316
160	106	274	-0.9597	0	0	-0.9597
160	106	275	-0.9592	0.0005	0.0005	-0.9592
160	106	276	0.0274	0.0306	0.0306	0.0284
160	106	278	-0.8109	0.0306	0.0306	-0.8108
160	106	279	-0.3569	0.0306	0.0306	-0.3563
160	106	280	-0.9597	0	0	-0.9597
160	106	283	-0.0854	-0.0689	-0.0689	-0.0844
160	106	284	-0.1389	0.0306	0.0306	-0.138
160	106	285	-0.9654	-0.0074	-0.0074	-0.9653
160	106	286	-0.2304	0.0306	0.0306	-0.2296
160	106	288	-0.4654	0.0306	0.0306	-0.4648
160	106	289	-0.9223	0.0306	0.0306	-0.9222
160	106	290	-0.0172	-0.0143	-0.0143	-0.0162
160	106	291	-0.2106	0.0306	0.0306	-0.2098
160	106	293	-0.3209	0.0306	0.0306	-0.3202
160	106	294	0.0306	0.0306	0.0306	0.0316
160	106	295	-0.0069	-0.0069	-0.0069	-0.0064
160	106	296	-0.019	0.0212	0.0212	-0.018
160	106	33	-0.9597	0.0001	0.0001	-0.9596
160	106	46	-0.9464	0.0134	0.0134	-0.9464
160	106	48	-0.804	0.0306	0.0306	-0.8039
160	106	61	-0.0852	0.0306	0.0306	-0.0843
160	106	66	-0.4858	0.0306	0.0306	-0.4853
160	106	90	-0.0983	0.0151	0.0151	-0.0978
160	106	92	-0.3333	0.0306	0.0306	-0.3326
160	11	106	-0.9471	0.0128	0.0128	-0.9471
160	11	14	-0.0166	0.0128	0.0128	-0.0156
160	11	248	-0.0085	0.0128	0.0128	-0.0077
160	11	262	-0.003	0.0128	0.0128	-0.0021
160	11	263	-0.962	0.0128	0.0128	-0.9619
160	11	264	-0.4769	-0.0219	-0.022	-0.4763
160	11	268	-0.9257	0.0128	0.0128	-0.9256
160	11	269	-0.5711	0.0128	0.0128	-0.5707
160	11	273	-0.035	0.0104	0.0103	-0.034
160	11	278	-0.8286	0.0128	0.0128	-0.8284
160	11	280	-0.9774	0	0	-0.9774
160	11	283	-0.0572	-0.0408	-0.0408	-0.0563
160	11	284	-0.1567	0.0128	0.0128	-0.1558
160	11	288	-0.4831	0.0128	0.0128	-0.4826
160	11	8	-0.9752	0.0022	0.0022	-0.9752
160	14	106	0.0012	0.0306	0.0306	0.0022
160	14	248	-0.051	0.022	0.022	-0.0502
160	14	267	-0.1359	-0.1055	-0.1063	-0.1343
160	14	268	0.0228	0.0522	0.0522	0.0238
160	14	275	-0.0288	0.0005	0.0005	-0.0279
160	14	277	-0.0173	0.022	0.022	-0.0163
160	14	278	-0.8791	-0.8497	-0.8497	-0.878
160	14	280	-0.0294	0	0	-0.0284
160	14	282	-0.0964	-0.0661	-0.0668	-0.0948
160	14	283	-0.0463	-0.0296	-0.0296	-0.0444
160	14	286	0.7069	0.7368	0.7365	0.7086
160	14	291	0.1458	0.1758	0.1754	0.1475
160	14	293	-0.1514	-0.0056	-0.0056	-0.1505
160	14	295	-0.0296	-0.0296	-0.0296	-0.0282
160	14	33	-0.0293	0.0001	0.0001	-0.0283
160	14	61	0.0649	0.0952	0.0945	0.0667
160	14	63	-0.1677	-0.1381	-0.1383	-0.1666
160	14	66	-0.2161	-0.1863	-0.1866	-0.2146
160	14	8	-0.0272	0.0022	0.0022	-0.0262
160	14	90	0.0702	0.1007	0.0998	0.0716
160	19	14	-0.9551	0.0133	0.0133	-0.955
160	19	264	-0.4536	0.0012	0.0012	-0.4531
160	19	270	0.001	0.0012	0.0012	0.0015
160	19	278	-0.9295	-0.0882	-0.0882	-0.9294
160	19	281	-1.0523	-0.0635	-0.0635	-1.0523
160	19	283	-0.0153	0.0012	0.0012	-0.0143
160	19	285	-0.9565	0.0012	0.0012	-0.9565
160	19	286	-0.2597	0.0012	0.0012	-0.2589
160	19	288	-0.5964	-0.1006	-0.1006	-0.5959
160	19	290	-0.0017	0.0012	0.0012	-0.0007
160	19	66	-0.515	0.0012	0.0012	-0.5145
160	21	106	-0.9597	0	0	-0.9597
160	21	14	-0.0294	0	0	-0.0284
160	21	19	-0.9888	0	0	-0.9888
160	21	261	-0.8454	0	0	-0.8452
160	21	262	-0.0158	0	0	-0.0148
160	21	264	-0.4549	0	0	-0.4543
160	21	265	0	0	0	0.0006
160	21	268	-0.9383	0	0	-0.9383
160	21	269	-0.8791	-0.2953	-0.2953	-0.8787
160	21	275	-0.9895	0	0	-0.9895
160	21	280	-0.99	0	0	-0.99
160	21	281	-1.0118	-0.0218	-0.0218	-1.0118
160	21	284	-0.1694	0	0	-0.1686
160	21	285	-0.9754	-0.0177	-0.0177	-0.9754
160	21	288	-0.5215	-0.0257	-0.0257	-0.521
160	21	290	-0.0029	0	0	-0.0019
160	21	291	-0.2411	0	0	-0.2403
160	21	292	-0.267	0	0	-0.2662
160	21	293	-0.3514	0	0	-0.3507
160	21	294	0	0	0	0.001
160	21	33	-0.9899	0	0	-0.9899
160	21	48	-0.8343	0	0	-0.8342
160	21	63	-0.7941	0	0	-0.794
160	21	8	-0.9878	0	0	-0.9878
160	248	19	-0.0201	0.0012	0.0012	-0.0193
160	248	21	-0.0213	0	0	-0.0205
160	248	259	0.0471	0.0685	0.0685	0.048
160	248	262	0.0194	0.0363	0.0353	0.0211
160	248	263	-0.0057	0.0156	0.0156	-0.005
160	248	264	0.1306	0.1521	0.1521	0.132
160	248	265	0.1371	0.1377	0.1371	0.1384
160	248	267	-0.0898	-0.0683	-0.0683	-0.0884
160	248	268	0.0309	0.0522	0.0522	0.0317
160	248	269	0.0925	0.1139	0.1139	0.0937
160	248	270	-0.0217	-0.0207	-0.0215	-0.0204
160	248	271	-0.0215	-0.0205	-0.0215	-0.0197
160	248	272	0.2253	0.2253	0.2253	0.227
160	248	274	-0.0213	0	0	-0.0205
160	248	275	-0.0208	0.0005	0.0005	-0.02
160	248	278	0.1289	0.1503	0.1503	0.1299
160	248	279	0.2523	0.2737	0.2737	0.2537
160	248	282	0.2594	0.2809	0.2809	0.2609
160	248	283	-0.0381	-0.0214	-0.0215	-0.0364
160	248	284	0.1835	0.205	0.205	0.1851
160	248	285	-0.0044	0.0169	0.0169	-0.0036
160	248	286	-0.285	-0.2635	-0.2635	-0.2834
160	248	287	-0.0798	-0.0069	-0.0069	-0.079
160	248	289	0.0165	0.0378	0.0378	0.0173
160	248	290	0.1021	0.106	0.1051	0.1039
160	248	291	0.2365	0.2579	0.2579	0.238
160	248	292	0.0389	0.0603	0.0603	0.0404
160	248	294	-0.0215	-0.0205	-0.0215	-0.0197
160	248	295	-0.0215	-0.0207	-0.0215	-0.0203
160	248	296	0.0088	0.0098	0.0088	0.0106
160	248	33	-0.0212	0.0001	0.0001	-0.0204
160	248	41	-0.0632	-0.0417	-0.0417	-0.062
160	248	46	-0.0078	0.0134	0.0134	-0.0071
160	248	48	0.0557	0.077	0.077	0.0566
160	248	61	0.1218	0.1433	0.1433	0.1234
160	248	63	-0.1321	-0.1107	-0.1108	-0.1312
160	248	66	0.2398	0.2612	0.2612	0.241
160	248	92	0.3957	0.4171	0.4171	0.3971
160	259	106	-0.8651	0.0188	0.0188	-0.8649
160	259	14	0.0781	0.1075	0.1075	0.0791
160	259	21	-0.8836	0	0	-0.8835
160	259	262	0.0916	0.1075	0.1075	0.0927
160	259	264	-0.3802	0.0752	0.0752	-0.3795
160	259	268	-0.8319	0.0522	0.0522	-0.8317
160	259	269	-0.4769	0.1075	0.1075	-0.4764
160	259	271	0.1075	0.1075	0.1075	0.1086
160	259	272	-0.8925	-0.8925	-0.8925	-0.8915
160	259	273	-0.7022	-0.5303	-0.5304	-0.7013
160	259	274	-0.8836	0	0	-0.8835
160	259	276	0.1043	0.1075	0.1075	0.1054
160	259	278	-0.802	0.0403	0.0402	-0.8017
160	259	279	-0.3332	0.0547	0.0546	-0.3325
160	259	280	-0.8836	0	0	-0.8835
160	259	281	-0.8836	0	0	-0.8835
160	259	282	-0.9454	-0.6816	-0.6816	-0.9447
160	259	288	-1.2232	-0.7268	-0.7269	-1.2226
160	259	289	-0.92	-0.036	-0.036	-0.9198
160	259	290	-0.8955	-0.8925	-0.8925	-0.8944
160	259	293	-1.1397	-0.994	-0.994	-1.1389
160	259	294	-0.8925	-0.8925	-0.8925	-0.8914
160	259	295	0.1075	0.1075	0.1075	0.108
160	259	296	-0.8925	-0.8925	-0.8925	-0.8914
160	259	46	-0.8703	0.0134	0.0134	-0.8702
160	259	61	-0.0084	0.1075	0.1075	-0.0074
160	259	66	-0.4093	0.1075	0.1075	-0.4087
160	259	92	-0.8419	-0.4777	-0.4778	-0.8411
160	260	14	-0.0099	0.022	0.022	-0.0089
160	260	248	-0.0348	-0.0134	-0.0134	-0.0334
160	260	259	-0.3924	-0.0319	-0.032	-0.3916
160	260	262	0.1369	0.1532	0.1528	0.1385
160	260	264	-0.0204	0.3416	0.3415	-0.0192
160	260	270	0.1391	0.1393	0.1393	0.1402
160	260	274	-0.36	0	0	-0.3594
160	260	277	-0.3574	-0.3553	-0.3554	-0.3558
160	260	284	0.4659	0.6368	0.6364	0.4673
160	260	285	-0.3275	0.0326	0.0326	-0.3268
160	260	290	0.211	0.2142	0.214	0.2127
160	260	291	-0.6063	-0.3633	-0.3636	-0.6049
160	260	292	0.0085	0.2775	0.2771	0.0098
160	260	293	-0.1562	-0.1239	-0.124	-0.1543
160	260	37	-0.2375	0.1237	0.1235	-0.2368
160	260	41	0.206	0.5687	0.5683	0.207
160	260	92	-0.5417	-0.1793	-0.1794	-0.5404
160	261	106	-0.9487	-0.1031	-0.1031	-0.9485
160	261	14	-0.9022	0.0156	0.0156	-0.9021
160	261	19	-0.9203	-0.0749	-0.0749	-0.9201
160	261	248	0.1248	0.1461	0.1461	0.1257
160	261	259	-0.7652	0.0812	0.0811	-0.7649
160	261	260	-0.2144	0.1462	0.1461	-0.2137
160	261	264	-0.3094	0.1462	0.1461	-0.3087
160	261	265	0.1461	0.1461	0.1461	0.1468
160	261	271	-0.8539	-0.8538	-0.8539	-0.8528
160	261	272	0.1461	0.1461	0.1461	0.1472
160	261	274	-0.8454	0	0	-0.8452
160	261	275	-0.8449	0.0005	0.0005	-0.8447
160	261	278	-0.6964	0.1462	0.1461	-0.6961
160	261	279	-0.2419	0.1462	0.1461	-0.2411
160	261	280	-0.8759	-0.0306	-0.0306	-0.8758
160	261	281	-0.9535	-0.1081	-0.1081	-0.9533
160	261	282	-0.9132	-0.6493	-0.6493	-0.9124
160	261	283	0.1296	0.1461	0.1461	0.1307
160	261	285	-0.813	0.0326	0.0326	-0.8128
160	261	286	-0.1152	0.1462	0.1461	-0.1143
160	261	287	-0.9246	-0.007	-0.007	-0.9245
160	261	289	-0.8473	-0.0016	-0.0016	-0.8471
160	261	291	-1.0953	-0.8538	-0.8539	-1.0944
160	261	294	0.1461	0.1462	0.1461	0.1472
160	261	295	-0.0722	-0.0722	-0.0722	-0.0716
160	261	33	-0.8453	0.0001	0.0001	-0.8451
160	261	37	-0.9601	-0.2487	-0.2487	-0.9598
160	261	46	-0.8685	-0.023	-0.023	-0.8683
160	261	66	-0.3709	0.1462	0.1461	-0.3703
160	261	8	-0.8432	0.0022	0.0022	-0.8431
160	261	90	-0.9674	-0.8539	-0.8539	-0.9668
160	261	92	-0.3278	0.0365	0.0364	-0.3271
160	262	14	-0.039	-0.0229	-0.023	-0.037
160	262	19	-0.0146	0.0012	0.0012	-0.0136
160	262	261	-0.8697	-0.8538	-0.8539	-0.8686
160	262	264	0.1648	0.1807	0.1806	0.1663
160	262	269	-0.1725	-0.1564	-0.1566	-0.1711
160	262	273	0.5333	0.5494	0.5492	0.5351
160	262	278	0.1344	0.1503	0.1503	0.1355
160	262	279	-0.0429	-0.0268	-0.027	-0.0413
160	262	280	-0.1164	-0.1006	-0.1006	-0.1155
160	262	281	-0.0158	0	0	-0.0148
160	262	282	0.6958	0.7123	0.7117	0.6974
160	262	284	0.2977	0.3138	0.3136	0.2995
160	262	285	0.0168	0.0326	0.0326	0.0178
160	262	286	-0.2794	-0.2633	-0.2635	-0.2777
160	262	287	-0.2397	0	0	-0.2389
160	262	289	0.022	0.0378	0.0378	0.023
160	262	294	-0.016	-0.0157	-0.016	-0.014
160	262	295	0.0727	0.0727	0.0727	0.0741
160	262	296	0.0557	0.0967	0.0962	0.0574
160	262	37	-0.109	-0.0929	-0.0931	-0.1079
160	262	46	-0.0378	-0.022	-0.022	-0.0368
160	262	48	0.1414	0.1573	0.1572	0.1425
160	263	106	-0.9443	0.0156	0.0156	-0.9443
160	263	14	-0.0138	0.0156	0.0156	-0.0128
160	263	21	-1.0153	-0.0407	-0.0407	-1.0153
160	263	259	-0.8682	0.0156	0.0156	-0.8681
160	263	261	-0.8299	0.0156	0.0156	-0.8298
160	263	262	-0.0002	0.0156	0.0156	0.0007
160	263	264	-0.4394	0.0156	0.0156	-0.4388
160	263	265	0.0156	0.0156	0.0156	0.0161
160	263	268	-0.9229	0.0156	0.0156	-0.9228
160	263	269	-0.5817	0.0022	0.0022	-0.5813
160	263	270	0.0154	0.0156	0.0156	0.0159
160	263	276	0.0124	0.0156	0.0156	0.0134
160	263	278	-0.8258	0.0156	0.0156	-0.8257
160	263	280	-0.9746	0	0	-0.9746
160	263	285	-0.9423	0.0156	0.0156	-0.9422
160	263	287	-0.9849	0	0	-0.9849
160	263	288	-0.49	0.0059	0.0059	-0.4895
160	263	290	0.0126	0.0156	0.0156	0.0136
160	263	291	-0.2527	-0.0116	-0.0116	-0.252
160	263	292	-0.2515	0.0156	0.0156	-0.2507
160	263	293	-0.3358	0.0156	0.0156	-0.3352
160	263	294	0.0124	0.0124	0.0124	0.0134
160	263	46	-0.9613	0.0134	0.0134	-0.9613
160	264	14	0.0422	0.072	0.0718	0.0438
160	264	265	0.2478	0.2478	0.2478	0.2489
160	264	268	-0.4029	0.0522	0.0522	-0.4023
160	264	269	-0.6043	-0.1473	-0.1476	-0.6034
160	264	273	-0.1143	0.0584	0.0583	-0.1129
160	264	275	-0.4608	-0.006	-0.006	-0.4603
160	264	278	-0.3053	0.1503	0.1503	-0.3046
160	264	284	0.2493	0.4197	0.4196	0.2506
160	264	286	0.1062	0.3686	0.3685	0.1074
160	264	289	-0.4312	0.0239	0.0238	-0.4306
160	264	290	0.134	0.1369	0.1369	0.1355
160	264	292	0.0928	0.3613	0.3612	0.094
160	264	293	0.0007	0.1467	0.1467	0.0017
160	264	294	0.0328	0.0329	0.0328	0.0344
160	264	33	-0.4548	0.0001	0.0001	-0.4542
160	264	37	-0.4553	0.0011	0.0009	-0.4546
160	264	61	0.0293	0.1457	0.1457	0.0308
160	264	63	-0.8209	-0.3649	-0.3651	-0.8202
160	264	92	-0.0818	0.284	0.2839	-0.0806
160	265	14	0.1806	0.1806	0.1806	0.1821
160	265	259	-0.6839	-0.6839	-0.6839	-0.6832
160	265	260	0.0541	0.0541	0.0541	0.0553
160	265	262	0.0359	0.0359	0.0359	0.0374
160	265	268	0.0522	0.0522	0.0522	0.0528
160	265	269	-0.0207	-0.0207	-0.0207	-0.0197
160	265	272	0	0.0004	0	0.0016
160	265	273	-0.0702	-0.0702	-0.0702	-0.0688
160	265	276	0.2012	0.2012	0.2012	0.2028
160	265	277	-0.0408	-0.0396	-0.0396	-0.0393
160	265	286	0.7365	0.7365	0.7365	0.7378
160	265	287	-0.0012	0	0	-0.0006
160	265	289	-0.0243	-0.0243	-0.0243	-0.0237
160	265	291	0.0535	0.0535	0.0535	0.0549
160	265	294	0	0.0003	0	0.0016
160	265	295	0.2268	0.2271	0.2268	0.2278
160	265	296	0	0.0003	0	0.0016
160	265	37	0.1755	0.1755	0.1755	0.1762
160	265	61	0.3264	0.3264	0.3264	0.3278
160	265	8	0.0022	0.0022	0.0022	0.0027
160	265	92	0.0778	0.0778	0.0778	0.079
160	266	106	-0.955	0	0	-0.955
160	266	14	-0.9573	0	0	-0.9573
160	266	21	-0.9488	0	0	-0.9487
160	266	248	-0.1092	0	0	-0.1085
160	266	259	-0.984	0	0	-0.984
160	266	261	-0.9782	0	0	-0.9782
160	266	262	-0.076	0	0	-0.075
160	266	263	-0.99	0	0	-0.99
160	266	264	-0.8152	0	0	-0.8151
160	266	265	0	0	0	0.0005
160	266	268	0	0	0	0.001
160	266	269	-0.0503	0	0	-0.0493
160	266	270	-0.0688	0	0	-0.0684
160	266	273	-0.0755	0	0	-0.0746
160	266	275	-0.99	0	0	-0.99
160	266	276	0	0	0	0.001
160	266	278	-0.9829	0	0	-0.9829
160	266	279	-0.99	0	0	-0.99
160	266	280	-0.0083	0	0	-0.0073
160	266	281	-0.8675	0	0	-0.8674
160	266	283	-0.056	0	0	-0.0551
160	266	284	-0.0241	0	0	-0.0232
160	266	285	-0.9686	0	0	-0.9686
160	266	286	-0.0863	0	0	-0.0854
160	266	288	-0.3569	0	0	-0.3563
160	266	290	-0.0741	0	0	-0.0732
160	266	291	-0.7111	0	0	-0.7108
160	266	292	-0.6062	0.0298	0.0297	-0.6058
160	266	33	-0.2856	0	0	-0.2852
160	266	46	-0.8055	0	0	-0.8053
160	266	48	-0.9534	0	0	-0.9533
160	266	66	-0.9186	0	0	-0.9186
160	266	8	-0.8519	0	0	-0.8517
160	267	259	0.0021	0.1075	0.1075	0.0029
160	267	260	-0.0494	0.0566	0.0565	-0.0481
160	267	261	0.0296	0.135	0.135	0.0303
160	267	262	-0.0521	-0.0354	-0.0362	-0.0505
160	267	264	-0.0789	0.0269	0.0269	-0.0777
160	267	265	0.2268	0.2269	0.2268	0.228
160	267	268	-0.0867	0.0186	0.0186	-0.086
160	267	273	-0.2795	-0.1733	-0.1734	-0.278
160	267	274	-0.1052	0	0	-0.1046
160	267	276	-0.0148	-0.0109	-0.0116	-0.0132
160	267	277	0.1365	0.1766	0.1761	0.1381
160	267	280	-0.1052	0	0	-0.1046
160	267	281	-0.1217	-0.0165	-0.0165	-0.1211
160	267	283	-0.0134	0.0032	0.0032	-0.0118
160	267	284	0.5075	0.6136	0.6136	0.509
160	267	287	-0.1709	-0.066	-0.066	-0.1703
160	267	289	-0.0675	0.0378	0.0378	-0.0668
160	267	291	-0.2887	-0.1826	-0.1827	-0.2873
160	267	292	0.1498	0.2559	0.2558	0.1512
160	267	294	-0.1063	-0.1055	-0.1063	-0.1047
160	267	295	0.2531	0.2532	0.2531	0.2542
160	267	46	-0.0918	0.0134	0.0134	-0.0911
160	267	61	0.0807	0.187	0.1868	0.0822
160	267	92	0.141	0.247	0.2469	0.1423
160	268	106	-0.908	0.0306	0.0306	-0.908
160	268	19	-0.9371	0.0012	0.0012	-0.9371
160	268	260	-0.308	0.0522	0.0522	-0.3073
160	268	261	-0.7936	0.0522	0.0522	-0.7934
160	268	262	0.0364	0.0522	0.0522	0.0374
160	268	269	-0.5319	0.0522	0.0522	-0.5314
160	268	272	0.0478	0.0478	0.0478	0.0488
160	268	273	-0.1289	0.0428	0.0428	-0.1281
160	268	278	-0.7895	0.0522	0.0522	-0.7893
160	268	283	0.0326	0.049	0.049	0.0336
160	268	284	-0.1173	0.0522	0.0522	-0.1164
160	268	286	-0.2475	0.0135	0.0135	-0.2468
160	268	287	-0.1438	0	0	-0.1429
160	268	288	-0.4438	0.0522	0.0522	-0.4433
160	268	289	-0.9335	0.0052	0.0052	-0.9334
160	268	290	-0.003	0	-0.0001	-0.0019
160	268	291	-0.189	0.0522	0.0522	-0.1882
160	268	37	-0.6585	0.0522	0.0522	-0.6583
160	268	41	-0.3083	0.0522	0.0522	-0.3079
160	268	46	-0.978	-0.0395	-0.0395	-0.9779
160	268	63	-0.7423	0.0522	0.0522	-0.7422
160	269	14	-0.0404	-0.0106	-0.0109	-0.039
160	269	19	-0.5826	0.0012	0.0012	-0.5822
160	269	260	-0.1721	0.1895	0.1893	-0.1711
160	269	261	-0.4385	0.1462	0.1461	-0.438
160	269	267	0.0436	0.1493	0.1493	0.0446
160	269	270	0.1476	0.1478	0.1477	0.1484
160	269	271	-0.1092	-0.1089	-0.1092	-0.1078
160	269	272	0.0487	0.0487	0.0487	0.0501
160	269	273	0.0023	0.1749	0.1746	0.0035
160	269	276	0.2233	0.2267	0.2265	0.2247
160	269	278	-0.4344	0.1503	0.1503	-0.4338
160	269	279	-0.0866	0.3026	0.3024	-0.0856
160	269	281	-0.5838	0	0	-0.5834
160	269	284	0.2402	0.4106	0.4103	0.2415
160	269	285	-0.5513	0.0326	0.0326	-0.5509
160	269	287	-0.026	0	0	-0.025
160	269	288	-0.6873	-0.1892	-0.1895	-0.6864
160	269	290	-0.0401	-0.037	-0.0372	-0.0387
160	269	291	-0.4828	-0.2405	-0.2407	-0.4816
160	269	292	-0.3068	-0.0385	-0.0387	-0.3057
160	269	293	0.0717	0.098	0.0979	0.0735
160	269	295	0.09	0.09	0.09	0.0909
160	269	33	-0.5837	0.0001	0.0001	-0.5833
160	269	37	-0.4554	0.1302	0.13	-0.4549
160	269	46	-0.6218	-0.0379	-0.0379	-0.6214
160	269	48	-0.4275	0.1573	0.1572	-0.4269
160	269	61	0.0544	0.1706	0.1706	0.0556
160	269	92	-0.0166	0.3488	0.3486	-0.0156
160	270	14	0.0887	0.0889	0.0889	0.0902
160	270	21	-0.0002	0	0	0.0003
160	270	259	0.1073	0.1075	0.1075	0.1078
160	270	261	0.1325	0.1326	0.1326	0.1331
160	270	262	0.1701	0.1703	0.1702	0.1715
160	270	264	0.2514	0.2516	0.2516	0.2524
160	270	265	0.4314	0.4319	0.4314	0.4324
160	270	267	-0.0086	-0.0083	-0.0084	-0.0075
160	270	268	0.052	0.0522	0.0522	0.0525
160	270	271	0.0458	0.0462	0.0458	0.0473
160	270	273	-0.014	-0.0138	-0.0139	-0.0127
160	270	274	-0.0002	0	0	0.0003
160	270	275	0.0003	0.0005	0.0005	0.0008
160	270	276	0.1836	0.1837	0.1837	0.185
160	270	278	-0.4398	-0.4396	-0.4396	-0.4392
160	270	279	0.3818	0.382	0.382	0.3829
160	270	280	-0.0002	0	0	0.0003
160	270	281	-0.0002	0	0	0.0003
160	270	283	0.0317	0.0328	0.0319	0.0331
160	270	284	0.2529	0.2531	0.2531	0.2542
160	270	286	0.5321	0.5323	0.5323	0.5333
160	270	287	-0.0383	-0.0107	-0.0107	-0.0378
160	270	290	0.0204	0.0206	0.0206	0.0219
160	270	291	0.6298	0.6299	0.6299	0.631
160	270	292	-0.1743	-0.1741	-0.1741	-0.1731
160	270	293	-0.0288	-0.0286	-0.0286	-0.0277
160	270	295	0.2413	0.2417	0.2413	0.2422
160	270	296	0.2372	0.2649	0.2649	0.2386
160	270	46	0.0133	0.0134	0.0134	0.0137
160	270	66	0.4784	0.4786	0.4786	0.4793
160	270	90	0.1574	0.158	0.1575	0.1583
160	271	14	-0.1767	0.022	0.022	-0.1759
160	271	260	-0.3636	-0.3631	-0.3636	-0.362
160	271	262	0.0879	0.0884	0.0879	0.0899
160	271	264	-0.0909	-0.0907	-0.0909	-0.0894
160	271	265	0	0.0003	0	0.0016
160	271	267	-0.1063	-0.1055	-0.1063	-0.1047
160	271	268	0.1121	0.2571	0.257	0.1137
160	271	272	0	0.0003	0	0.002
160	271	274	-0.263	-0.263	-0.263	-0.262
160	271	275	-0.3103	-0.1117	-0.1117	-0.3095
160	271	278	-0.5322	-0.5322	-0.5322	-0.5311
160	271	280	-0.1722	-0.1722	-0.1722	-0.1712
160	271	281	-0.0038	-0.0038	-0.0038	-0.0028
160	271	285	-0.0888	-0.0888	-0.0888	-0.0878
160	271	288	-0.1658	-0.1656	-0.1658	-0.1643
160	271	291	-0.1409	-0.1405	-0.1409	-0.1392
160	271	292	-0.2697	-0.2693	-0.2697	-0.2679
160	271	294	0.056	0.0563	0.056	0.058
160	271	295	0.4642	0.4802	0.4802	0.4655
160	271	61	0.0934	0.0942	0.0934	0.0953
160	272	106	0.0306	0.0306	0.0306	0.0316
160	272	14	-0.0296	-0.0296	-0.0296	-0.0277
160	272	260	-0.1846	-0.1846	-0.1846	-0.183
160	272	262	0.3302	0.3302	0.3302	0.3322
160	272	264	0.2723	0.2723	0.2723	0.2738
160	272	267	-0.1063	-0.1063	-0.1063	-0.1047
160	272	270	0.0181	0.0185	0.0181	0.0195
160	272	276	-0.0032	-0.0032	-0.0032	-0.0012
160	272	277	-0.0396	-0.0396	-0.0396	-0.0377
160	272	278	0.1503	0.1503	0.1503	0.1514
160	272	279	0.1584	0.1584	0.1584	0.16
160	272	280	0	0	0	0.001
160	272	281	0	0	0	0.001
160	272	284	0.3982	0.3982	0.3982	0.4
160	272	285	0.0326	0.0326	0.0326	0.0336
160	272	287	0	0	0	0.001
160	272	288	0.2371	0.2371	0.2371	0.2386
160	272	290	0.1595	0.1595	0.1595	0.1615
160	272	291	-0.2435	-0.2435	-0.2435	-0.2418
160	272	293	-0.3549	-0.3549	-0.3549	-0.3533
160	272	294	0	0.0004	0	0.002
160	272	296	0	0.0003	0	0.002
160	272	37	-0.0575	-0.0575	-0.0575	-0.0564
160	272	46	0.0134	0.0134	0.0134	0.0144
160	272	61	0.3223	0.3223	0.3223	0.3241
160	272	8	-0.191	-0.191	-0.191	-0.19
160	272	90	0.0348	0.0348	0.0348	0.0362
160	273	106	-0.1411	0.0306	0.0306	-0.1403
160	273	14	-0.0922	-0.0469	-0.0469	-0.0912
160	273	19	-0.032	0.0133	0.0133	-0.0311
160	273	21	-0.0204	0.025	0.025	-0.0194
160	273	248	-0.1856	-0.1641	-0.1641	-0.184
160	273	260	-0.3331	-0.16	-0.1604	-0.3317
160	273	261	-0.6671	-0.4951	-0.4952	-0.6661
160	273	263	-0.206	-0.0343	-0.0343	-0.2052
160	273	271	0.2745	0.3204	0.3202	0.2763
160	273	272	0.0925	0.0925	0.0925	0.0944
160	273	275	-0.1741	-0.0024	-0.0024	-0.1732
160	273	276	-0.1766	-0.1732	-0.1734	-0.1748
160	273	279	-0.564	-0.391	-0.3913	-0.5626
160	273	280	-0.214	-0.0424	-0.0424	-0.2132
160	273	282	0.561	0.7345	0.7338	0.5624
160	273	283	0.336	0.3526	0.3526	0.3378
160	273	287	-0.0453	0	0	-0.0444
160	273	292	0.0188	0.0645	0.0643	0.0201
160	273	295	-0.1734	-0.1734	-0.1734	-0.1721
160	273	296	0.699	0.6995	0.699	0.7008
160	273	33	-0.1715	0.0001	0.0001	-0.1707
160	273	37	0.2529	0.2994	0.2986	0.2542
160	273	48	-0.0147	0.1573	0.1572	-0.0137
160	273	63	0.0956	0.1412	0.141	0.0966
160	273	66	-0.7414	-0.6958	-0.6959	-0.7402
160	274	14	-0.8843	0.022	0.022	-0.8842
160	274	262	-0.0446	-0.0288	-0.0288	-0.0436
160	274	264	-0.4549	0	0	-0.4543
160	274	265	0	0	0	0.0006
160	274	268	-0.9592	-0.0209	-0.0209	-0.9591
160	274	269	-0.5838	0	0	-0.5834
160	274	272	0	0	0	0.001
160	274	273	-0.2159	-0.0443	-0.0443	-0.2151
160	274	275	-1.0071	-0.0176	-0.0176	-1.0071
160	274	276	-0.0032	0	0	-0.0022
160	274	277	0.0455	0.0848	0.0848	0.0466
160	274	279	-0.4427	-0.0553	-0.0553	-0.4421
160	274	282	-0.2635	0	0	-0.2629
160	274	283	-0.0165	0	0	-0.0155
160	274	288	-0.4958	0	0	-0.4953
160	274	289	-0.9674	-0.0148	-0.0148	-0.9674
160	274	290	-0.0029	0	0	-0.0019
160	274	291	-0.2411	0	0	-0.2403
160	274	296	-0.2355	-0.2355	-0.2355	-0.2346
160	274	37	-0.8466	-0.1363	-0.1363	-0.8465
160	274	41	-0.3603	0	0	-0.3599
160	274	61	-0.2674	-0.1517	-0.1517	-0.2666
160	274	8	-1.0142	-0.0263	-0.0263	-1.0142
160	274	90	-0.166	-0.0527	-0.0527	-0.1656
160	274	92	-0.3637	0	0	-0.3631
160	275	259	-0.8831	0.0005	0.0005	-0.883
160	275	260	-0.4495	-0.0895	-0.0895	-0.4489
160	275	262	-0.0153	0.0005	0.0005	-0.0143
160	275	263	-1.052	-0.0774	-0.0774	-1.052
160	275	265	0.0005	0.0005	0.0005	0.0011
160	275	267	-0.1047	0.0005	0.0005	-0.1041
160	275	268	-0.9378	0.0005	0.0005	-0.9378
160	275	269	-0.5886	-0.0048	-0.0048	-0.5882
160	275	272	0.0005	0.0005	0.0005	0.0015
160	275	276	-0.0027	0.0005	0.0005	-0.0017
160	275	279	-0.3869	0.0005	0.0005	-0.3863
160	275	284	-0.1714	-0.002	-0.002	-0.1706
160	275	286	-0.2861	-0.0252	-0.0252	-0.2854
160	275	287	-0.99	0	0	-0.99
160	275	289	-1.0231	-0.0705	-0.0705	-1.023
160	275	290	-0.062	-0.0591	-0.0591	-0.061
160	275	291	-0.2744	-0.0333	-0.0333	-0.2736
160	275	292	-0.2665	0.0005	0.0005	-0.2657
160	275	293	-0.4123	-0.061	-0.061	-0.4117
160	275	294	0.0005	0.0005	0.0005	0.0015
160	275	295	0.0005	0.0005	0.0005	0.001
160	275	37	-0.7098	0.0005	0.0005	-0.7097
160	275	46	-0.9762	0.0005	0.0005	-0.9762
160	275	48	-0.8338	0.0005	0.0005	-0.8337
160	275	61	-0.4707	-0.3549	-0.3549	-0.4698
160	275	8	-0.9873	0.0005	0.0005	-0.9873
160	275	92	-0.5305	-0.1668	-0.1668	-0.5299
160	276	14	-0.0329	-0.0296	-0.0296	-0.0309
160	276	21	-0.034	-0.0308	-0.0308	-0.033
160	276	248	0.0807	0.0849	0.0839	0.0825
160	276	260	-0.2004	-0.1968	-0.1972	-0.1987
160	276	261	0.098	0.1013	0.1012	0.0992
160	276	262	0.3053	0.3088	0.3086	0.3073
160	276	264	0.2351	0.2383	0.2383	0.2366
160	276	268	0.049	0.0522	0.0522	0.05
160	276	271	0.2368	0.2373	0.2368	0.2388
160	276	278	-0.8529	-0.8497	-0.8497	-0.8518
160	276	285	-0.0409	-0.0377	-0.0377	-0.0399
160	276	287	-0.0091	0	0	-0.0081
160	276	288	0.3951	0.3984	0.3983	0.3966
160	276	292	0.3071	0.3105	0.3103	0.3088
160	276	294	-0.0032	-0.0029	-0.0032	-0.0012
160	276	295	-0.0032	-0.0032	-0.0032	-0.0018
160	276	296	0.0661	0.0668	0.0661	0.0681
160	276	37	-0.0183	-0.0148	-0.0151	-0.0172
160	276	41	0.0011	0.0048	0.0043	0.0025
160	276	46	0.0103	0.0134	0.0134	0.0113
160	276	48	0.154	0.1573	0.1572	0.1552
160	277	106	0.0286	0.0306	0.0306	0.0296
160	277	21	-0.002	0	0	-0.001
160	277	248	-0.1133	-0.0728	-0.0737	-0.1116
160	277	259	-0.8946	-0.8925	-0.8925	-0.8935
160	277	261	0.1441	0.1461	0.1461	0.1452
160	277	262	-0.1125	-0.0729	-0.0729	-0.1107
160	277	264	-0.2198	-0.2178	-0.2178	-0.2183
160	277	268	0.0502	0.0522	0.0522	0.0512
160	277	269	0.1748	0.1769	0.1768	0.1762
160	277	270	0.1979	0.2258	0.2257	0.1993
160	277	271	0.8377	0.8385	0.8377	0.8397
160	277	273	0.0243	0.0639	0.0639	0.0262
160	277	275	-0.0696	-0.0304	-0.0304	-0.0687
160	277	276	-0.0488	-0.039	-0.0396	-0.0469
160	277	279	0.6067	0.6087	0.6087	0.6083
160	277	281	-0.002	0	0	-0.001
160	277	285	0.0306	0.0326	0.0326	0.0316
160	277	286	-0.192	-0.19	-0.19	-0.1903
160	277	288	0.1418	0.1813	0.1812	0.1433
160	277	291	-0.4704	-0.4309	-0.431	-0.4689
160	277	294	0.9285	0.9291	0.9285	0.9305
160	277	296	-0.002	-0.0012	-0.002	0
160	277	41	0.0495	0.052	0.0515	0.0509
160	277	46	0.0298	0.069	0.069	0.0308
160	277	61	-0.1189	-0.1166	-0.1169	-0.1171
160	277	90	-0.1165	-0.1137	-0.1145	-0.1151
160	277	92	0.139	0.1411	0.141	0.1406
160	278	21	-0.8413	0	0	-0.8411
160	278	260	-0.2103	0.1503	0.1503	-0.2095
160	278	265	0.1503	0.1503	0.1503	0.151
160	278	267	0.0449	0.1503	0.1503	0.0456
160	278	273	-0.041	0.0043	0.0043	-0.0401
160	278	274	-0.8413	0	0	-0.8411
160	278	275	-0.8407	0.0005	0.0005	-0.8406
160	278	277	0.1482	0.1503	0.1503	0.1494
160	278	284	-1.0194	-0.8497	-0.8497	-1.0184
160	278	286	-0.2133	0.048	0.0479	-0.2124
160	278	289	-0.8038	0.0378	0.0378	-0.8036
160	278	293	-0.1414	0.0043	0.0043	-0.1406
160	278	294	0.1503	0.1503	0.1503	0.1514
160	278	295	0.0734	0.0734	0.0734	0.0741
160	278	37	-0.5611	0.1503	0.1503	-0.5609
160	278	41	-0.2106	0.1503	0.1503	-0.2101
160	278	46	-0.8279	0.0135	0.0134	-0.8278
160	278	61	0.0041	0.12	0.12	0.0051
160	278	92	-0.214	0.1503	0.1503	-0.2132
160	279	11	-0.3747	0.0128	0.0128	-0.3741
160	279	14	-0.4208	-0.391	-0.3913	-0.4193
160	279	19	-0.3862	0.0012	0.0012	-0.3856
160	279	21	-0.3879	-0.0005	-0.0005	-0.3873
160	279	260	0.1072	0.4694	0.4694	0.1084
160	279	263	-0.3719	0.0156	0.0156	-0.3713
160	279	264	0.151	0.5406	0.5406	0.1522
160	279	265	0.127	0.127	0.127	0.1281
160	279	267	-0.4972	-0.3913	-0.3913	-0.4959
160	279	268	-0.3354	0.0522	0.0522	-0.3347
160	279	271	-0.3913	-0.391	-0.3913	-0.3897
160	279	276	0.3876	0.391	0.3908	0.3892
160	279	278	-0.2377	0.1503	0.1503	-0.237
160	279	282	-0.6564	-0.3913	-0.3913	-0.6552
160	279	284	-0.5618	-0.3911	-0.3913	-0.5603
160	279	285	-0.3549	0.0326	0.0326	-0.3543
160	279	287	-0.742	-0.0329	-0.0329	-0.7417
160	279	290	0.4249	0.4279	0.4278	0.4265
160	279	292	-0.438	-0.1692	-0.1693	-0.4366
160	279	295	-0.1703	-0.1703	-0.1703	-0.1693
160	279	63	-0.4698	-0.0814	-0.0816	-0.469
160	279	66	0.0893	0.4787	0.4786	0.0904
160	279	92	-0.3515	0.0146	0.0145	-0.3502
160	280	19	-0.9888	0	0	-0.9888
160	280	248	-0.0213	0	0	-0.0205
160	280	260	-0.36	0	0	-0.3594
160	280	264	-0.6159	-0.161	-0.161	-0.6154
160	280	265	0	0	0	0.0006
160	280	268	-0.9383	0	0	-0.9383
160	280	269	-0.5838	0	0	-0.5834
160	280	274	-0.99	0	0	-0.99
160	280	275	-0.9895	0	0	-0.9895
160	280	276	-0.0032	0	0	-0.0022
160	280	277	-0.0224	-0.0204	-0.0204	-0.0214
160	280	278	-0.8413	0	0	-0.8411
160	280	279	-0.3903	-0.0029	-0.0029	-0.3897
160	280	281	-0.99	0	0	-0.99
160	280	282	-0.2635	0	0	-0.2629
160	280	284	-0.1694	0	0	-0.1686
160	280	285	-0.9577	0	0	-0.9577
160	280	286	-0.2805	-0.0196	-0.0196	-0.2798
160	280	287	-0.0211	-0.0128	-0.0128	-0.0202
160	280	289	-0.9526	0	0	-0.9525
160	280	290	-0.0029	0	0	-0.0019
160	280	291	-0.2411	0	0	-0.2403
160	280	292	-0.3875	-0.1206	-0.1206	-0.3868
160	280	293	0.828	0.8366	0.8364	0.8299
160	280	294	0	0	0	0.001
160	280	296	0.951	0.9594	0.9594	0.9529
160	280	46	-0.9767	0	0	-0.9767
160	280	48	-0.9041	-0.0698	-0.0698	-0.904
160	280	61	-0.1157	0	0	-0.1149
160	280	63	-0.7941	0	0	-0.794
160	280	66	-0.5492	-0.033	-0.033	-0.5487
160	280	92	-0.3637	0	0	-0.3631
160	281	106	-0.9597	0	0	-0.9597
160	281	14	-0.0294	0	0	-0.0284
160	281	248	-0.0213	0	0	-0.0205
160	281	260	-0.381	-0.021	-0.021	-0.3803
160	281	263	-0.9746	0	0	-0.9746
160	281	264	-0.4549	0	0	-0.4543
160	281	265	0	0	0	0.0006
160	281	268	-0.9383	0	0	-0.9383
160	281	273	-0.0389	0.0065	0.0065	-0.0379
160	281	274	-1.0272	-0.0372	-0.0372	-1.0272
160	281	275	-0.9895	0	0	-0.9895
160	281	276	-0.0337	-0.0305	-0.0305	-0.0328
160	281	278	-0.8413	0	0	-0.8411
160	281	279	-0.3874	0	0	-0.3868
160	281	283	-0.0165	0	0	-0.0155
160	281	286	-0.2609	0	0	-0.2601
160	281	287	-0.8966	0	0	-0.8965
160	281	288	-0.5205	-0.0247	-0.0247	-0.52
160	281	289	-0.9526	0	0	-0.9525
160	281	290	-0.041	-0.0381	-0.0381	-0.04
160	281	291	-0.2411	0	0	-0.2403
160	281	294	0	0	0	0.001
160	281	296	-0.0103	0.03	0.03	-0.0092
160	281	37	-0.7183	-0.008	-0.008	-0.7182
160	281	61	-0.1157	0	0	-0.1149
160	281	66	-0.5162	0	0	-0.5158
160	282	106	-0.233	0.0306	0.0306	-0.2323
160	282	260	-0.2921	-0.0268	-0.0269	-0.2908
160	282	264	0.0751	0.34	0.34	0.0762
160	282	265	0.7338	0.7339	0.7338	0.735
160	282	267	-0.2518	-0.1456	-0.1458	-0.2505
160	282	268	-0.2438	0.0198	0.0198	-0.2432
160	282	269	-0.2449	0.0197	0.0196	-0.2439
160	282	270	-0.2187	-0.2184	-0.2185	-0.2176
160	282	271	-0.2662	-0.2655	-0.2662	-0.2645
160	282	272	-0.2662	-0.2662	-0.2662	-0.2645
160	282	275	-0.263	0.0005	0.0005	-0.2623
160	282	276	-0.2513	-0.2475	-0.2481	-0.2497
160	282	277	-0.6555	-0.6162	-0.6162	-0.6545
160	282	278	-0.1136	0.1503	0.1503	-0.1129
160	282	281	-0.2635	0	0	-0.2629
160	282	283	0.2709	0.2875	0.2875	0.2725
160	282	285	-0.2309	0.0326	0.0326	-0.2303
160	282	287	-0.9307	0	0	-0.9307
160	282	288	0.2164	0.4812	0.4812	0.2175
160	282	289	-0.2258	0.0378	0.0378	-0.2251
160	282	290	0.7309	0.7344	0.7338	0.7325
160	282	291	-0.0052	0.2383	0.2377	-0.0038
160	282	292	0.4649	0.7304	0.7303	0.4663
160	282	293	-0.6201	-0.3549	-0.3549	-0.6188
160	282	41	0.1975	0.463	0.4627	0.1986
160	282	46	-0.2501	0.0134	0.0134	-0.2494
160	282	61	0.258	0.375	0.3746	0.2595
160	282	66	0.0351	0.2999	0.2999	0.0362
160	282	8	-0.3184	-0.0549	-0.0549	-0.3178
160	282	90	-0.3803	-0.2661	-0.2662	-0.3792
160	282	92	0.0563	0.3215	0.3215	0.0576
160	283	21	-0.0165	0	0	-0.0155
160	283	259	0.091	0.1075	0.1075	0.092
160	283	260	-0.3802	-0.3636	-0.3636	-0.3786
160	283	262	-0.0326	-0.016	-0.0166	-0.0307
160	283	263	-0.0009	0.0156	0.0156	0
160	283	264	0.2239	0.2404	0.2404	0.2253
160	283	265	-0.0166	-0.0157	-0.0166	-0.0151
160	283	269	-0.0749	-0.0584	-0.0584	-0.0736
160	283	271	-0.0166	-0.0156	-0.0166	-0.0147
160	283	272	0.0839	0.084	0.0839	0.0859
160	283	275	-0.0234	-0.007	-0.007	-0.0225
160	283	276	-0.0133	-0.0091	-0.0101	-0.0114
160	283	277	-0.0187	-0.0157	-0.0166	-0.0167
160	283	278	0.1039	0.1203	0.1203	0.1049
160	283	279	0.2815	0.298	0.298	0.283
160	283	280	-0.0165	0	0	-0.0155
160	283	285	0.0162	0.0326	0.0326	0.0171
160	283	286	-0.2801	-0.2635	-0.2635	-0.2784
160	283	289	-0.0097	0.0068	0.0068	-0.0087
160	283	291	-0.2601	-0.2435	-0.2435	-0.2584
160	283	294	0.1362	0.1372	0.1362	0.1381
160	283	33	-0.0164	0.0001	0.0001	-0.0154
160	283	63	-0.0415	-0.025	-0.025	-0.0404
160	283	66	-0.0428	-0.0262	-0.0262	-0.0414
160	283	8	-0.0143	0.0022	0.0022	-0.0134
160	283	92	0.0893	0.1058	0.1058	0.0908
160	284	14	0.0075	0.022	0.022	0.0085
160	284	19	-0.1682	0.0012	0.0012	-0.1674
160	284	259	-0.1608	0.0089	0.0088	-0.1598
160	284	261	-0.0236	0.1462	0.1461	-0.0226
160	284	263	-0.1539	0.0156	0.0156	-0.153
160	284	265	-0.1711	-0.1711	-0.1711	-0.1697
160	284	271	-0.1711	-0.1707	-0.1711	-0.1693
160	284	273	-0.3442	-0.1732	-0.1734	-0.3425
160	284	274	-0.1694	0	0	-0.1686
160	284	276	0.5115	0.5148	0.5147	0.5133
160	284	277	0.4282	0.4303	0.4302	0.43
160	284	281	-0.1694	0	0	-0.1686
160	284	282	0.1523	0.3236	0.323	0.1538
160	284	283	-0.078	-0.0614	-0.0614	-0.0762
160	284	285	-0.1368	0.0326	0.0326	-0.136
160	284	286	-0.4342	-0.2633	-0.2635	-0.4326
160	284	287	-0.0145	0	0	-0.0135
160	284	289	-0.1321	0.0374	0.0374	-0.1312
160	284	290	0.6971	0.7002	0.7001	0.6989
160	284	291	-0.2531	-0.0821	-0.0824	-0.2515
160	284	292	0.2344	0.4053	0.405	0.2359
160	284	293	-0.1618	-0.1468	-0.1472	-0.16
160	284	294	0.0626	0.0628	0.0626	0.0644
160	284	296	-0.1711	-0.1706	-0.1711	-0.1693
160	284	33	-0.1693	0.0001	0.0001	-0.1685
160	284	41	-0.1341	0.037	0.0364	-0.1328
160	284	46	-0.1921	-0.0227	-0.0227	-0.1913
160	284	48	-0.0124	0.1573	0.1572	-0.0115
160	284	61	0.045	0.1617	0.1617	0.0467
160	284	63	-0.2734	-0.1035	-0.1036	-0.2725
160	285	14	-0.9285	0.022	0.022	-0.9285
160	285	259	-0.8532	0.0307	0.0307	-0.8531
160	285	264	-0.448	0.007	0.007	-0.4474
160	285	265	0.0102	0.0102	0.0102	0.0108
160	285	267	-0.0726	0.0326	0.0326	-0.072
160	285	268	-0.906	0.0326	0.0326	-0.9059
160	285	270	0.0194	0.0196	0.0196	0.0199
160	285	273	-0.1391	0.0326	0.0326	-0.1382
160	285	274	-0.9577	0	0	-0.9577
160	285	275	-0.9572	0.0005	0.0005	-0.9572
160	285	278	-0.8089	0.0326	0.0326	-0.8087
160	285	281	-1.0308	-0.0731	-0.0731	-1.0307
160	285	288	-0.5157	-0.0197	-0.0198	-0.5152
160	285	290	0.0297	0.0326	0.0326	0.0307
160	285	291	-0.2337	0.0075	0.0075	-0.2329
160	285	294	0.0326	0.0326	0.0326	0.0337
160	285	295	0.0326	0.0326	0.0326	0.0331
160	285	37	-0.6779	0.0326	0.0326	-0.6778
160	285	63	-0.7618	0.0326	0.0326	-0.7616
160	285	66	-0.4838	0.0326	0.0326	-0.4833
160	285	90	-0.0807	0.0326	0.0326	-0.0803
160	285	92	-0.3312	0.0326	0.0326	-0.3306
160	286	11	-0.2481	0.0128	0.0128	-0.2474
160	286	21	-0.2609	0	0	-0.2601
160	286	259	-0.1537	0.1075	0.1075	-0.1529
160	286	260	-0.1049	0.158	0.1576	-0.1036
160	286	263	-0.2454	0.0156	0.0156	-0.2446
160	286	267	-0.3695	-0.2635	-0.2635	-0.3681
160	286	269	-0.3162	-0.054	-0.0543	-0.3151
160	286	271	-0.1734	-0.1731	-0.1734	-0.1717
160	286	272	-0.2635	-0.2635	-0.2635	-0.2618
160	286	273	-0.4364	-0.2633	-0.2635	-0.4348
160	286	274	-0.2609	0	0	-0.2601
160	286	276	0.2714	0.2748	0.2746	0.2732
160	286	279	-0.2876	-0.0248	-0.0251	-0.2862
160	286	282	-0.0408	0.2226	0.222	-0.0394
160	286	285	-0.2283	0.0326	0.0326	-0.2276
160	286	288	0.1513	0.4652	0.4651	0.1524
160	286	289	-0.2232	0.0378	0.0378	-0.2224
160	286	291	-0.3073	-0.0643	-0.0644	-0.3058
160	286	292	0.0072	0.2702	0.27	0.0086
160	286	296	0.7365	0.7369	0.7365	0.7382
160	286	33	-0.2608	0.0001	0.0001	-0.2601
160	286	37	-0.3017	-0.0399	-0.0401	-0.3009
160	286	63	-0.1035	0.1581	0.1579	-0.1026
160	286	66	-0.1171	0.1452	0.145	-0.1159
160	286	8	-0.2687	-0.0079	-0.0079	-0.268
160	287	106	-1.0163	-0.0473	-0.0473	-1.0162
160	287	14	-0.9573	0	0	-0.9573
160	287	21	-0.9989	-0.0337	-0.0337	-0.9989
160	287	259	-0.984	0	0	-0.984
160	287	260	-0.0531	0	0	-0.0522
160	287	264	-0.8326	0	0	-0.8325
160	287	266	-0.9606	0	0	-0.9605
160	287	271	-0.28	-0.0814	-0.0814	-0.2793
160	287	274	-0.9061	0	0	-0.906
160	287	277	-0.0431	-0.0038	-0.0038	-0.0421
160	287	278	-0.9829	0	0	-0.9829
160	287	283	-0.072	-0.0385	-0.0385	-0.0711
160	287	285	-1.0204	-0.07	-0.07	-1.0203
160	287	286	-0.3123	0	0	-0.3116
160	287	288	-0.4944	0	0	-0.4939
160	287	289	-0.0571	-0.0303	-0.0303	-0.0561
160	287	291	-0.4266	0	0	-0.4261
160	287	292	-0.6358	0	0	-0.6354
160	287	294	-0.0482	-0.0063	-0.0063	-0.0472
160	287	295	0	0	0	0.0005
160	287	296	-0.0112	0	0	-0.0102
160	287	37	-0.1639	0	0	-0.1635
160	287	41	-0.088	0	0	-0.0875
160	287	63	-0.8558	-0.0511	-0.0511	-0.8557
160	287	90	-0.1697	-0.1156	-0.1156	-0.1692
160	287	92	-0.0212	0	0	-0.0202
160	288	14	-0.5303	-0.5006	-0.5008	-0.5288
160	288	248	0.4778	0.4992	0.4992	0.4791
160	288	260	-0.8626	-0.5008	-0.5008	-0.8615
160	288	261	-0.3653	0.1313	0.1312	-0.3647
160	288	262	-0.5167	-0.5007	-0.5008	-0.5152
160	288	264	-0.533	-0.0757	-0.0758	-0.5319
160	288	265	0.3544	0.3556	0.3556	0.3555
160	288	267	0.3701	0.4759	0.4759	0.3713
160	288	270	-0.4851	-0.4849	-0.4849	-0.4841
160	288	273	-0.6733	-0.5006	-0.5008	-0.672
160	288	275	-0.4944	0	0	-0.4939
160	288	278	-0.5387	-0.0422	-0.0422	-0.5381
160	288	279	-0.8901	-0.5007	-0.5008	-0.889
160	288	280	-0.4958	0	0	-0.4953
160	288	283	-0.4763	-0.4598	-0.4598	-0.4749
160	288	284	0.329	0.4993	0.4992	0.3303
160	288	291	-0.738	-0.4957	-0.4958	-0.7368
160	288	295	-0.4103	-0.4103	-0.4103	-0.4094
160	288	296	-0.5008	-0.5005	-0.5008	-0.4993
160	288	41	-0.4713	-0.1091	-0.1091	-0.4704
160	288	46	-0.4824	0.0135	0.0134	-0.4819
160	288	61	-0.5689	-0.0733	-0.0735	-0.5682
160	288	66	-0.0196	0.4788	0.4786	-0.0186
160	288	8	-0.5035	-0.0077	-0.0077	-0.503
160	289	14	0.0059	0.022	0.022	0.0069
160	289	21	-0.9526	0	0	-0.9525
160	289	260	-0.3223	0.0378	0.0378	-0.3217
160	289	269	-0.5462	0.0378	0.0378	-0.5458
160	289	270	0.0112	0.0114	0.0114	0.0117
160	289	271	0.0378	0.0378	0.0378	0.0388
160	289	272	-0.0498	-0.0498	-0.0498	-0.0487
160	289	273	0.0327	0.0489	0.0489	0.0346
160	289	276	-0.2767	-0.2734	-0.2735	-0.2756
160	289	277	0.0358	0.0378	0.0378	0.0368
160	289	279	-0.3504	0.0372	0.0371	-0.3498
160	289	285	-0.933	0.0199	0.0199	-0.9329
160	289	288	-0.4582	0.0378	0.0378	-0.4576
160	289	290	0.0134	0.0163	0.0163	0.0144
160	289	61	-0.7657	-0.6499	-0.6499	-0.7648
160	289	66	-0.6548	-0.1383	-0.1383	-0.6542
160	289	92	-0.3261	0.0378	0.0378	-0.3254
160	290	11	-0.0018	0.0012	0.0012	-0.0008
160	290	14	-0.0326	-0.0296	-0.0296	-0.0306
160	290	261	0.1432	0.1462	0.1461	0.1443
160	290	262	0.4116	0.4147	0.4146	0.4136
160	290	265	0.4157	0.4157	0.4157	0.4173
160	290	267	-0.1092	-0.1056	-0.1063	-0.1076
160	290	271	0.3773	0.4574	0.4573	0.379
160	290	273	0.4596	0.4626	0.4625	0.4614
160	290	276	-0.0062	-0.003	-0.0032	-0.0042
160	290	277	0.9023	0.9045	0.9043	0.9043
160	290	278	0.1473	0.1503	0.1503	0.1485
160	290	283	-0.0196	-0.0156	-0.0166	-0.0176
160	290	286	-0.2664	-0.2634	-0.2635	-0.2647
160	290	287	-0.1458	-0.0664	-0.0664	-0.1449
160	290	288	0.2376	0.2406	0.2406	0.2391
160	290	292	-0.2726	-0.2695	-0.2697	-0.2709
160	290	295	-0.0029	-0.0029	-0.0029	-0.0015
160	290	296	0.1255	0.1668	0.1661	0.1274
160	290	33	-0.0087	-0.0058	-0.0058	-0.0077
160	290	37	0.1117	0.1149	0.1146	0.1128
160	290	63	-0.1562	-0.1531	-0.1533	-0.1551
160	290	8	-0.0007	0.0022	0.0022	0.0003
160	291	259	-0.2716	-0.0302	-0.0303	-0.2708
160	291	262	-0.2594	-0.2432	-0.2435	-0.2577
160	291	264	-0.0055	0.2369	0.2369	-0.0042
160	291	273	-0.2086	-0.0353	-0.0357	-0.207
160	291	276	0.6091	0.6125	0.6123	0.6108
160	291	278	-0.151	0.0904	0.0904	-0.1501
160	291	279	-0.2483	-0.0056	-0.0058	-0.247
160	291	289	-0.2034	0.0378	0.0378	-0.2026
160	291	290	0.655	0.6581	0.6579	0.6567
160	291	295	-0.2435	-0.2435	-0.2435	-0.2423
160	291	296	-0.2435	-0.243	-0.2435	-0.2418
160	291	41	-0.3633	-0.1201	-0.1207	-0.3621
160	291	8	-0.279	-0.038	-0.038	-0.2783
160	292	106	-0.2365	0.0306	0.0306	-0.2357
160	292	14	-0.6139	0.022	0.022	-0.6136
160	292	259	-0.1598	0.1075	0.1075	-0.159
160	292	261	-1.1213	-0.8538	-0.8539	-1.1204
160	292	262	0.0924	0.1085	0.1083	0.0941
160	292	265	-0.2697	-0.2697	-0.2697	-0.2684
160	292	268	-0.2149	0.0522	0.0522	-0.2141
160	292	272	-0.0018	-0.0018	-0.0018	-0.0001
160	292	274	-0.267	0	0	-0.2662
160	292	277	0.0925	0.1319	0.1319	0.0938
160	292	278	-0.1171	0.1503	0.1503	-0.1163
160	292	281	-0.267	0	0	-0.2662
160	292	283	0.2532	0.2698	0.2698	0.2549
160	292	285	-0.2344	0.0326	0.0326	-0.2337
160	292	288	0.2309	0.4993	0.4992	0.2321
160	292	289	-0.2293	0.0378	0.0378	-0.2285
160	292	291	0.3288	0.5719	0.5717	0.3303
160	292	293	-0.004	0.1423	0.1423	-0.0028
160	292	295	0.6585	0.6585	0.6585	0.6597
160	292	296	-0.2697	-0.2692	-0.2697	-0.2679
160	292	37	-0.2491	0.0189	0.0186	-0.2482
160	292	46	-0.2536	0.0134	0.0134	-0.2528
160	292	8	-0.2648	0.0022	0.0022	-0.2641
160	292	90	0.0337	0.1479	0.1479	0.0349
160	293	11	-0.3386	0.0128	0.0128	-0.338
160	293	19	-0.3501	0.0012	0.0012	-0.3495
160	293	248	0.5782	0.5996	0.5996	0.5796
160	293	261	-0.2058	0.1462	0.1461	-0.205
160	293	262	-0.3708	-0.3546	-0.3549	-0.3692
160	293	265	-0.3549	-0.3549	-0.3549	-0.3537
160	293	266	-0.116	0.0297	0.0297	-0.1152
160	293	267	0.0214	0.1273	0.1273	0.0229
160	293	268	-0.2993	0.0522	0.0522	-0.2986
160	293	271	0.597	0.7439	0.7439	0.5986
160	293	273	0.0225	0.0687	0.0683	0.0243
160	293	274	-0.3514	0	0	-0.3507
160	293	276	-0.1564	-0.1469	-0.1472	-0.1545
160	293	277	-0.1868	-0.1471	-0.1472	-0.185
160	293	279	0.247	0.6007	0.6005	0.2483
160	293	281	-0.0516	0.0943	0.0943	-0.0506
160	293	283	-0.1193	-0.0854	-0.0854	-0.1175
160	293	285	-0.3188	0.0326	0.0326	-0.3182
160	293	286	-0.6175	-0.3546	-0.3549	-0.6161
160	293	287	-0.1816	-0.0359	-0.0359	-0.1808
160	293	288	0.1461	0.4993	0.4992	0.1472
160	293	289	-0.3137	0.0378	0.0378	-0.313
160	293	290	-0.3578	-0.3547	-0.3549	-0.3562
160	293	291	-0.4511	-0.2082	-0.2085	-0.4497
160	293	294	0.5837	0.5839	0.5837	0.5853
160	293	295	-0.3549	-0.3549	-0.3549	-0.3538
160	293	296	-0.1571	-0.116	-0.1166	-0.1553
160	293	33	-0.4111	-0.0597	-0.0597	-0.4104
160	293	37	-0.4885	-0.1359	-0.1362	-0.4878
160	293	41	0.6474	0.7362	0.7362	0.6488
160	293	90	-0.2816	-0.1675	-0.1675	-0.2805
160	294	14	0.1453	0.1454	0.1453	0.1472
160	294	260	0.0011	0.0015	0.0011	0.0028
160	294	268	0.0522	0.0522	0.0522	0.0532
160	294	269	-0.5897	-0.5894	-0.5897	-0.5883
160	294	270	0.354	0.3544	0.354	0.3555
160	294	273	0.4479	0.448	0.4479	0.4497
160	294	274	0	0	0	0.001
160	294	279	-0.3913	-0.3911	-0.3913	-0.3897
160	294	282	0.6155	0.6161	0.6155	0.6172
160	294	286	-0.2171	-0.2169	-0.2171	-0.2153
160	294	288	-0.1468	-0.1467	-0.1468	-0.1453
160	294	289	0.0378	0.0378	0.0378	0.0388
160	294	290	0.0679	0.0684	0.0679	0.0699
160	294	291	0.1895	0.1898	0.1895	0.1913
160	294	292	0.2555	0.2557	0.2555	0.2572
160	294	295	0	0.0003	0	0.0015
160	294	296	0.1203	0.1206	0.1203	0.1223
160	294	37	-0.2449	-0.2447	-0.2449	-0.2438
160	294	90	-0.0585	-0.0577	-0.0585	-0.0571
160	295	260	0.6364	0.6364	0.6364	0.6375
160	295	264	-0.0363	-0.0363	-0.0363	-0.0353
160	295	268	0.0522	0.0522	0.0522	0.0527
160	295	272	0.1417	0.1421	0.1417	0.1432
160	295	274	0	0	0	0.0005
160	295	277	0.998	0.998	0.998	0.9994
160	295	280	0	0	0	0.0005
160	295	281	0	0	0	0.0005
160	295	282	0.7021	0.7022	0.7021	0.7032
160	295	283	0.0394	0.0403	0.0394	0.0408
160	295	284	-0.1527	-0.1527	-0.1527	-0.1515
160	295	286	-0.2635	-0.2635	-0.2635	-0.2623
160	295	289	0.0378	0.0378	0.0378	0.0383
160	295	296	-0.0566	-0.0406	-0.0406	-0.0552
160	295	41	-0.0707	-0.0705	-0.0707	-0.0698
160	295	61	0.032	0.0321	0.032	0.0333
160	295	66	0.4191	0.4191	0.4191	0.42
160	296	14	-0.0182	0.022	0.022	-0.0173
160	296	260	-0.3636	-0.3631	-0.3636	-0.362
160	296	261	-0.2345	-0.1943	-0.1943	-0.2335
160	296	264	0.0122	0.0125	0.0122	0.0137
160	296	267	0.2405	0.2819	0.2811	0.2421
160	296	268	0.189	0.2301	0.2296	0.1908
160	296	269	0.1921	0.1924	0.1921	0.1935
160	296	271	0	0.0003	0	0.002
160	296	275	-0.0684	-0.0282	-0.0282	-0.0675
160	296	278	-0.0359	0.0043	0.0043	-0.0349
160	296	279	-0.3578	-0.3173	-0.3175	-0.3566
160	296	282	-0.2662	-0.2655	-0.2662	-0.2645
160	296	283	-0.0745	-0.0406	-0.0406	-0.0726
160	296	285	-0.0001	0.0401	0.0401	0.0009
160	296	289	-0.0737	-0.0737	-0.0737	-0.0727
160	296	46	-0.0302	0.01	0.01	-0.0292
160	296	66	-0.7363	-0.6957	-0.6959	-0.735
160	296	90	-0.0952	-0.0537	-0.0547	-0.0938
160	296	92	-0.062	-0.0406	-0.0406	-0.06
160	33	259	-0.9734	-0.0898	-0.0898	-0.9733
160	33	262	-0.0157	0.0001	0.0001	-0.0147
160	33	263	-0.9745	0.0001	0.0001	-0.9745
160	33	268	-0.9382	0.0001	0.0001	-0.9382
160	33	278	-0.8412	0.0001	0.0001	-0.841
160	33	279	-0.3873	0.0001	0.0001	-0.3867
160	33	280	-0.9899	0	0	-0.9899
160	33	281	-0.9899	0	0	-0.9899
160	33	285	-0.9576	0.0001	0.0001	-0.9576
160	33	288	-0.5976	-0.1018	-0.1018	-0.5971
160	33	46	-0.9766	0.0001	0.0001	-0.9766
160	37	106	-0.68	0.0306	0.0306	-0.6798
160	37	14	-0.1385	-0.1088	-0.1091	-0.1374
160	37	248	0.0648	0.0861	0.0861	0.0657
160	37	259	-0.6248	0.0863	0.0863	-0.6245
160	37	267	-0.278	-0.1723	-0.1724	-0.2772
160	37	270	0.0223	0.0226	0.0225	0.0229
160	37	271	-0.3729	-0.3726	-0.3729	-0.3717
160	37	277	0.0122	0.0145	0.0142	0.0133
160	37	279	-0.6068	-0.218	-0.2183	-0.6061
160	37	280	-0.7535	-0.0432	-0.0432	-0.7534
160	37	282	0.0183	0.2827	0.2825	0.019
160	37	283	-0.1586	-0.1421	-0.1421	-0.1576
160	37	284	0.0542	0.2243	0.2241	0.0551
160	37	288	-0.3425	0.155	0.1547	-0.3419
160	37	289	-0.7691	-0.0585	-0.0585	-0.769
160	37	291	0.0371	0.2791	0.2789	0.038
160	37	295	-0.095	-0.0949	-0.095	-0.0944
160	37	296	-0.0033	-0.003	-0.0033	-0.0022
160	37	61	-0.603	-0.4867	-0.4869	-0.602
160	41	106	-0.3298	0.0306	0.0306	-0.3294
160	41	14	-0.0016	0.0285	0.0279	-0.0002
160	41	259	-0.2532	0.1075	0.1075	-0.2528
160	41	261	-0.2147	0.1461	0.1461	-0.2142
160	41	262	0.0105	0.027	0.0264	0.0119
160	41	264	0.013	0.3753	0.3753	0.0139
160	41	265	0.2477	0.2477	0.2477	0.2486
160	41	267	-0.0902	0.0159	0.0157	-0.0892
160	41	269	-0.1028	0.259	0.259	-0.102
160	41	270	0.1846	0.1849	0.1848	0.1855
160	41	271	0.065	0.0656	0.065	0.0664
160	41	272	0.0217	0.0217	0.0217	0.023
160	41	273	-0.1528	0.0205	0.0199	-0.1516
160	41	275	-0.3598	0.0005	0.0005	-0.3594
160	41	279	-0.1922	0.1703	0.1703	-0.1912
160	41	280	-0.3603	0	0	-0.3599
160	41	281	-0.3603	0	0	-0.3599
160	41	283	0.2547	0.2713	0.2713	0.2561
160	41	285	-0.3278	0.0326	0.0326	-0.3274
160	41	286	-0.4589	-0.1958	-0.1964	-0.4578
160	41	289	-0.3611	-0.0006	-0.0006	-0.3606
160	41	290	0.151	0.1545	0.154	0.1524
160	41	292	0.115	0.3842	0.3837	0.1161
160	41	294	-0.3007	-0.3001	-0.3007	-0.2993
160	41	296	0.3596	0.3602	0.3596	0.361
160	41	37	-0.5594	-0.1979	-0.198	-0.5589
160	41	46	-0.3469	0.0134	0.0134	-0.3465
160	41	61	-0.1375	-0.0207	-0.0211	-0.1363
160	41	66	0.071	0.433	0.433	0.0718
160	41	8	-0.4539	-0.0936	-0.0936	-0.4536
160	41	90	0.0949	0.209	0.2089	0.0957
160	41	92	0.064	0.4266	0.4266	0.065
160	46	11	-0.964	0.0128	0.0128	-0.964
160	46	14	-0.8914	0.022	0.022	-0.8913
160	46	19	-0.9759	0.0008	0.0008	-0.9759
160	46	21	-0.9767	0	0	-0.9767
160	46	260	-0.3466	0.0134	0.0134	-0.346
160	46	264	-0.5148	-0.0599	-0.0599	-0.5143
160	46	265	0.0134	0.0134	0.0134	0.014
160	46	271	0.0134	0.0135	0.0134	0.0145
160	46	273	-0.1582	0.0135	0.0134	-0.1574
160	46	274	-0.9767	0	0	-0.9767
160	46	279	-0.4097	-0.0222	-0.0222	-0.4091
160	46	281	-1.0323	-0.0556	-0.0556	-1.0323
160	46	283	-0.003	0.0134	0.0134	-0.0021
160	46	285	-0.9444	0.0135	0.0134	-0.9443
160	46	286	-0.4522	-0.1913	-0.1913	-0.4515
160	46	287	-0.9131	0	0	-0.9131
160	46	289	-0.9393	0.0134	0.0134	-0.9392
160	46	290	0.0105	0.0134	0.0134	0.0115
160	46	291	-0.2277	0.0134	0.0134	-0.2269
160	46	293	-0.1365	0.0094	0.0094	-0.1356
160	46	294	0.0134	0.0134	0.0134	0.0145
160	46	295	-0.0034	-0.0034	-0.0034	-0.0029
160	46	37	-0.7321	-0.0217	-0.0217	-0.7319
160	46	63	-0.7808	0.0134	0.0134	-0.7807
160	48	14	-0.962	0.0038	0.0038	-0.9619
160	48	259	-0.7278	0.1075	0.1075	-0.7275
160	48	261	-0.6895	0.1461	0.1461	-0.6892
160	48	263	-1.0898	-0.2554	-0.2554	-1.0897
160	48	264	-0.2983	0.1573	0.1572	-0.2977
160	48	265	0.1572	0.1572	0.1572	0.1579
160	48	268	-0.8515	-0.0167	-0.0167	-0.8513
160	48	270	0.1571	0.1572	0.1572	0.1577
160	48	278	-0.7082	0.1274	0.1274	-0.7079
160	48	279	-0.8143	-0.4262	-0.4263	-0.8136
160	48	281	-0.8343	0	0	-0.8342
160	48	283	0.1407	0.1572	0.1572	0.1418
160	48	285	-0.802	0.0326	0.0326	-0.8018
160	48	286	-0.1041	0.1573	0.1572	-0.1032
160	48	287	-0.9898	-0.0243	-0.0243	-0.9898
160	48	288	-1.3393	-0.8427	-0.8428	-1.3387
160	48	290	-0.7716	-0.7686	-0.7687	-0.7705
160	48	291	-0.0842	0.1573	0.1572	-0.0833
160	48	292	-0.1102	0.1573	0.1572	-0.1093
160	48	293	-0.2662	0.0858	0.0857	-0.2654
160	48	46	-0.821	0.0134	0.0134	-0.8208
160	48	8	-0.8322	0.0022	0.0022	-0.832
160	61	260	0.0876	0.2042	0.2041	0.0891
160	61	261	0.0044	0.1203	0.1203	0.0054
160	61	262	-0.1328	-0.1162	-0.1169	-0.131
160	61	268	-0.0636	0.0522	0.0522	-0.0627
160	61	270	-0.0234	-0.0232	-0.0232	-0.0221
160	61	273	-0.1432	-0.0265	-0.0265	-0.1415
160	61	276	0.0359	0.0397	0.0391	0.0378
160	61	279	-0.2819	-0.1654	-0.1655	-0.2804
160	61	283	0.203	0.2196	0.2196	0.2048
160	61	285	-0.0831	0.0326	0.0326	-0.0823
160	61	286	-0.2501	-0.1335	-0.1335	-0.2485
160	61	287	-0.8033	0	0	-0.8031
160	61	290	0.0418	0.0453	0.0447	0.0437
160	61	291	0.4016	0.5182	0.5182	0.4032
160	61	292	0.2657	0.3823	0.3823	0.2673
160	61	293	-0.3075	-0.1909	-0.191	-0.306
160	61	294	0.3795	0.3801	0.3795	0.3813
160	61	296	0.0467	0.0871	0.087	0.0478
160	61	46	-0.2526	-0.1369	-0.1369	-0.2518
160	61	8	-0.1136	0.0022	0.0022	-0.1127
160	61	92	0.1619	0.2784	0.2783	0.1634
160	63	106	-0.8394	-0.045	-0.045	-0.8392
160	63	259	-0.6875	0.1075	0.1075	-0.6873
160	63	261	-0.6567	0.1386	0.1386	-0.6565
160	63	262	-0.3295	-0.3134	-0.3136	-0.3284
160	63	265	-0.1766	-0.1765	-0.1766	-0.1759
160	63	267	-0.2248	-0.1193	-0.1194	-0.2241
160	63	269	-0.3871	0.198	0.1979	-0.3866
160	63	270	-0.145	-0.1447	-0.1448	-0.1445
160	63	274	-0.7941	0	0	-0.794
160	63	275	-0.8801	-0.086	-0.086	-0.88
160	63	276	-0.3479	-0.3445	-0.3447	-0.3468
160	63	277	-0.3115	-0.3093	-0.3095	-0.3104
160	63	278	-0.8971	-0.1017	-0.1017	-0.8968
160	63	281	-0.856	-0.0619	-0.0619	-0.8559
160	63	282	-0.2947	-0.0305	-0.0307	-0.294
160	63	288	-0.5382	-0.0412	-0.0414	-0.5376
160	63	289	-0.7566	0.0378	0.0378	-0.7565
160	63	291	-0.2601	-0.0184	-0.0185	-0.2592
160	63	292	-0.4376	-0.1699	-0.1701	-0.4368
160	63	293	-0.6512	-0.299	-0.2992	-0.6505
160	63	294	0.0051	0.0053	0.0051	0.0062
160	63	295	-0.2427	-0.2426	-0.2427	-0.2421
160	63	61	-0.4484	-0.3323	-0.3325	-0.4475
160	66	21	-0.5162	0	0	-0.5158
160	66	260	0.1168	0.4786	0.4786	0.1179
160	66	262	0.3883	0.4043	0.4041	0.3897
160	66	263	-0.5007	0.0156	0.0156	-0.5003
160	66	264	0.0215	0.4788	0.4786	0.0225
160	66	265	0.0772	0.0773	0.0772	0.0783
160	66	267	-0.5553	-0.4495	-0.4495	-0.5542
160	66	268	-0.482	0.0345	0.0345	-0.4815
160	66	269	-0.108	0.4106	0.4103	-0.1071
160	66	271	-0.5214	-0.5212	-0.5214	-0.52
160	66	272	-0.5214	-0.5214	-0.5214	-0.52
160	66	274	-0.5162	0	0	-0.5158
160	66	275	-0.5448	-0.0286	-0.0286	-0.5444
160	66	276	-0.2569	-0.2536	-0.2537	-0.2555
160	66	277	-0.5602	-0.5208	-0.5208	-0.5589
160	66	278	-0.4209	0.0961	0.0961	-0.4203
160	66	284	-0.125	0.0454	0.0452	-0.1237
160	66	287	-0.689	0	0	-0.6887
160	66	290	-0.492	-0.489	-0.4891	-0.4905
160	66	291	0.197	0.4394	0.4393	0.1983
160	66	292	0.0503	0.3187	0.3186	0.0515
160	66	293	-0.3402	0.013	0.0129	-0.3391
160	66	294	0.4786	0.4787	0.4786	0.48
160	66	33	-0.5161	0.0001	0.0001	-0.5157
160	66	37	-0.3652	0.1528	0.1525	-0.3646
160	66	46	-0.5028	0.0134	0.0134	-0.5024
160	66	48	-0.3598	0.1573	0.1572	-0.3592
160	66	61	-0.3148	-0.1985	-0.1985	-0.3135
160	66	63	-0.3194	0.198	0.1979	-0.3188
160	66	8	-0.5141	0.0022	0.0022	-0.5136
160	66	92	-0.2136	0.152	0.1519	-0.2125
160	8	106	-0.9576	0.0022	0.0022	-0.9575
160	8	19	-0.9867	0.0012	0.0012	-0.9866
160	8	248	-0.0671	-0.0458	-0.0458	-0.0663
160	8	259	-0.8815	0.0022	0.0022	-0.8814
160	8	260	-0.7759	-0.4159	-0.4159	-0.7753
160	8	262	-0.0265	-0.0107	-0.0107	-0.0256
160	8	263	-0.9724	0.0022	0.0022	-0.9724
160	8	264	-0.4527	0.0022	0.0022	-0.4521
160	8	267	-0.1883	-0.0831	-0.0831	-0.1877
160	8	268	-1.008	-0.0697	-0.0697	-1.008
160	8	269	-0.8975	-0.3137	-0.3137	-0.8971
160	8	270	0.002	0.0022	0.0022	0.0025
160	8	271	0.0022	0.0022	0.0022	0.0032
160	8	273	0.0392	0.0847	0.0846	0.0403
160	8	276	-0.001	0.0022	0.0022	0
160	8	277	0.0365	0.0758	0.0758	0.0376
160	8	278	-0.8561	-0.0149	-0.0149	-0.856
160	8	279	-0.3852	0.0022	0.0022	-0.3846
160	8	280	-0.9878	0	0	-0.9878
160	8	281	-0.9878	0	0	-0.9878
160	8	284	-0.1672	0.0022	0.0022	-0.1664
160	8	285	-0.9555	0.0022	0.0022	-0.9555
160	8	287	-0.8782	0	0	-0.8781
160	8	289	-0.9504	0.0022	0.0022	-0.9504
160	8	293	-0.3492	0.0022	0.0022	-0.3485
160	8	294	0.0022	0.0022	0.0022	0.0032
160	8	295	-0.1101	-0.1101	-0.1101	-0.1096
160	8	296	-0.1197	-0.0793	-0.0794	-0.1186
160	8	33	-0.9878	0.0001	0.0001	-0.9878
160	8	37	-0.7082	0.0022	0.0022	-0.708
160	8	46	-1.2093	-0.2326	-0.2326	-1.2093
160	8	63	-0.792	0.0022	0.0022	-0.7919
160	8	92	-0.3634	0.0004	0.0004	-0.3627
160	90	248	-0.1359	-0.1144	-0.1145	-0.1347
160	90	259	-1.006	-0.8925	-0.8925	-1.0055
160	90	260	0.5223	0.6364	0.6364	0.5234
160	90	262	0.0638	0.0806	0.0798	0.0652
160	90	264	0.2017	0.3157	0.3156	0.2027
160	90	265	0.1871	0.1873	0.1871	0.1881
160	90	267	-0.0157	0.0911	0.0905	-0.0146
160	90	268	-0.0612	0.0522	0.0522	-0.0607
160	90	269	0.2664	0.3802	0.3802	0.2672
160	90	271	-0.0513	-0.0504	-0.0513	-0.0499
160	90	273	0.3982	0.5124	0.5124	0.3994
160	90	275	-0.1128	0.0005	0.0005	-0.1124
160	90	276	0.1078	0.1119	0.1111	0.1093
160	90	278	0.0368	0.1503	0.1503	0.0373
160	90	279	-0.5053	-0.3913	-0.3913	-0.5043
160	90	280	-0.3156	-0.2022	-0.2022	-0.3151
160	90	281	-0.7831	-0.6698	-0.6698	-0.7827
160	90	283	0.0323	0.0489	0.0489	0.0337
160	90	284	0.7146	0.8289	0.8289	0.7159
160	90	286	-0.0936	0.0206	0.0206	-0.0924
160	90	288	-0.6147	-0.5008	-0.5008	-0.6138
160	90	289	-0.0756	0.0378	0.0378	-0.0751
160	90	290	0.0448	0.0486	0.0478	0.0462
160	90	291	-0.2075	-0.0933	-0.0933	-0.2063
160	90	295	0.2691	0.2696	0.2691	0.27
160	90	37	-0.2461	-0.1324	-0.1324	-0.2455
160	90	46	-0.1894	-0.0761	-0.0761	-0.189
160	90	61	0.0607	0.1751	0.1751	0.062
160	90	66	0.2758	0.3897	0.3897	0.2767
160	90	8	-0.1111	0.0022	0.0022	-0.1107
160	90	92	-0.3735	-0.2594	-0.2594	-0.3724
160	92	14	0.1208	0.1507	0.1503	0.1224
160	92	262	0.1948	0.211	0.2107	0.1964
160	92	268	-0.3117	0.0522	0.0522	-0.311
160	92	270	0.1481	0.1482	0.1482	0.1492
160	92	271	0.1864	0.1868	0.1864	0.188
160	92	272	0.3825	0.3825	0.3825	0.3842
160	92	273	0.048	0.221	0.2207	0.0495
160	92	276	0.3097	0.3131	0.3129	0.3114
160	92	281	-0.3637	0	0	-0.3631
160	92	284	-0.5374	-0.3667	-0.3669	-0.536
160	92	286	0.0738	0.3366	0.3363	0.0751
160	92	288	-0.1568	0.2089	0.2088	-0.1556
160	92	290	-0.3276	-0.3245	-0.3246	-0.3259
160	92	291	0.2319	0.4747	0.4745	0.2333
160	92	292	0.0513	0.3202	0.32	0.0526
160	92	293	-0.4085	-0.0548	-0.0549	-0.4072
160	92	294	0.2829	0.2831	0.2829	0.2846
160	92	295	0.3463	0.3463	0.3463	0.3474
160	92	37	-0.1352	0.2298	0.2295	-0.1345
160	92	46	-0.4044	-0.0406	-0.0406	-0.4037
