187	1125	131	-1.13	-0.1326	-0.1835	-1.0227
187	123	131	-1.0139	-0.2007	-0.2005	2.5942
187	128	131	-1.168	-0.1928	-0.2052	-1.1144
187	131	332	-0.9647	-0.0253	-0.263	-0.8271
187	1546	131	-1.0029	-0.1322	-0.2416	-0.8724
187	163	131	-0.9302	-0.1118	-0.124	-0.9035
187	2008	131	-1.0746	-0.1301	-0.1877	-0.9885
187	2009	332	-0.9504	-0.1212	-0.1475	-0.8973
187	2013	332	-0.9768	-0.1683	-0.2473	-0.8549
187	2014	131	-1.1258	-0.0794	-0.3162	-0.9115
187	217	131	-1.1513	-0.2183	-0.2474	2.0129
187	37	332	-0.8955	-0.1271	-0.2124	-0.7723
188	1008	131	-0.9644	-0.2327	-0.2841	-0.8148
188	1008	332	-0.8713	-0.1794	-0.4227	-0.6622
188	111	131	-1.0118	-0.0539	-0.0555	-1.0108
188	1125	131	-1.0872	-0.074	-0.0892	-1.0505
188	1159	131	-1.0214	-0.3426	-0.3752	-0.8403
188	123	131	-1.1181	-0.0442	-0.0747	-1.0659
188	128	131	-0.9711	-0.0318	-0.0529	-0.9663
188	128	332	-1.0636	-0.3529	-0.4034	-0.8431
188	131	332	-1.006	-0.2824	-0.3712	-0.8205
188	140	131	-1.0118	-0.1156	-0.1192	-0.9677
188	1546	131	-1.0668	-0.0587	-0.0611	-1.0373
188	163	131	-0.9456	-0.0268	-0.0251	2.0428
188	1790	332	-1.0326	-0.3071	-0.4729	-0.7609
188	1878	131	-0.932	0.0056	-0.0214	-0.9427
188	2006	332	-0.9998	-0.2748	-0.4049	-0.7822
188	2008	131	-0.8973	-0.0222	-0.0525	-0.8943
188	2009	332	-1.0565	-0.3572	-0.4274	-0.813
188	2012	131	-0.9665	-0.0694	-0.0663	-0.9729
188	2013	332	-1.0273	-0.3529	-0.379	-0.8194
188	2014	131	-1.0634	-0.0602	-0.0867	2.4412
188	217	131	-0.9941	-0.0108	-0.021	-0.9977
188	24	332	-0.9676	-0.3369	-0.3505	-0.8193
188	31	332	-0.9432	-0.1879	-0.4252	-0.7231
188	344	332	-0.8548	-0.1824	-0.4018	1.3905
188	37	131	-1.0858	-0.303	-0.3198	-0.9054
188	37	332	-1.1209	-0.3548	-0.5622	-0.7426
188	39	332	-0.8976	-0.2556	-0.3359	-0.7406
188	562	332	-0.9901	-0.2964	-0.4476	-0.7412
188	808	332	-0.9008	-0.1707	-0.3891	-0.7008
188	93	332	-1.0135	-0.2975	-0.4509	-0.7596
189	1008	131	-1.0417	-0.1253	-0.1738	-0.9459
189	1008	332	-0.8701	-0.2839	-0.3762	-0.6813
189	111	131	-0.9869	-0.0789	-0.0867	-0.9648
189	1125	131	-1.0252	-0.0712	-0.0731	-1.0046
189	1159	131	-0.9541	-0.2776	-0.3911	-0.7628
189	123	131	-1.05	-0.0352	-0.0832	-1.0107
189	128	131	-0.9789	-0.0755	-0.0841	-0.9534
189	128	332	-1.0445	-0.4092	-0.4273	-0.8225
189	131	332	-0.9626	-0.3401	-0.4102	-0.7548
189	140	131	-1.0533	-0.1291	-0.2161	-0.9259
189	1546	131	-1.0289	-0.1836	-0.2294	-0.9044
189	163	131	-0.9761	-0.0549	-0.0566	-0.9719
189	1790	332	-0.9611	-0.2956	-0.481	-0.682
189	1878	131	-0.9608	-0.0329	-0.1037	-0.9067
189	2006	332	-0.9419	-0.2967	-0.4221	-0.7222
189	2008	131	-0.9519	-0.0478	-0.0886	0.097
189	2009	332	-0.969	-0.3406	-0.4669	-0.6856
189	2012	131	-0.9848	-0.0749	-0.1215	-0.9371
189	2013	332	-1.0139	-0.4238	-0.4385	-0.7839
189	2014	131	-1.0639	-0.0737	-0.1177	-0.9927
189	217	131	-1.0591	-0.0545	-0.0781	-1.0144
189	24	332	-0.8736	-0.2316	-0.4254	-0.6157
189	31	332	-0.9143	-0.2553	-0.4839	-0.6611
189	344	332	-0.814	-0.1882	-0.4577	-0.5663
189	37	131	-0.9814	-0.3059	-0.3514	0.2118
189	37	332	-0.9238	-0.2222	-0.453	-0.6356
189	39	332	-0.8196	-0.2288	-0.3647	-0.6463
189	562	332	-0.9169	-0.3087	-0.4296	-0.7037
189	808	332	-0.8655	-0.2785	-0.3726	-0.6712
189	93	332	-0.856	-0.2414	-0.3957	-0.6478
190	1008	131	-1.0091	-0.5252	-0.538	-0.7698
190	1008	332	-0.9004	-0.2946	-0.3417	-0.751
190	111	131	-1.1009	-0.5757	-0.6032	-0.793
190	1125	131	-0.9676	-0.4199	-0.4731	-0.7262
190	1159	131	-0.7957	-0.3201	-0.5115	-0.5577
190	123	131	-1.1132	-0.5464	-0.5887	-0.7886
190	128	131	-0.9811	-0.5024	-0.5626	-0.684
190	128	332	-1.0575	-0.0233	-0.5077	-0.7846
190	131	332	-0.7045	-0.0919	-0.4218	-0.5031
190	140	131	-0.9847	-0.4672	-0.5275	-0.7008
190	1546	131	-0.9359	-0.3531	-0.4993	-0.661
190	163	131	-0.9143	-0.4428	-0.4623	-0.6879
190	1790	332	-1.0079	-0.0017	-0.4579	-0.7547
190	1878	131	-0.9709	-0.5017	-0.5247	-0.6967
190	2006	332	-1.0393	0.0263	-0.4867	-0.7915
190	2008	131	-0.9366	-0.4772	-0.4695	-0.7242
190	2009	332	-0.9699	-0.2901	-0.454	-0.719
190	2012	131	-1.0647	-0.5687	-0.5963	-0.7675
190	2013	332	-0.7976	-0.0493	-0.4906	-0.5427
190	2014	131	-0.8195	-0.0324	-0.557	-0.5207
190	217	131	-1.1112	-0.5672	-0.6018	-0.7821
190	24	332	-1.0361	-0.4512	-0.4511	-0.8381
190	31	332	-0.9984	0.0024	-0.5846	-0.6939
190	344	332	-0.8066	-0.0608	-0.5098	-0.5444
190	37	131	-0.8442	-0.178	-0.4922	-0.5769
190	37	332	-1.1019	-0.2705	-0.6295	-0.6992
190	39	332	-0.9903	-0.4157	-0.4156	-0.8209
190	562	332	-0.9275	-0.2406	-0.5005	-0.6801
190	808	332	-0.8439	-0.2332	-0.3592	-0.6727
190	93	332	-0.8459	-0.1367	-0.4818	-0.58
191	1125	131	-1.0493	-0.0342	-0.1244	-1.0042
191	123	131	-1.0492	-0.1329	-0.1993	-0.9681
191	128	131	-0.9121	0.0098	-0.0416	3.3157
191	131	332	-1.1045	-0.1767	-0.2403	-0.9883
191	1546	131	-1.0276	-0.0503	-0.1439	-0.9746
191	163	131	-0.9494	-0.023	-0.0108	-1.0013
191	2008	131	-0.9263	-0.0106	-0.0313	-0.8495
191	2009	332	-1.0646	-0.0694	-0.1442	-1.0325
191	2013	332	-1.0524	-0.1025	-0.1517	3.0731
191	2014	131	-1.1258	-0.0794	-0.3162	-0.9115
191	217	131	-0.9486	-0.1687	-0.0973	-0.7823
191	37	332	-0.8782	0.0076	0.0144	-1.0255
192	1125	131	-1.1238	-0.2349	-0.2634	-0.9956
192	123	131	-0.9533	-0.1919	-0.2057	-0.8947
192	128	131	-1.1177	-0.2179	-0.2567	-0.9686
192	131	332	-0.8991	-0.0356	-0.2985	-0.7445
192	1546	131	-0.8485	-0.0698	-0.1359	-0.8204
192	163	131	-0.9724	-0.2595	-0.246	-0.9211
192	2008	131	-1.001	-0.04	-0.229	-0.893
192	2009	332	-0.9833	-0.1981	-0.3494	-0.7691
192	2013	332	-0.8964	-0.236	-0.3129	-0.7473
192	2014	131	-1.0004	-0.1061	-0.2386	-0.8567
192	217	131	-1.1637	-0.2174	-0.2633	-1.0144
192	37	332	-0.8077	-0.1344	-0.2688	-0.6547
193	1125	131	-1.0719	-0.0859	-0.1016	-1.0183
193	123	131	-1.0077	-0.1108	-0.1111	2.037
193	128	131	-1.0436	-0.1025	-0.1206	-0.992
193	131	332	-0.8977	-0.1551	-0.2764	-0.7894
193	1546	131	-0.858	-0.0508	-0.1674	-0.7817
193	163	131	-0.9266	-0.0874	-0.0987	-0.9313
193	2008	131	-1.0888	-0.0921	-0.1623	-1.0013
193	2009	332	-0.8934	-0.155	-0.2748	-0.7458
193	2013	332	-0.9482	-0.3221	-0.3407	-0.8064
193	2014	131	-1.0463	-0.0858	-0.1548	-0.941
193	217	131	-1.101	-0.1075	-0.1148	-1.0537
193	37	332	-0.8139	-0.171	-0.2874	-0.6389
194	192	131	-0.9408	-0.3686	-0.3695	-0.7176
194	192	2010	-0.9979	-0.3313	-0.4297	-0.7348
194	2007	37	-0.8863	-0.2732	-0.288	-0.6998
194	2011	131	-1.0317	-0.0422	-0.0422	4.0617
194	29	1008	-0.8791	-0.1426	-0.4261	-0.6446
194	29	37	-0.8236	-0.3389	-0.401	-0.5844
195	192	131	-0.9418	-0.2143	-0.3488	-0.7054
195	192	2010	-1.0037	-0.2822	-0.3897	-0.7496
195	2007	37	-0.9908	-0.1923	-0.2005	-0.8602
195	2011	131	-1.0105	-0.1696	-0.1705	-0.9101
195	29	1008	-0.9376	-0.2572	-0.364	-0.7486
195	29	37	-0.9512	-0.3582	-0.3603	-0.756
196	192	131	-0.7305	-0.5259	-0.5459	-0.3763
196	192	2010	-0.8644	-0.3142	-0.5313	-0.5333
196	2007	37	-0.9376	-0.2818	-0.3106	-0.7539
196	2011	131	-0.9643	-0.7592	-0.7592	-0.5599
196	29	1008	-0.8849	-0.2863	-0.4686	-0.6376
196	29	37	-0.819	-0.4023	-0.4287	-0.5849
40	1125	131	-1.2557	-0.1758	-0.2597	-1.1363
40	123	131	-0.8665	0.0078	-0.0147	-0.9344
40	128	131	-1.2763	-0.177	-0.3201	-1.1209
40	131	332	-1.0647	-0.4089	-0.3733	-0.9636
40	1546	131	-0.6244	0.0827	0.1232	-0.7716
40	163	131	-0.8329	-0.2098	-0.1982	-0.9322
40	2008	131	-1.4196	-0.1652	-0.2691	-1.2706
40	2009	332	-0.8621	-0.1112	-0.2659	-0.7433
40	2013	332	-1.0605	-0.4657	-0.4539	-0.9135
40	2014	131	-0.9183	-0.2652	-0.2214	2.5482
40	217	131	-1.3453	-0.0859	-0.2181	-1.2432
40	37	332	-0.5644	0.1	0.0345	2.4147
47	1125	131	-1.0413	-0.0635	-0.0758	-1.0147
47	123	131	-0.9652	-0.058	-0.0572	-0.9753
47	128	131	-1.0649	-0.0654	-0.0883	-1.0313
47	131	332	-1.0073	-0.2621	-0.34	-0.8426
47	1546	131	-0.9647	-0.0749	-0.1194	2.5832
47	163	131	-0.9371	-0.0914	-0.0831	-0.9456
47	2008	131	-1.0847	-0.0375	-0.1412	-1.0121
47	2009	332	-1.0006	-0.2218	-0.3054	-0.8208
47	2013	332	-0.9854	-0.2721	-0.3039	-0.8318
47	2014	131	-0.9768	-0.0206	-0.082	-0.9368
47	217	131	-1.0644	-0.0569	-0.0698	-1.0416
47	37	332	-0.9674	-0.2837	-0.3465	-0.7314
9	1008	131	-0.9866	-0.1987	-0.199	-0.9297
9	1008	332	-0.912	-0.1633	-0.1776	-0.8507
9	111	131	-0.9849	-0.2197	-0.2348	-0.8811
9	1125	131	-0.9503	-0.1347	-0.1619	-0.8771
9	1159	131	-1.017	-0.1998	-0.3634	-0.802
9	123	131	-1.0999	-0.2015	-0.2265	-0.9792
9	128	131	-0.9287	-0.1718	-0.2444	-0.8041
9	128	332	-1.0373	-0.1935	-0.312	-0.8586
9	131	332	-0.9183	-0.047	-0.2662	-0.7646
9	140	131	-0.9908	-0.1882	-0.2497	-0.8521
9	1546	131	-0.9846	-0.1693	-0.3145	-0.794
9	163	131	-0.9074	-0.158	-0.1587	-0.9118
9	1790	332	-1.0005	-0.1875	-0.3322	-0.808
9	1878	131	-0.8861	-0.0947	-0.2007	-0.7889
9	2006	332	-1.0476	-0.1789	-0.2796	-0.8908
9	2008	131	-0.7857	0.0227	-0.0347	-0.8394
9	2009	332	-1.0307	-0.177	-0.2751	-0.8403
9	2012	131	-0.9364	-0.1891	-0.1998	-0.8768
9	2013	332	-0.9625	-0.11	-0.3156	-0.7683
9	2014	131	-1.033	-0.2172	-0.2991	-0.8616
9	217	131	-1.0164	-0.162	-0.2115	-0.9135
9	24	332	-0.9523	-0.1224	-0.2907	-0.7717
9	31	332	-1.0082	-0.206	-0.4388	-0.7677
9	344	332	-0.8925	-0.1895	-0.3584	-0.7056
9	37	131	-0.9948	-0.1276	-0.2359	-0.8487
9	37	332	-1.0455	-0.1908	-0.3018	-0.8458
9	39	332	-0.9113	-0.1761	-0.2265	-0.8111
9	562	332	-0.9648	-0.1564	-0.2755	-0.8182
9	808	332	-0.9239	-0.1403	-0.1776	-0.8416
9	93	332	-0.9673	-0.1631	-0.2183	-0.8589
