186	1000	92	-0.7051	-0.0901	-0.09	-0.7051
186	1001	92	-0.6376	-0.022	-0.022	-0.6376
186	1002	92	-0.8546	-0.2402	-0.24	-0.8548
186	1003	92	-0.7014	-0.0861	-0.086	-0.7014
186	1004	92	-0.5586	-0.012	-0.012	-0.5584
186	1005	92	-0.7143	-0.605	-0.605	-0.7138
186	1006	92	-0.7216	-0.106	-0.106	-0.7216
186	1007	92	-0.6638	-0.048	-0.048	-0.6638
186	1008	92	-0.9299	-0.3151	-0.315	-0.93
186	1009	92	-0.8267	-0.211	-0.211	-0.8266
186	1010	92	-0.8785	-0.2642	-0.264	-0.8786
186	1011	92	-0.3984	0.011	0.011	-0.3982
186	1012	92	-0.6508	-0.035	-0.035	-0.6507
186	1013	92	-0.7142	-0.0991	-0.099	-0.7142
186	1014	92	-0.796	-0.1811	-0.181	-0.7961
186	1015	92	-1.0752	-0.4601	-0.46	-1.0753
186	1016	92	-1.0103	-0.421	-0.421	-1.0102
186	1017	92	-0.8413	-0.2272	-0.227	-0.8414
186	1018	92	-0.8877	-0.2732	-0.273	-0.8879
186	1019	92	-0.7802	-0.1651	-0.165	-0.7803
186	1020	92	-0.6722	-0.548	-0.548	-0.6717
186	1021	92	-0.7595	-0.1441	-0.144	-0.7595
186	1022	92	-0.5991	0.017	0.017	-0.5991
186	1023	92	-0.7854	-0.1701	-0.17	-0.7854
186	1024	92	-0.7267	-0.111	-0.111	-0.7267
186	1025	92	-0.7179	-0.385	-0.385	-0.7176
186	1026	92	-0.8136	-0.1992	-0.199	-0.8137
186	1027	92	-0.9668	-0.351	-0.351	-0.9668
186	1028	92	-0.6509	-0.035	-0.035	-0.6509
186	102	92	-1.0378	-0.422	-0.422	-1.0377
186	1029	92	-0.819	-0.2041	-0.204	-0.8191
186	1030	92	-0.7346	-0.119	-0.119	-0.7346
186	1031	92	-0.7483	-0.1331	-0.133	-0.7483
186	1032	92	-0.933	-0.615	-0.615	-0.9327
186	1033	92	-0.6977	-0.082	-0.082	-0.6977
186	1034	92	-0.6538	-0.038	-0.038	-0.6538
186	1035	92	-0.6572	-0.0421	-0.042	-0.6573
186	1036	92	-0.7356	-0.12	-0.12	-0.7356
186	1037	92	-0.7452	-0.1301	-0.13	-0.7453
186	1038	92	-0.6556	-0.424	-0.424	-0.6551
186	103	92	-0.7618	-0.407	-0.407	-0.7615
186	1039	92	-0.8251	-0.2101	-0.21	-0.8252
186	1040	92	-0.578	0.038	0.038	-0.578
186	1041	92	-0.6757	-0.06	-0.06	-0.6757
186	1042	92	-0.5994	-0.018	-0.018	-0.5993
186	1043	92	-0.6946	-0.079	-0.079	-0.6946
186	1044	92	-0.6539	-0.038	-0.038	-0.6539
186	1045	92	-0.6719	-0.056	-0.056	-0.6718
186	1046	92	-0.5081	0.108	0.108	-0.508
186	1047	92	-0.7088	-0.093	-0.093	-0.7087
186	1048	92	-0.7991	-0.1841	-0.184	-0.7991
186	104	92	-0.7249	-0.381	-0.381	-0.7245
186	1049	92	-0.6558	-0.04	-0.04	-0.6558
186	1050	92	-0.7581	-0.619	-0.619	-0.7576
186	1051	92	-0.8202	-0.2051	-0.205	-0.8202
186	1052	92	-0.7564	-0.1411	-0.141	-0.7565
186	1053	92	-0.6568	-0.041	-0.041	-0.6568
186	1054	92	-0.6497	-0.034	-0.034	-0.6497
186	1055	92	-0.7224	-0.1071	-0.107	-0.7224
186	1056	92	-0.7933	-0.1781	-0.178	-0.7934
186	1057	92	-0.529	0.087	0.087	-0.5289
186	1058	92	-0.902	-0.286	-0.286	-0.9019
186	1059	92	-0.8028	-0.452	-0.452	-0.8025
186	1060	92	-1.0294	-0.4152	-0.415	-1.0296
186	1061	92	-0.6695	-0.0541	-0.054	-0.6695
186	1062	92	-0.6134	-0.043	-0.043	-0.6133
186	1063	92	-0.8269	-0.2121	-0.212	-0.827
186	1064	92	-0.6377	-0.022	-0.022	-0.6377
186	1065	92	-0.712	-0.096	-0.096	-0.7119
186	1066	92	-0.6832	-0.0681	-0.068	-0.6833
186	1067	92	-0.6835	-0.0681	-0.068	-0.6835
186	1068	92	-0.6786	-0.063	-0.063	-0.6786
186	106	92	-0.9375	-0.375	-0.375	-0.9374
186	1069	92	-0.6865	-0.0711	-0.071	-0.6865
186	1070	92	-0.8139	-0.1991	-0.199	-0.814
186	1071	92	-0.6985	-0.0831	-0.083	-0.6985
186	1072	92	-0.7473	-0.1321	-0.132	-0.7473
186	1073	92	-0.7398	-0.124	-0.124	-0.7397
186	1074	92	-0.6328	-0.437	-0.437	-0.6323
186	1075	92	-0.8893	-0.2752	-0.275	-0.8894
186	1076	92	-0.6571	-0.0433	-0.043	-0.6573
186	1077	92	-0.8171	-0.2021	-0.202	-0.8172
186	1078	92	-0.581	0.035	0.035	-0.5809
186	1079	92	-0.6954	-0.597	-0.597	-0.6949
186	1080	92	-0.8369	-0.2221	-0.222	-0.837
186	1081	92	-0.5503	0.045	0.045	-0.5502
186	1082	92	-0.7589	-0.1441	-0.144	-0.759
186	1083	92	-0.6139	0.002	0.002	-0.6138
186	1084	92	-0.667	-0.051	-0.051	-0.6669
186	1085	92	-0.6049	0.011	0.011	-0.6048
186	1086	92	-0.5929	0.023	0.023	-0.5928
186	1087	92	-0.6704	-0.0551	-0.055	-0.6705
186	1088	92	-0.6973	-0.0821	-0.082	-0.6974
186	108	92	-0.6728	-0.057	-0.057	-0.6728
186	1089	92	-0.7328	-0.1182	-0.118	-0.7329
186	1090	92	-0.5942	0.021	0.021	-0.5941
186	1091	92	-0.6607	-0.045	-0.045	-0.6607
186	1092	92	-0.6674	-0.0521	-0.052	-0.6675
186	1093	92	-1.0069	-0.3921	-0.392	-1.007
186	1094	92	-1.0105	-0.3951	-0.395	-1.0105
186	1095	92	-0.7208	-0.1062	-0.106	-0.7209
186	1096	92	-0.6895	-0.0741	-0.074	-0.6895
186	1097	92	-0.7113	-0.0961	-0.096	-0.7114
186	1098	92	-1.4477	-0.8332	-0.833	-1.4478
186	1099	92	-0.843	-0.2281	-0.228	-0.8431
186	1100	92	-0.774	-0.286	-0.286	-0.7738
186	1101	92	-0.6079	0.008	0.008	-0.6079
186	1102	92	-0.9538	-0.3392	-0.339	-0.9539
186	1103	92	-0.6599	-0.044	-0.044	-0.6598
186	1104	92	-0.8226	-0.207	-0.207	-0.8226
186	1105	92	-0.718	-0.1031	-0.103	-0.718
186	1106	92	-1.1241	-0.508	-0.508	-1.1241
186	1107	92	-0.7313	-0.1161	-0.116	-0.7314
186	1108	92	-0.7123	-0.0971	-0.097	-0.7123
186	110	92	-0.623	-0.618	-0.618	-0.6224
186	1109	92	-0.7607	-0.145	-0.145	-0.7607
186	1110	92	-0.7211	-0.1061	-0.106	-0.7211
186	1111	92	-0.7312	-0.1161	-0.116	-0.7313
186	1112	92	-0.8414	-0.2261	-0.226	-0.8414
186	1113	92	-0.7003	-0.0851	-0.085	-0.7003
186	1114	92	-0.7161	-0.1011	-0.101	-0.7162
186	1115	92	-0.7224	-0.1071	-0.107	-0.7224
186	1116	92	-0.6764	-0.0611	-0.061	-0.6765
186	1117	92	-0.6628	-0.047	-0.047	-0.6627
186	1118	92	-0.8887	-0.273	-0.273	-0.8887
186	111	92	-0.7743	-0.1591	-0.159	-0.7743
186	1119	92	-0.7278	-0.112	-0.112	-0.7278
186	1120	92	-0.7461	-0.1311	-0.131	-0.7462
186	1121	92	-0.6627	-0.047	-0.047	-0.6627
186	1122	92	-0.6728	-0.057	-0.057	-0.6728
186	1123	92	-0.7319	-0.116	-0.116	-0.7318
186	1124	92	-0.8636	-0.2492	-0.249	-0.8637
186	1125	92	-0.6439	-0.028	-0.028	-0.6438
186	1126	92	-0.6964	-0.0811	-0.081	-0.6964
186	1127	92	-0.8048	-0.1902	-0.19	-0.8049
186	1128	92	-0.6951	-0.0801	-0.08	-0.6951
186	112	92	-1.234	-0.6191	-0.619	-1.2341
186	1129	92	-0.6398	-0.024	-0.024	-0.6398
186	1130	92	-0.6075	-0.366	-0.366	-0.6071
186	1131	92	-0.7289	-0.1141	-0.114	-0.729
186	1132	92	-0.7129	-0.097	-0.097	-0.7129
186	1133	92	-0.8138	-0.1992	-0.199	-0.8139
186	1134	92	-0.7978	-0.1832	-0.183	-0.7979
186	1135	92	-0.7441	-0.1291	-0.129	-0.7442
186	1136	92	-0.8998	-0.284	-0.284	-0.8998
186	1137	92	-0.6735	-0.0581	-0.058	-0.6735
186	1138	92	-0.7862	-0.33	-0.33	-0.7859
186	113	92	-0.8372	-0.2221	-0.222	-0.8373
186	1139	92	-0.659	-0.043	-0.043	-0.659
186	1140	92	-0.7114	-0.0961	-0.096	-0.7114
186	1141	92	-0.7319	-0.1171	-0.117	-0.732
186	1142	92	-0.6738	-0.058	-0.058	-0.6738
186	1143	92	-0.5709	0.045	0.045	-0.5708
186	1144	92	-0.7821	-0.1671	-0.167	-0.7821
186	1145	92	-0.7962	-0.1811	-0.181	-0.7963
186	1146	92	-0.9415	-0.377	-0.377	-0.9414
186	1147	92	-0.6799	-0.064	-0.064	-0.6799
186	1148	92	-0.6929	-0.077	-0.077	-0.6928
186	1149	92	-0.6538	-0.038	-0.038	-0.6538
186	1150	92	-0.7302	-0.1151	-0.115	-0.7302
186	1151	92	-0.3892	-0.097	-0.097	-0.3888
186	1152	92	-0.8287	-0.2142	-0.214	-0.8289
186	1153	92	-0.6888	-0.073	-0.073	-0.6887
186	1154	92	-0.7248	-0.207	-0.207	-0.7246
186	1155	92	-0.6988	-0.18	-0.18	-0.6986
186	1156	92	-0.9253	-0.3101	-0.31	-0.9254
186	1157	92	-0.8897	-0.365	-0.365	-0.8896
186	1158	92	-0.6727	-0.306	-0.306	-0.6724
186	1159	92	-0.6593	-0.388	-0.388	-0.6589
186	1160	92	-0.8207	-0.2062	-0.206	-0.8208
186	1161	92	-0.6556	-0.04	-0.04	-0.6556
186	1162	92	-0.8138	-0.1992	-0.199	-0.8139
186	1163	92	-0.6014	-0.024	-0.024	-0.6013
186	1164	92	-0.7262	-0.1111	-0.111	-0.7262
186	1165	92	-0.7372	-0.1221	-0.122	-0.7372
186	1166	92	-0.7262	-0.1111	-0.111	-0.7262
186	1167	92	-0.6457	-0.03	-0.03	-0.6457
186	1168	92	-0.7236	-0.108	-0.108	-0.7236
186	116	92	-0.727	-0.1121	-0.112	-0.7271
186	1169	92	-0.7077	-0.184	-0.184	-0.7076
186	1170	92	-0.6464	-0.0311	-0.031	-0.6464
186	1171	92	-0.7961	-0.1811	-0.181	-0.7961
186	1172	92	-0.6697	-0.054	-0.054	-0.6697
186	1173	92	-0.6439	-0.028	-0.028	-0.6439
186	1174	92	-0.6566	-0.041	-0.041	-0.6566
186	1175	92	-0.7284	-0.1131	-0.113	-0.7284
186	1176	92	-0.6329	-0.619	-0.619	-0.6323
186	1177	92	-1.3547	-0.7402	-0.74	-1.3548
186	1178	92	-0.7817	-0.1672	-0.167	-0.7818
186	117	92	-0.5782	0.0369	0.037	-0.5783
186	1179	92	-0.8223	-0.2082	-0.208	-0.8225
186	1180	92	-0.7809	-0.1661	-0.166	-0.781
186	1181	92	-0.6564	-0.0411	-0.041	-0.6564
186	1182	92	-0.8278	-0.2132	-0.213	-0.8279
186	1183	92	-0.6899	-0.517	-0.517	-0.6895
186	1184	92	-0.5723	0.0429	0.043	-0.5723
186	1185	92	-0.8091	-0.506	-0.506	-0.8088
186	1186	92	-0.6805	-0.0651	-0.065	-0.6805
186	1187	92	-1.006	-0.39	-0.39	-1.0059
186	1188	92	-0.8174	-0.2021	-0.202	-0.8174
186	118	92	-0.6178	-0.433	-0.433	-0.6174
186	1189	92	-0.6306	-0.015	-0.015	-0.6306
186	1190	92	-0.7982	-0.1831	-0.183	-0.7982
186	1191	92	-0.8577	-0.2432	-0.243	-0.8578
186	1192	92	-0.7849	-0.1702	-0.17	-0.785
186	11	92	-0.622	-0.617	-0.617	-0.6214
186	1193	92	-0.838	-0.2231	-0.223	-0.838
186	1194	92	-0.7225	-0.1071	-0.107	-0.7225
186	1195	92	-0.6966	-0.081	-0.081	-0.6966
186	1196	92	-0.6984	-0.0831	-0.083	-0.6984
186	1197	92	-0.658	-0.042	-0.042	-0.6579
186	1198	92	-0.6728	-0.057	-0.057	-0.6728
186	119	92	-0.6038	-0.568	-0.568	-0.6032
186	1199	92	-0.7156	-0.1	-0.1	-0.7156
186	1200	92	-0.6298	-0.014	-0.014	-0.6298
186	1201	92	-0.6023	-0.017	-0.017	-0.6022
186	1202	92	-1.0774	-0.4621	-0.462	-1.0774
186	1203	92	-0.585	0.031	0.031	-0.5849
186	1204	92	-0.7082	-0.093	-0.093	-0.7081
186	1205	92	-0.6614	-0.0461	-0.046	-0.6615
186	1206	92	-0.617	-0.001	-0.001	-0.6169
186	1207	92	-0.6517	-0.036	-0.036	-0.6517
186	1208	92	-0.6515	-0.0361	-0.036	-0.6515
186	120	92	-0.8749	-0.259	-0.259	-0.8749
186	1209	92	-0.6825	-0.0671	-0.067	-0.6825
186	1210	92	-0.7212	-0.1061	-0.106	-0.7212
186	1211	92	-0.6329	-0.017	-0.017	-0.6328
186	1212	92	-0.7366	-0.121	-0.121	-0.7366
186	1213	92	-0.9274	-0.3132	-0.313	-0.9275
186	1214	92	-0.6884	-0.0731	-0.073	-0.6884
186	1215	92	-0.6546	-0.039	-0.039	-0.6546
186	1216	92	-0.8111	-0.195	-0.195	-0.811
186	1217	92	-0.6886	-0.073	-0.073	-0.6886
186	1218	92	-0.6917	-0.076	-0.076	-0.6917
186	1219	92	-0.6624	-0.0471	-0.047	-0.6625
186	1220	92	-0.6843	-0.0691	-0.069	-0.6844
186	1221	92	-0.9105	-0.2951	-0.295	-0.9105
186	1222	92	-0.7383	-0.1231	-0.123	-0.7384
186	1223	92	-0.7351	-0.119	-0.119	-0.735
186	1224	92	-0.7512	-0.1361	-0.136	-0.7513
186	1225	92	-0.7259	-0.1111	-0.111	-0.726
186	1226	92	-0.6971	-0.0821	-0.082	-0.6971
186	1227	92	-0.6774	-0.0621	-0.062	-0.6774
186	1228	92	-0.7699	-0.1551	-0.155	-0.77
186	1229	92	-0.6359	-0.02	-0.02	-0.6358
186	1230	92	-0.7938	-0.178	-0.178	-0.7937
186	1231	92	-0.7084	-0.0942	-0.094	-0.7085
186	1232	92	-0.6972	-0.0821	-0.082	-0.6972
186	1233	92	-0.7262	-0.1111	-0.111	-0.7262
186	1234	92	-0.6965	-0.0811	-0.081	-0.6965
186	1235	92	-0.6043	-0.013	-0.013	-0.6042
186	1236	92	-0.6769	-0.061	-0.061	-0.6769
186	1237	92	-0.7503	-0.1351	-0.135	-0.7503
186	1238	92	-1.0123	-0.427	-0.427	-1.0122
186	123	92	-1.0196	-0.404	-0.404	-1.0196
186	1239	92	-0.655	-0.039	-0.039	-0.655
186	1240	92	-0.711	-0.0961	-0.096	-0.7111
186	1241	92	-0.622	-0.618	-0.618	-0.6214
186	1242	92	-0.7762	-0.1611	-0.161	-0.7762
186	1243	92	-0.6387	-0.023	-0.023	-0.6386
186	1244	92	-0.7025	-0.0871	-0.087	-0.7025
186	1245	92	-0.8872	-0.2721	-0.272	-0.8872
186	1246	92	-1.1008	-0.4862	-0.486	-1.1009
186	1247	92	-0.6667	-0.051	-0.051	-0.6667
186	1248	92	-0.5943	0	0	-0.5942
186	124	92	-1.0696	-0.4552	-0.455	-1.0698
186	1249	92	-0.9973	-0.408	-0.408	-0.9972
186	1250	92	-0.8858	-0.378	-0.378	-0.8857
186	1251	92	-0.8042	-0.351	-0.351	-0.804
186	1252	92	-0.6708	-0.055	-0.055	-0.6708
186	1253	92	-0.7166	-0.101	-0.101	-0.7166
186	1254	92	-0.621	-0.62	-0.62	-0.6204
186	1255	92	-0.8057	-0.442	-0.442	-0.8054
186	1256	92	-0.627	-0.619	-0.619	-0.6264
186	1257	92	-0.6935	-0.0781	-0.078	-0.6935
186	1258	92	-0.7531	-0.1381	-0.138	-0.7532
186	1259	92	-0.6738	-0.058	-0.058	-0.6738
186	1260	92	-0.7234	-0.1081	-0.108	-0.7234
186	1261	92	-0.7253	-0.1101	-0.11	-0.7254
186	1262	92	-0.7483	-0.1331	-0.133	-0.7483
186	1263	92	-0.5691	0.047	0.047	-0.5691
186	1264	92	-0.7746	-0.159	-0.159	-0.7746
186	1265	92	-0.7981	-0.1831	-0.183	-0.7982
186	1266	92	-0.5858	0.03	0.03	-0.5858
186	1267	92	-0.7441	-0.1291	-0.129	-0.7442
186	1268	92	-0.7615	-0.146	-0.146	-0.7616
186	1269	92	-0.8747	-0.259	-0.259	-0.8747
186	1270	92	-0.8143	-0.1991	-0.199	-0.8143
186	1271	92	-0.7117	-0.096	-0.096	-0.7116
186	1272	92	-0.5245	0.044	0.044	-0.5243
186	1273	92	-0.6719	-0.056	-0.056	-0.6719
186	1274	92	-0.7404	-0.1262	-0.126	-0.7405
186	1275	92	-0.7144	-0.0991	-0.099	-0.7144
186	1276	92	-0.5733	0.019	0.019	-0.5732
186	1277	92	-0.6	0.016	0.016	-0.5999
186	1278	92	-0.6397	-0.024	-0.024	-0.6397
186	127	92	-0.9372	-0.483	-0.483	-0.9369
186	1279	92	-0.7725	-0.1571	-0.157	-0.7725
186	1280	92	-0.7115	-0.0961	-0.096	-0.7115
186	1281	92	-0.7491	-0.1341	-0.134	-0.7492
186	1282	92	-0.739	-0.1241	-0.124	-0.7391
186	1283	92	-0.6411	-0.025	-0.025	-0.641
186	1284	92	-0.7491	-0.1341	-0.134	-0.7492
186	1285	92	-0.8615	-0.2472	-0.247	-0.8616
186	1286	92	-0.8897	-0.274	-0.274	-0.8897
186	1287	92	-0.5822	0.032	0.032	-0.5821
186	1288	92	-0.6648	-0.049	-0.049	-0.6648
186	128	92	-0.5887	-0.376	-0.376	-0.5882
186	1289	92	-0.6735	-0.0581	-0.058	-0.6735
186	1290	92	-0.6098	0.006	0.006	-0.6097
186	1291	92	-0.8257	-0.2112	-0.211	-0.8258
186	1292	92	-0.6077	0.008	0.008	-0.6077
186	12	92	-0.7407	-0.125	-0.125	-0.7406
186	1293	92	-0.6368	-0.021	-0.021	-0.6368
186	1294	92	-0.6131	0.003	0.003	-0.613
186	1295	92	-0.642	-0.026	-0.026	-0.6419
186	1296	92	-0.6477	-0.032	-0.032	-0.6477
186	1297	92	-0.6784	-0.0631	-0.063	-0.6784
186	1298	92	-0.6736	-0.058	-0.058	-0.6736
186	1299	92	-0.7757	-0.1612	-0.161	-0.7758
186	1300	92	-0.7569	-0.1422	-0.142	-0.757
186	1301	92	-0.6914	-0.0761	-0.076	-0.6914
186	1302	92	-0.7215	-0.1061	-0.106	-0.7215
186	1303	92	-0.6001	0.016	0.016	-0.6001
186	1304	92	-0.6609	-0.045	-0.045	-0.6608
186	1305	92	-0.7215	-0.1061	-0.106	-0.7215
186	1306	92	-0.6197	-0.004	-0.004	-0.6197
186	1307	92	-0.7153	-0.1001	-0.1	-0.7153
186	1308	92	-0.7055	-0.0901	-0.09	-0.7055
186	130	92	-0.9743	-0.3591	-0.359	-0.9744
186	1309	92	-0.7143	-0.0991	-0.099	-0.7143
186	1310	92	-0.848	-0.2331	-0.233	-0.848
186	1311	92	-0.7037	-0.088	-0.088	-0.7036
186	1312	92	-0.6873	-0.0721	-0.072	-0.6873
186	1313	92	-0.7883	-0.1731	-0.173	-0.7883
186	1314	92	-0.9384	-0.3242	-0.324	-0.9385
186	1315	92	-0.6648	-0.049	-0.049	-0.6648
186	1316	92	-0.8351	-0.2201	-0.22	-0.8351
186	1317	92	-0.5961	0.02	0.02	-0.596
186	1318	92	-0.6785	-0.063	-0.063	-0.6786
186	131	92	-1.058	-0.4431	-0.443	-1.0581
186	1319	92	-0.2859	0.33	0.33	-0.2858
186	1320	92	-0.6359	-0.02	-0.02	-0.6359
186	1321	92	-0.6824	-0.592	-0.592	-0.6819
186	1322	92	-0.7343	-0.1191	-0.119	-0.7343
186	1323	92	-0.539	0.077	0.077	-0.539
186	1324	92	-0.799	-0.1841	-0.184	-0.7991
186	1325	92	-0.6963	-0.0822	-0.082	-0.6965
186	1326	92	-0.8498	-0.234	-0.234	-0.8498
186	1327	92	-0.838	-0.2231	-0.223	-0.838
186	1328	92	-0.6945	-0.0791	-0.079	-0.6945
186	1329	92	-0.7469	-0.1321	-0.132	-0.747
186	1330	92	-0.6251	-0.009	-0.009	-0.6251
186	1331	92	-0.6835	-0.118	-0.118	-0.6833
186	1332	92	-0.7969	-0.1821	-0.182	-0.797
186	1333	92	-1.1058	-0.49	-0.49	-1.1058
186	1334	92	-0.6689	-0.053	-0.053	-0.6688
186	1335	92	-1.0837	-0.468	-0.468	-1.0837
186	1336	92	-0.706	-0.0911	-0.091	-0.7061
186	1337	92	-0.8566	-0.2422	-0.242	-0.8568
186	1338	92	-0.6766	-0.061	-0.061	-0.6766
186	133	92	-0.788	-0.172	-0.172	-0.7879
186	1339	92	-0.8231	-0.2081	-0.208	-0.8232
186	1340	92	-0.7493	-0.1341	-0.134	-0.7493
186	1341	92	-0.7204	-0.1051	-0.105	-0.7204
186	1342	92	-0.7413	-0.1261	-0.126	-0.7413
186	1343	92	-1.148	-0.532	-0.532	-1.148
186	1344	92	-0.7734	-0.1592	-0.159	-0.7736
186	1345	92	-0.818	-0.2031	-0.203	-0.8181
186	1346	92	-0.8703	-0.2551	-0.255	-0.8703
186	1347	92	-0.6484	-0.0331	-0.033	-0.6484
186	1348	92	-0.7751	-0.1601	-0.16	-0.7752
186	1349	92	-0.7016	-0.086	-0.086	-0.7016
186	1350	92	-0.7532	-0.1381	-0.138	-0.7532
186	1351	92	-0.8561	-0.2411	-0.241	-0.8562
186	1352	92	-1.2521	-0.6371	-0.637	-1.2522
186	1353	92	-1.0164	-0.4022	-0.402	-1.0166
186	1354	92	-0.7088	-0.093	-0.093	-0.7087
186	1355	92	-0.7598	-0.1452	-0.145	-0.7599
186	1356	92	-0.7461	-0.1311	-0.131	-0.7461
186	1357	92	-0.6586	-0.043	-0.043	-0.6586
186	1358	92	-0.5793	0.021	0.021	-0.5792
186	135	92	-0.7767	-0.161	-0.161	-0.7767
186	1359	92	-0.5771	0.039	0.039	-0.577
186	1360	92	-0.6507	-0.035	-0.035	-0.6507
186	1361	92	-0.5771	0.039	0.039	-0.577
186	1362	92	-0.6716	-0.056	-0.056	-0.6716
186	1363	92	-0.6727	-0.057	-0.057	-0.6727
186	1364	92	-0.7027	-0.087	-0.087	-0.7027
186	1365	92	-0.8275	-0.2121	-0.212	-0.8275
186	1366	92	-0.5988	0.017	0.017	-0.5987
186	1367	92	-0.6118	0.004	0.004	-0.6118
186	1368	92	-0.8417	-0.2272	-0.227	-0.8418
186	1369	92	-0.6366	-0.021	-0.021	-0.6366
186	1370	92	-0.6525	-0.0371	-0.037	-0.6525
186	1371	92	-0.6706	-0.055	-0.055	-0.6706
186	1372	92	-0.6716	-0.056	-0.056	-0.6716
186	1373	92	-0.7888	-0.1742	-0.174	-0.7889
186	1374	92	-0.7667	-0.1522	-0.152	-0.7668
186	1375	92	-0.823	-0.207	-0.207	-0.8229
186	1376	92	-0.7243	-0.1091	-0.109	-0.7243
186	1377	92	-0.6358	-0.02	-0.02	-0.6358
186	1378	92	-0.6348	-0.019	-0.019	-0.6347
186	137	92	-0.6334	-0.0181	-0.018	-0.6334
186	1379	92	-0.5852	0.022	0.022	-0.5851
186	1380	92	-0.7556	-0.14	-0.14	-0.7556
186	1381	92	-0.8414	-0.2272	-0.227	-0.8416
186	1382	92	-0.7511	-0.1361	-0.136	-0.7512
186	1383	92	-0.6208	-0.005	-0.005	-0.6207
186	1384	92	-0.7047	-0.089	-0.089	-0.7047
186	1385	92	-0.6903	-0.0751	-0.075	-0.6903
186	1386	92	-0.6927	-0.077	-0.077	-0.6927
186	1387	92	-0.8898	-0.2752	-0.275	-0.8899
186	1388	92	-0.7828	-0.1682	-0.168	-0.7829
186	138	92	-0.7398	-0.124	-0.124	-0.7397
186	1389	92	-0.7233	-0.1081	-0.108	-0.7234
186	1390	92	-0.6597	-0.044	-0.044	-0.6596
186	1391	92	-0.7741	-0.1591	-0.159	-0.7742
186	1392	92	-0.7007	-0.085	-0.085	-0.7007
186	13	92	-0.616	0	0	-0.6159
186	1393	92	-0.6648	-0.049	-0.049	-0.6647
186	1394	92	-0.8446	-0.2302	-0.23	-0.8447
186	1395	92	-0.6806	-0.065	-0.065	-0.6806
186	1396	92	-0.7917	-0.1772	-0.177	-0.7918
186	1397	92	-0.7044	-0.0891	-0.089	-0.7044
186	1398	92	-0.7762	-0.1611	-0.161	-0.7762
186	139	92	-0.8385	-0.594	-0.594	-0.8381
186	1399	92	-0.8295	-0.2152	-0.215	-0.8297
186	1400	92	-0.6486	-0.033	-0.033	-0.6486
186	1401	92	-0.6924	-0.0771	-0.077	-0.6924
186	1402	92	-0.6556	-0.425	-0.425	-0.6552
186	1403	92	-0.7358	-0.12	-0.12	-0.7357
186	1404	92	-0.5569	0.059	0.059	-0.5569
186	1405	92	-0.6635	-0.0481	-0.048	-0.6635
186	1406	92	-0.7193	-0.1041	-0.104	-0.7194
186	1407	92	-0.6584	-0.0431	-0.043	-0.6584
186	1408	92	-0.7339	-0.1191	-0.119	-0.734
186	140	92	-0.8586	-0.2442	-0.244	-0.8587
186	1409	92	-0.7323	-0.1171	-0.117	-0.7323
186	1410	92	-0.627	-0.62	-0.62	-0.6264
186	1411	92	-0.8874	-0.2732	-0.273	-0.8876
186	1412	92	-0.6554	-0.0401	-0.04	-0.6554
186	1413	92	-0.7783	-0.181	-0.181	-0.7782
186	1414	92	-0.6459	-0.03	-0.03	-0.6458
186	1415	92	-0.7196	-0.104	-0.104	-0.7196
186	1416	92	-0.8106	-0.1962	-0.196	-0.8108
186	1417	92	-0.7197	-0.1052	-0.105	-0.7198
186	1418	92	-0.6478	-0.032	-0.032	-0.6477
186	1419	92	-0.7463	-0.1311	-0.131	-0.7463
186	1420	92	-0.5839	0.032	0.032	-0.5838
186	1421	92	-0.8062	-0.1911	-0.191	-0.8063
186	1422	92	-0.7248	-0.109	-0.109	-0.7247
186	1423	92	-0.6359	-0.02	-0.02	-0.6358
186	1424	92	-0.622	-0.62	-0.62	-0.6214
186	1425	92	-0.634	-0.018	-0.018	-0.634
186	1426	92	-0.7026	-0.087	-0.087	-0.7026
186	1427	92	-0.7154	-0.1001	-0.1	-0.7154
186	1428	92	-0.6616	-0.046	-0.046	-0.6616
186	1429	92	-0.7085	-0.0931	-0.093	-0.7085
186	1430	92	-0.7999	-0.1851	-0.185	-0.8
186	1431	92	-0.8794	-0.2641	-0.264	-0.8794
186	1432	92	-0.614	0.002	0.002	-0.614
186	1433	92	-0.7037	-0.182	-0.182	-0.7036
186	1435	92	-0.6517	-0.036	-0.036	-0.6517
186	1436	92	-0.5981	0.018	0.018	-0.598
186	1437	92	-0.6317	-0.016	-0.016	-0.6317
186	1438	92	-0.7539	-0.1391	-0.139	-0.754
186	1439	92	-0.9695	-0.3552	-0.355	-0.9697
186	1440	92	-0.714	-0.397	-0.397	-0.7137
186	1441	92	-0.7217	-0.1072	-0.107	-0.7218
186	1442	92	-0.6491	-0.033	-0.033	-0.649
186	1443	92	-0.8317	-0.2172	-0.217	-0.8318
186	1444	92	-0.7352	-0.1201	-0.12	-0.7353
186	1445	92	-0.7226	-0.107	-0.107	-0.7226
186	1446	92	-0.7502	-0.1351	-0.135	-0.7502
186	1447	92	-0.7006	-0.085	-0.085	-0.7006
186	1448	92	-0.7214	-0.1061	-0.106	-0.7214
186	1449	92	-0.7788	-0.1642	-0.164	-0.7789
186	1450	92	-0.7905	-0.386	-0.386	-0.7902
186	1451	92	-0.7758	-0.1612	-0.161	-0.7759
186	1452	92	-0.6689	-0.053	-0.053	-0.6688
186	1453	92	-0.8359	-0.22	-0.22	-0.8358
186	1454	92	-0.5927	0.023	0.023	-0.5927
186	1455	92	-0.6974	-0.0821	-0.082	-0.6974
186	1456	92	-0.6756	-0.06	-0.06	-0.6756
186	1457	92	-0.7329	-0.117	-0.117	-0.7328
186	1458	92	-0.5334	0.0819	0.082	-0.5335
186	1459	92	-0.7312	-0.1161	-0.116	-0.7313
186	1460	92	-0.7107	-0.095	-0.095	-0.7107
186	1461	92	-0.7397	-0.203	-0.203	-0.7395
186	1462	92	-0.6577	-0.611	-0.611	-0.6571
186	1463	92	-0.823	-0.2081	-0.208	-0.8231
186	1464	92	-0.7193	-0.439	-0.439	-0.7189
186	1465	92	-0.709	-0.383	-0.383	-0.7086
186	1466	92	-1.2455	-0.6312	-0.631	-1.2456
186	1467	92	-0.8626	-0.2482	-0.248	-0.8627
186	1468	92	-1.0194	-0.4041	-0.404	-1.0195
186	1469	92	-0.7552	-0.1401	-0.14	-0.7552
186	1470	92	-0.7413	-0.1261	-0.126	-0.7413
186	1472	92	-1.0116	-0.3972	-0.397	-1.0117
186	1473	92	-0.8099	-0.1951	-0.195	-0.81
186	1474	92	-0.8648	-0.249	-0.249	-0.8648
186	1475	92	-0.667	-0.051	-0.051	-0.667
186	1476	92	-0.5792	-0.129	-0.129	-0.579
186	1477	92	-0.6916	-0.076	-0.076	-0.6916
186	1478	92	-0.8538	-0.2392	-0.239	-0.8539
186	1479	92	-0.612	0.004	0.004	-0.6119
186	1480	92	-0.69	-0.074	-0.074	-0.69
186	1481	92	-0.5674	-0.476	-0.476	-0.5669
186	1482	92	-0.9387	-0.323	-0.323	-0.9387
186	1483	92	-0.945	-0.3301	-0.33	-0.945
186	1484	92	-0.6518	-0.036	-0.036	-0.6517
186	1485	92	-0.8736	-0.258	-0.258	-0.8736
186	1486	92	-1.061	-0.4461	-0.446	-1.0611
186	1487	92	-0.7738	-0.589	-0.589	-0.7734
186	1488	92	-0.9765	-0.423	-0.423	-0.9764
186	1489	92	-0.8222	-0.2083	-0.208	-0.8224
186	1490	92	-0.959	-0.3441	-0.344	-0.959
186	1491	92	-0.802	-0.1871	-0.187	-0.802
186	1492	92	-1.0734	-0.4592	-0.459	-1.0735
186	14	92	-0.6051	0.011	0.011	-0.6051
186	1493	92	-0.6623	-0.0471	-0.047	-0.6624
186	1494	92	-0.8709	-0.2561	-0.256	-0.871
186	1495	92	-0.5977	-0.555	-0.555	-0.5972
186	1496	92	-0.9368	-0.3222	-0.322	-0.9369
186	1497	92	-0.6577	-0.042	-0.042	-0.6576
186	1498	92	-0.7212	-0.1072	-0.107	-0.7214
186	1499	92	-0.6996	-0.084	-0.084	-0.6996
186	1500	92	-0.8381	-0.2231	-0.223	-0.8382
186	1501	92	-0.6627	-0.047	-0.047	-0.6626
186	1502	92	-0.8397	-0.2252	-0.225	-0.8399
186	1503	92	-0.7093	-0.0941	-0.094	-0.7093
186	1504	92	-0.6413	-0.37	-0.37	-0.6409
186	1505	92	-0.7394	-0.1241	-0.124	-0.7394
186	1506	92	-0.7692	-0.1541	-0.154	-0.7693
186	1507	92	-0.7113	-0.0961	-0.096	-0.7114
186	1508	92	-0.745	-0.1301	-0.13	-0.7451
186	1509	92	-0.6355	-0.0201	-0.02	-0.6355
186	1510	92	-0.6743	-0.0591	-0.059	-0.6743
186	1511	92	-0.7202	-0.1051	-0.105	-0.7202
186	1512	92	-0.6399	-0.024	-0.024	-0.6399
186	1513	92	-0.6773	-0.0621	-0.062	-0.6773
186	1514	92	-0.8433	-0.2281	-0.228	-0.8433
186	1515	92	-0.775	-0.1601	-0.16	-0.7751
186	1516	92	-0.6409	-0.025	-0.025	-0.6409
186	1517	92	-0.6705	-0.0551	-0.055	-0.6705
186	1518	92	-0.6667	-0.051	-0.051	-0.6667
186	1519	92	-0.6198	-0.004	-0.004	-0.6198
186	1520	92	-0.6515	-0.0361	-0.036	-0.6515
186	1521	92	-0.6576	-0.042	-0.042	-0.6576
186	1522	92	-0.6955	-0.0801	-0.08	-0.6955
186	1523	92	-0.6556	-0.04	-0.04	-0.6556
186	1524	92	-0.6407	-0.025	-0.025	-0.6406
186	1525	92	-0.6843	-0.0691	-0.069	-0.6843
186	1526	92	-0.9194	-0.3052	-0.305	-0.9195
186	1527	92	-0.7912	-0.1761	-0.176	-0.7913
186	1528	92	-0.8211	-0.2061	-0.206	-0.8212
186	1529	92	-0.8131	-0.1981	-0.198	-0.8132
186	1530	92	-0.8012	-0.1861	-0.186	-0.8012
186	1531	92	-1.3388	-0.7242	-0.724	-1.3389
186	1532	92	-0.6916	-0.076	-0.076	-0.6916
186	1533	92	-0.7072	-0.0921	-0.092	-0.7073
186	1534	92	-0.7641	-0.1491	-0.149	-0.7642
186	1535	92	-0.6795	-0.0641	-0.064	-0.6795
186	1536	92	-0.613	0.003	0.003	-0.613
186	1537	92	-0.4964	-0.248	-0.248	-0.4961
186	1538	92	-0.6598	-0.044	-0.044	-0.6598
186	1539	92	-0.7333	-0.1181	-0.118	-0.7333
186	1540	92	-0.6626	-0.047	-0.047	-0.6626
186	1541	92	-0.3722	0.074	0.074	-0.372
186	1542	92	-0.6629	-0.047	-0.047	-0.6628
186	1543	92	-0.4334	-0.016	-0.016	-0.4331
186	1544	92	-0.7782	-0.1631	-0.163	-0.7782
186	1545	92	-0.7632	-0.1481	-0.148	-0.7633
186	1546	92	-0.733	-0.574	-0.574	-0.7325
186	1547	92	-1.1999	-0.5851	-0.585	-1.2
186	1548	92	-0.7042	-0.0891	-0.089	-0.7042
186	1549	92	-0.6606	-0.045	-0.045	-0.6606
186	1550	92	-0.916	-0.599	-0.599	-0.9157
186	1551	92	-0.6316	-0.016	-0.016	-0.6316
186	1552	92	-0.755	-0.1401	-0.14	-0.7551
186	1553	92	-0.6654	-0.0501	-0.05	-0.6655
186	1554	92	-0.6795	-0.0641	-0.064	-0.6795
186	1555	92	-0.6643	-0.071	-0.071	-0.6642
186	1556	92	-0.615	0.001	0.001	-0.6149
186	1557	92	-0.6209	-0.005	-0.005	-0.6209
186	1558	92	-0.6437	-0.028	-0.028	-0.6436
186	1559	92	-0.6449	-0.029	-0.029	-0.6448
186	1560	92	-0.6693	-0.0541	-0.054	-0.6694
186	1561	92	-0.6679	-0.052	-0.052	-0.6679
186	1562	92	-0.8073	-0.1932	-0.193	-0.8075
186	1563	92	-0.823	-0.2081	-0.208	-0.8231
186	1564	92	-0.625	-0.009	-0.009	-0.625
186	1565	92	-0.6506	-0.035	-0.035	-0.6506
186	1566	92	-0.783	-0.1681	-0.168	-0.7831
186	1567	92	-0.7945	-0.1791	-0.179	-0.7945
186	1568	92	-0.7076	-0.092	-0.092	-0.7076
186	1569	92	-0.6169	-0.001	-0.001	-0.6169
186	1570	92	-0.6518	-0.036	-0.036	-0.6518
186	1571	92	-0.6725	-0.0571	-0.057	-0.6725
186	1572	92	-0.7453	-0.1301	-0.13	-0.7453
186	1573	92	-0.7073	-0.0921	-0.092	-0.7074
186	1574	92	-0.7602	-0.1451	-0.145	-0.7603
186	1575	92	-0.6557	-0.04	-0.04	-0.6557
186	1576	92	-0.7866	-0.171	-0.171	-0.7866
186	1577	92	-0.7274	-0.1121	-0.112	-0.7274
186	1578	92	-0.7411	-0.1261	-0.126	-0.7412
186	1579	92	-0.6361	-0.02	-0.02	-0.636
186	1580	92	-0.6485	-0.0331	-0.033	-0.6485
186	1581	92	-0.6966	-0.081	-0.081	-0.6966
186	1582	92	-0.7341	-0.1191	-0.119	-0.7342
186	1583	92	-0.8384	-0.2242	-0.224	-0.8385
186	1584	92	-0.5664	0.016	0.016	-0.5663
186	1585	92	-0.7314	-0.1161	-0.116	-0.7314
186	1586	92	-0.8072	-0.1921	-0.192	-0.8072
186	1587	92	-0.803	-0.1881	-0.188	-0.8031
186	1588	92	-0.8767	-0.2622	-0.262	-0.8768
186	1589	92	-0.7733	-0.1581	-0.158	-0.7733
186	1590	92	-0.8386	-0.2242	-0.224	-0.8388
186	1591	92	-0.6944	-0.0791	-0.079	-0.6944
186	1592	92	-0.7873	-0.1721	-0.172	-0.7874
186	1593	92	-0.625	-0.62	-0.62	-0.6244
186	1594	92	-1.118	-0.5031	-0.503	-1.1181
186	1595	92	-1.0698	-0.454	-0.454	-1.0698
186	1596	92	-0.8426	-0.303	-0.303	-0.8425
186	1597	92	-0.8062	-0.1911	-0.191	-0.8063
186	1598	92	-1.419	-0.8041	-0.804	-1.4191
186	1599	92	-0.8942	-0.2802	-0.28	-0.8944
186	1600	92	-0.784	-0.1691	-0.169	-0.7841
186	1601	92	-0.7174	-0.463	-0.463	-0.717
186	1602	92	-0.6744	-0.0591	-0.059	-0.6744
186	1603	92	-0.1937	0.007	0.007	-0.1933
186	1604	92	-0.6518	-0.036	-0.036	-0.6518
186	1605	92	-0.6795	-0.0641	-0.064	-0.6795
186	1606	92	-0.5555	0.01	0.01	-0.5553
186	1607	92	-0.8797	-0.2652	-0.265	-0.8798
186	1608	92	-0.5541	-0.409	-0.409	-0.5536
186	1609	92	-0.6249	-0.009	-0.009	-0.6249
186	1610	92	-0.737	-0.1221	-0.122	-0.7371
186	1611	92	-0.6996	-0.084	-0.084	-0.6996
186	1612	92	-0.6897	-0.074	-0.074	-0.6896
186	1613	92	-0.7015	-0.0861	-0.086	-0.7015
186	1614	92	-0.6868	-0.071	-0.071	-0.6868
186	1615	92	-0.7148	-0.099	-0.099	-0.7147
186	1616	92	-0.6218	-0.006	-0.006	-0.6218
186	1617	92	-0.7253	-0.1101	-0.11	-0.7254
186	1618	92	-0.7759	-0.1611	-0.161	-0.776
186	1619	92	-0.5723	0.019	0.019	-0.5722
186	1620	92	-0.6785	-0.0631	-0.063	-0.6785
186	1621	92	-0.9213	-0.3061	-0.306	-0.9213
186	1622	92	-0.6677	-0.052	-0.052	-0.6677
186	1623	92	-0.8075	-0.1932	-0.193	-0.8077
186	1624	92	-0.7658	-0.1512	-0.151	-0.7659
186	1625	92	-0.6846	-0.069	-0.069	-0.6846
186	1626	92	-0.8527	-0.237	-0.237	-0.8527
186	1627	92	-0.6698	-0.054	-0.054	-0.6698
186	1628	92	-0.5131	0.103	0.103	-0.5131
186	162	92	-0.6554	-0.397	-0.397	-0.655
186	1629	92	-0.6337	-0.018	-0.018	-0.6337
186	1630	92	-0.7612	-0.1461	-0.146	-0.7612
186	1631	92	-0.7732	-0.485	-0.485	-0.7728
186	1632	92	-0.8309	-0.215	-0.215	-0.8309
186	1633	92	-0.7968	-0.1822	-0.182	-0.7969
186	1634	92	-0.768	-0.1531	-0.153	-0.768
186	1635	92	-0.7644	-0.1491	-0.149	-0.7644
186	1636	92	-0.8702	-0.2563	-0.256	-0.8704
186	1637	92	-0.6109	0.005	0.005	-0.6108
186	1638	92	-0.7292	-0.1141	-0.114	-0.7293
186	163	92	-0.677	-0.193	-0.193	-0.6768
186	1639	92	-0.7411	-0.1261	-0.126	-0.7412
186	1640	92	-0.5851	0.031	0.031	-0.585
186	1641	92	-0.9623	-0.3471	-0.347	-0.9623
186	1642	92	-0.5919	0.024	0.024	-0.5918
186	1643	92	-0.7193	-0.1041	-0.104	-0.7193
186	1644	92	-0.7485	-0.1331	-0.133	-0.7485
186	1645	92	-0.6617	-0.046	-0.046	-0.6617
186	1646	92	-0.6407	-0.025	-0.025	-0.6406
186	1647	92	-0.6934	-0.0781	-0.078	-0.6935
186	1648	92	-0.5868	0.029	0.029	-0.5868
186	164	92	-0.7874	-0.53	-0.53	-0.787
186	1649	92	-0.6952	-0.0801	-0.08	-0.6953
186	1650	92	-0.3295	0.075	0.075	-0.3292
186	1651	92	-0.6747	-0.059	-0.059	-0.6747
186	1652	92	-0.7424	-0.1271	-0.127	-0.7424
186	1653	92	-0.6409	-0.025	-0.025	-0.6409
186	1654	92	-0.9071	-0.291	-0.291	-0.907
186	1655	92	-0.5941	0.022	0.022	-0.594
186	1656	92	-0.8497	-0.2352	-0.235	-0.8498
186	1657	92	-0.824	-0.2091	-0.209	-0.8241
186	1658	92	-0.7946	-0.1802	-0.18	-0.7947
186	1659	92	-0.5949	0.021	0.021	-0.5948
186	1660	92	-0.5613	0.028	0.028	-0.5612
186	1661	92	-0.61	0.006	0.006	-0.61
186	1662	92	-0.6025	0.0129	0.013	-0.6025
186	1663	92	-0.8969	-0.2821	-0.282	-0.897
186	1664	92	-0.6241	-0.008	-0.008	-0.6241
186	1665	92	-0.7086	-0.093	-0.093	-0.7086
186	1666	92	-0.5953	-0.004	-0.004	-0.5952
186	1667	92	-0.6142	-0.01	-0.01	-0.6141
186	1668	92	-0.6708	-0.055	-0.055	-0.6708
186	1669	92	-0.6634	-0.0481	-0.048	-0.6634
186	1670	92	-0.6196	-0.004	-0.004	-0.6196
186	1671	92	-0.6257	-0.01	-0.01	-0.6257
186	1672	92	-0.7814	-0.1661	-0.166	-0.7814
186	1673	92	-0.6669	-0.165	-0.165	-0.6667
186	1674	92	-0.8	-0.1851	-0.185	-0.8001
186	1675	92	-0.7949	-0.1801	-0.18	-0.795
186	1676	92	-0.7641	-0.1491	-0.149	-0.7642
186	1677	92	-0.8055	-0.1901	-0.19	-0.8055
186	1678	92	-0.7245	-0.323	-0.323	-0.7242
186	1679	92	-0.767	-0.1521	-0.152	-0.7671
186	1680	92	-0.7832	-0.337	-0.337	-0.783
186	1681	92	-0.773	-0.1581	-0.158	-0.7731
186	1682	92	-0.8129	-0.1982	-0.198	-0.813
186	1683	92	-1.1189	-0.62	-0.62	-1.1187
186	1684	92	-1.3613	-0.7461	-0.746	-1.3614
186	1685	92	-0.7012	-0.099	-0.099	-0.7012
186	1686	92	-0.7738	-0.1592	-0.159	-0.7739
186	1687	92	-0.6346	-0.019	-0.019	-0.6346
186	1688	92	-0.6088	0.007	0.007	-0.6088
186	168	92	-0.6344	-0.212	-0.212	-0.6341
186	1689	92	-0.771	-0.453	-0.453	-0.7707
186	1690	92	-0.7355	-0.502	-0.502	-0.7351
186	1691	92	-0.7651	-0.1501	-0.15	-0.7652
186	1692	92	-0.6569	-0.041	-0.041	-0.6569
186	16	92	-0.6397	-0.024	-0.024	-0.6397
186	1693	92	-0.6666	-0.051	-0.051	-0.6666
186	1694	92	-0.6289	-0.618	-0.618	-0.6283
186	1695	92	-0.5442	0.0709	0.071	-0.5443
186	1696	92	-0.6497	-0.034	-0.034	-0.6497
186	1697	92	-0.8288	-0.2142	-0.214	-0.8289
186	1698	92	-0.812	-0.1971	-0.197	-0.8121
186	169	92	-1.3298	-0.7152	-0.715	-1.3299
186	1699	92	-0.6636	-0.048	-0.048	-0.6636
186	1700	92	-0.6877	-0.072	-0.072	-0.6877
186	1701	92	-0.9757	-0.3612	-0.361	-0.9758
186	1702	92	-1.3534	-0.7392	-0.739	-1.3536
186	1703	92	-0.6446	-0.029	-0.029	-0.6446
186	1704	92	-0.7411	-0.1261	-0.126	-0.7411
186	1705	92	-0.6916	-0.076	-0.076	-0.6916
186	1706	92	-0.753	-0.1381	-0.138	-0.7531
186	1707	92	-0.6504	-0.0351	-0.035	-0.6505
186	1708	92	-0.6427	-0.027	-0.027	-0.6426
186	1709	92	-0.7933	-0.1781	-0.178	-0.7933
186	1710	92	-0.6836	-0.068	-0.068	-0.6836
186	1711	92	-0.6308	-0.015	-0.015	-0.6308
186	1712	92	-1.0216	-0.406	-0.406	-1.0216
186	1713	92	-0.772	-0.1571	-0.157	-0.7721
186	1714	92	-0.6855	-0.0701	-0.07	-0.6855
186	1715	92	-0.818	-0.202	-0.202	-0.818
186	1716	92	-0.6795	-0.0641	-0.064	-0.6795
186	1717	92	-0.6847	-0.069	-0.069	-0.6847
186	1718	92	-0.7562	-0.1411	-0.141	-0.7562
186	171	92	-0.7849	-0.606	-0.606	-0.7844
186	1719	92	-0.8585	-0.2442	-0.244	-0.8586
186	1720	92	-0.7165	-0.1011	-0.101	-0.7165
186	1721	92	-0.6787	-0.063	-0.063	-0.6787
186	1722	92	-0.6556	-0.04	-0.04	-0.6556
186	1723	92	-0.612	0.004	0.004	-0.6119
186	1724	92	-0.766	-0.1511	-0.151	-0.7661
186	1725	92	-0.7122	-0.0971	-0.097	-0.7123
186	1726	92	-0.7671	-0.1521	-0.152	-0.7671
186	1727	92	-0.7063	-0.0911	-0.091	-0.7064
186	1728	92	-0.7333	-0.1181	-0.118	-0.7333
186	1729	92	-0.777	-0.1621	-0.162	-0.7771
186	1730	92	-0.8207	-0.2062	-0.206	-0.8208
186	1731	92	-0.7402	-0.1251	-0.125	-0.7402
186	1732	92	-0.7233	-0.1081	-0.108	-0.7233
186	1733	92	-0.8669	-0.2521	-0.252	-0.867
186	1734	92	-0.6922	-0.0771	-0.077	-0.6923
186	1735	92	-0.814	-0.1991	-0.199	-0.814
186	1736	92	-0.7346	-0.119	-0.119	-0.7346
186	1737	92	-0.6562	-0.045	-0.045	-0.6561
186	1738	92	-0.7882	-0.1731	-0.173	-0.7883
186	1739	92	-0.7194	-0.1041	-0.104	-0.7195
186	1740	92	-0.7151	-0.1001	-0.1	-0.7152
186	1741	92	-0.6596	-0.044	-0.044	-0.6596
186	1742	92	-0.6347	-0.019	-0.019	-0.6347
186	1743	92	-0.6029	0.013	0.013	-0.6028
186	1744	92	-0.6268	-0.011	-0.011	-0.6267
186	1745	92	-0.7581	-0.1431	-0.143	-0.7581
186	1746	92	-0.8754	-0.2612	-0.261	-0.8756
186	1747	92	-0.6061	0.01	0.01	-0.606
186	1748	92	-0.737	-0.1221	-0.122	-0.7371
186	174	92	-0.9968	-0.381	-0.381	-0.9968
186	1749	92	-0.6291	-0.013	-0.013	-0.6291
186	1750	92	-0.7466	-0.131	-0.131	-0.7466
186	1751	92	-0.7705	-0.1551	-0.155	-0.7705
186	1752	92	-0.6873	-0.0721	-0.072	-0.6873
186	1753	92	-0.6826	-0.067	-0.067	-0.6826
186	1754	92	-0.6786	-0.063	-0.063	-0.6786
186	1755	92	-0.8052	-0.1901	-0.19	-0.8052
186	1756	92	-0.6222	-0.008	-0.008	-0.6221
186	1757	92	-0.7395	-0.1241	-0.124	-0.7395
186	1758	92	-0.6816	-0.066	-0.066	-0.6816
186	175	92	-1.0304	-0.459	-0.459	-1.0303
186	1759	92	-0.7391	-0.1241	-0.124	-0.7391
186	1760	92	-0.8838	-0.2692	-0.269	-0.8839
186	1761	92	-0.7071	-0.0921	-0.092	-0.7072
186	1762	92	-0.7571	-0.1421	-0.142	-0.7571
186	1763	92	-0.6437	-0.028	-0.028	-0.6437
186	1764	92	-0.6718	-0.056	-0.056	-0.6718
186	1765	92	-0.7035	-0.0881	-0.088	-0.7035
186	1766	92	-0.6896	-0.074	-0.074	-0.6896
186	1767	92	-0.6517	-0.036	-0.036	-0.6517
186	1768	92	-0.7354	-0.1201	-0.12	-0.7355
186	1769	92	-0.6408	-0.025	-0.025	-0.6408
186	1770	92	-0.6458	-0.03	-0.03	-0.6458
186	1771	92	-0.6906	-0.075	-0.075	-0.6906
186	1772	92	-0.6568	-0.041	-0.041	-0.6568
186	1773	92	-0.7007	-0.085	-0.085	-0.7007
186	1774	92	-0.8217	-0.2072	-0.207	-0.8218
186	1775	92	-0.8065	-0.1911	-0.191	-0.8065
186	1776	92	-0.7721	-0.1571	-0.157	-0.7721
186	1777	92	-0.7005	-0.0851	-0.085	-0.7005
186	1778	92	-0.6795	-0.0641	-0.064	-0.6795
186	177	92	-0.8359	-0.492	-0.492	-0.8355
186	1779	92	-0.7279	-0.1131	-0.113	-0.728
186	1780	92	-0.6286	-0.013	-0.013	-0.6286
186	1781	92	-0.7084	-0.0931	-0.093	-0.7084
186	1782	92	-0.5382	-0.251	-0.251	-0.5378
186	1783	92	-0.8205	-0.2051	-0.205	-0.8205
186	1784	92	-0.6183	-0.021	-0.021	-0.6182
186	1785	92	-0.9204	-0.336	-0.336	-0.9202
186	1786	92	-0.5773	0.009	0.009	-0.5772
186	1787	92	-0.6648	-0.049	-0.049	-0.6648
186	1788	92	-0.9943	-0.3791	-0.379	-0.9943
186	1789	92	-0.6953	-0.0801	-0.08	-0.6953
186	1790	92	-0.6835	-0.609	-0.609	-0.683
186	1791	92	-0.7393	-0.1241	-0.124	-0.7394
186	1792	92	-0.6995	-0.0852	-0.085	-0.6997
186	1793	92	-0.7432	-0.1281	-0.128	-0.7433
186	1794	92	-0.6324	-0.062	-0.062	-0.6323
186	1795	92	-0.5134	0.058	0.058	-0.5133
186	1796	92	-0.7581	-0.1431	-0.143	-0.7582
186	1797	92	-0.9617	-0.6	-0.6	-0.9614
186	1798	92	-1.3265	-0.7111	-0.711	-1.3265
186	1799	92	-0.7486	-0.133	-0.133	-0.7486
186	1800	92	-0.7297	-0.114	-0.114	-0.7297
186	1801	92	-0.7115	-0.0972	-0.097	-0.7116
186	1802	92	-0.8032	-0.19	-0.19	-0.8031
186	1803	92	-0.7493	-0.158	-0.158	-0.7492
186	1804	92	-0.7423	-0.1271	-0.127	-0.7423
186	1805	92	-0.813	-0.1981	-0.198	-0.8131
186	1806	92	-0.7599	-0.1451	-0.145	-0.76
186	1807	92	-0.6748	-0.059	-0.059	-0.6747
186	1808	92	-0.6156	0	0	-0.6156
186	1809	92	-0.8508	-0.235	-0.235	-0.8508
186	1810	92	-0.7036	-0.088	-0.088	-0.7036
186	1811	92	-0.8758	-0.26	-0.26	-0.8758
186	1812	92	-0.7412	-0.1261	-0.126	-0.7413
186	1813	92	-0.671	-0.055	-0.055	-0.6709
186	1814	92	-0.6237	-0.0092	-0.009	-0.6238
186	1815	92	-0.8499	-0.2351	-0.235	-0.85
186	1816	92	-0.9346	-0.3202	-0.32	-0.9348
186	1817	92	-0.7195	-0.1041	-0.104	-0.7195
186	1818	92	-0.9718	-0.356	-0.356	-0.9718
186	1819	92	-0.8105	-0.1962	-0.196	-0.8107
186	1820	92	-0.74	-0.1251	-0.125	-0.7401
186	1821	92	-0.944	-0.3291	-0.329	-0.944
186	1822	92	-0.644	-0.028	-0.028	-0.644
186	1823	92	-0.7068	-0.091	-0.091	-0.7068
186	1824	92	-0.6718	-0.056	-0.056	-0.6718
186	1825	92	-0.6092	-0.004	-0.004	-0.6091
186	1826	92	-0.6977	-0.082	-0.082	-0.6977
186	1827	92	-0.6249	-0.009	-0.009	-0.6249
186	1828	92	-0.6325	-0.076	-0.076	-0.6324
186	182	92	-0.6459	-0.03	-0.03	-0.6459
186	1829	92	-0.7026	-0.087	-0.087	-0.7026
186	1830	92	-0.6228	-0.007	-0.007	-0.6227
186	1831	92	-0.7096	-0.094	-0.094	-0.7096
186	1832	92	-0.6905	-0.0751	-0.075	-0.6905
186	1833	92	-0.7269	-0.1121	-0.112	-0.727
186	1834	92	-0.7013	-0.0861	-0.086	-0.7013
186	1835	92	-0.7133	-0.0981	-0.098	-0.7133
186	1836	92	-0.6933	-0.0781	-0.078	-0.6933
186	1837	92	-0.8402	-0.2251	-0.225	-0.8402
186	1838	92	-0.5967	0.019	0.019	-0.5966
186	1839	92	-0.8757	-0.2612	-0.261	-0.8758
186	1840	92	-0.7788	-0.1642	-0.164	-0.7789
186	1841	92	-0.8057	-0.1912	-0.191	-0.8058
186	1842	92	-0.8	-0.1851	-0.185	-0.8001
186	1843	92	-0.7634	-0.1481	-0.148	-0.7634
186	1844	92	-0.7608	-0.1462	-0.146	-0.7609
186	1845	92	-1.1565	-0.588	-0.588	-1.1563
186	1846	92	-0.6031	0.013	0.013	-0.603
186	1847	92	-0.9348	-0.3202	-0.32	-0.9349
186	1848	92	-0.7384	-0.1231	-0.123	-0.7384
186	184	92	-0.6725	-0.586	-0.586	-0.6719
186	1849	92	-0.7213	-0.1061	-0.106	-0.7213
186	1850	92	-0.6797	-0.064	-0.064	-0.6797
186	1851	92	-0.5892	0.021	0.021	-0.5891
186	1852	92	-0.6785	-0.0631	-0.063	-0.6785
186	1853	92	-0.7679	-0.1531	-0.153	-0.768
186	1854	92	-0.6399	-0.024	-0.024	-0.6398
186	1855	92	-0.7581	-0.1431	-0.143	-0.7582
186	1856	92	-0.7034	-0.0881	-0.088	-0.7035
186	1857	92	-0.7661	-0.1511	-0.151	-0.7661
186	1858	92	-0.8061	-0.1911	-0.191	-0.8062
186	1859	92	-1.1123	-0.4971	-0.497	-1.1123
186	1860	92	-0.612	0.004	0.004	-0.612
186	1861	92	-0.5682	0.035	0.035	-0.5681
186	1862	92	-0.7074	-0.0921	-0.092	-0.7074
186	1863	92	-0.9294	-0.3141	-0.314	-0.9294
186	1864	92	-0.7898	-0.174	-0.174	-0.7898
186	1865	92	-0.6707	-0.055	-0.055	-0.6707
186	1866	92	-0.6858	-0.07	-0.07	-0.6857
186	1867	92	-0.7103	-0.0951	-0.095	-0.7103
186	1868	92	-0.7711	-0.1561	-0.156	-0.7711
186	1869	92	-0.6279	-0.012	-0.012	-0.6279
186	1870	92	-0.856	-0.2411	-0.241	-0.856
186	1871	92	-0.7539	-0.1391	-0.139	-0.754
186	1872	92	-0.6977	-0.489	-0.489	-0.6973
186	1873	92	-0.8088	-0.193	-0.193	-0.8087
186	1874	92	-0.8367	-0.2222	-0.222	-0.8368
186	1875	92	-0.8371	-0.54	-0.54	-0.8368
186	1876	92	-0.6813	-0.576	-0.576	-0.6808
186	1877	92	-0.7086	-0.093	-0.093	-0.7086
186	1878	92	-0.6862	-0.082	-0.082	-0.6861
186	187	92	-0.8276	-0.2132	-0.213	-0.8277
186	1879	92	-0.7314	-0.1161	-0.116	-0.7314
186	1880	92	-0.6487	-0.033	-0.033	-0.6487
186	1881	92	-0.6862	-0.0711	-0.071	-0.6863
186	1882	92	-0.7006	-0.085	-0.085	-0.7006
186	1883	92	-0.7506	-0.1362	-0.136	-0.7507
186	1884	92	-0.6478	-0.0332	-0.033	-0.6479
186	1885	92	-0.7692	-0.1541	-0.154	-0.7692
186	1886	92	-0.6794	-0.0641	-0.064	-0.6794
186	1887	92	-0.6369	-0.618	-0.618	-0.6363
186	1888	92	-0.6399	-0.145	-0.145	-0.6397
186	188	92	-0.7122	-0.103	-0.103	-0.7121
186	1889	92	-0.6214	-0.046	-0.046	-0.6213
186	1890	92	-0.638	-0.022	-0.022	-0.638
186	1891	92	-0.6997	-0.084	-0.084	-0.6997
186	1892	92	-0.638	-0.022	-0.022	-0.6379
186	18	92	-0.6952	-0.403	-0.403	-0.6948
186	1893	92	-0.8356	-0.2212	-0.221	-0.8358
186	1894	92	-0.6231	-0.007	-0.007	-0.623
186	1895	92	-0.7521	-0.1371	-0.137	-0.7522
186	1896	92	-0.6588	-0.043	-0.043	-0.6587
186	1897	92	-0.6361	-0.02	-0.02	-0.636
186	1898	92	-0.5861	0.03	0.03	-0.586
186	1899	92	-0.826	-0.2111	-0.211	-0.8261
186	1900	92	-0.7095	-0.094	-0.094	-0.7096
186	1901	92	-0.6338	-0.018	-0.018	-0.6338
186	1902	92	-0.7354	-0.1201	-0.12	-0.7354
186	1903	92	-0.6523	-0.0382	-0.038	-0.6524
186	1904	92	-0.844	-0.2291	-0.229	-0.8441
186	1905	92	-0.7152	-0.1001	-0.1	-0.7153
186	1906	92	-0.7483	-0.1331	-0.133	-0.7484
186	1907	92	-0.6827	-0.067	-0.067	-0.6827
186	1908	92	-0.7689	-0.1541	-0.154	-0.769
186	190	92	-0.8274	-0.2121	-0.212	-0.8274
186	1909	92	-0.7343	-0.1191	-0.119	-0.7343
186	1910	92	-1.0974	-0.4821	-0.482	-1.0974
186	1911	92	-0.6518	-0.036	-0.036	-0.6518
186	1912	92	-0.792	-0.1771	-0.177	-0.7921
186	1913	92	-0.7808	-0.1662	-0.166	-0.7809
186	1914	92	-0.6935	-0.0781	-0.078	-0.6935
186	1915	92	-0.7354	-0.1201	-0.12	-0.7354
186	1916	92	-0.6388	-0.023	-0.023	-0.6387
186	1917	92	-0.6683	-0.078	-0.078	-0.6682
186	1918	92	-0.6703	-0.0551	-0.055	-0.6703
186	191	92	-0.644	-0.028	-0.028	-0.644
186	1919	92	-0.8615	-0.457	-0.457	-0.8612
186	1920	92	-0.7678	-0.571	-0.571	-0.7673
186	1921	92	-0.6795	-0.0641	-0.064	-0.6795
186	1922	92	-0.7976	-0.1832	-0.183	-0.7978
186	1923	92	-0.7692	-0.1541	-0.154	-0.7692
186	1924	92	-0.7226	-0.107	-0.107	-0.7226
186	1925	92	-0.7381	-0.1231	-0.123	-0.7382
186	1926	92	-0.6437	-0.028	-0.028	-0.6437
186	1927	92	-0.7442	-0.1291	-0.129	-0.7443
186	1928	92	-0.6726	-0.057	-0.057	-0.6726
186	192	92	-0.7891	-0.484	-0.484	-0.7888
186	1929	92	-0.7361	-0.1211	-0.121	-0.7362
186	1930	92	-0.8241	-0.2091	-0.209	-0.8242
186	1931	92	-0.7452	-0.1301	-0.13	-0.7452
186	1932	92	-0.735	-0.1201	-0.12	-0.7351
186	1933	92	-0.7432	-0.1281	-0.128	-0.7432
186	1934	92	-0.8893	-0.2752	-0.275	-0.8895
186	1935	92	-0.6518	-0.036	-0.036	-0.6518
186	1936	92	-0.7699	-0.1551	-0.155	-0.77
186	1937	92	-0.6478	-0.032	-0.032	-0.6478
186	1938	92	-0.5858	0.03	0.03	-0.5858
186	193	92	-0.9737	-0.3592	-0.359	-0.9738
186	1939	92	-0.7153	-0.1001	-0.1	-0.7153
186	1940	92	-0.615	0.001	0.001	-0.615
186	1941	92	-0.5473	0.046	0.046	-0.5472
186	1942	92	-0.692	-0.076	-0.076	-0.6919
186	1943	92	-0.9495	-0.3341	-0.334	-0.9495
186	1944	92	-0.6429	-0.027	-0.027	-0.6428
186	1945	92	-0.6697	-0.054	-0.054	-0.6697
186	1946	92	-0.7549	-0.1401	-0.14	-0.755
186	1947	92	-0.6705	-0.0551	-0.055	-0.6705
186	1948	92	-0.6846	-0.069	-0.069	-0.6846
186	1949	92	-0.8755	-0.2612	-0.261	-0.8757
186	1951	92	-0.6523	-0.385	-0.385	-0.652
186	1952	92	-0.7265	-0.1111	-0.111	-0.7265
186	1953	92	-0.7465	-0.1311	-0.131	-0.7465
186	1954	92	-0.6667	-0.051	-0.051	-0.6667
186	1955	92	-0.685	-0.0701	-0.07	-0.6851
186	1956	92	-0.6726	-0.057	-0.057	-0.6726
186	1957	92	-0.6113	-0.337	-0.337	-0.6109
186	1958	92	-0.6398	-0.024	-0.024	-0.6398
186	1959	92	-0.841	-0.2261	-0.226	-0.8411
186	1960	92	-0.7626	-0.147	-0.147	-0.7626
186	1961	92	-1.204	-0.5891	-0.589	-1.2041
186	1962	92	-0.8283	-0.2131	-0.213	-0.8284
186	1963	92	-0.8592	-0.2441	-0.244	-0.8593
186	1964	92	-0.813	-0.1981	-0.198	-0.8131
186	1965	92	-0.8533	-0.258	-0.258	-0.8532
186	1966	92	-0.6995	-0.0852	-0.085	-0.6997
186	1967	92	-0.9933	-0.3781	-0.378	-0.9934
186	1968	92	-0.6896	-0.074	-0.074	-0.6896
186	1969	92	-0.777	-0.1621	-0.162	-0.777
186	1970	92	-0.6696	-0.054	-0.054	-0.6696
186	1971	92	-0.7228	-0.1082	-0.108	-0.7229
186	1972	92	-0.7797	-0.164	-0.164	-0.7797
186	1973	92	-0.8673	-0.2521	-0.252	-0.8673
186	1974	92	-0.7496	-0.134	-0.134	-0.7496
186	1975	92	-0.7523	-0.1382	-0.138	-0.7525
186	1976	92	-0.7251	-0.42	-0.42	-0.7248
186	1977	92	-0.6419	-0.026	-0.026	-0.6418
186	1978	92	-0.7769	-0.1622	-0.162	-0.777
186	197	92	-0.7064	-0.0911	-0.091	-0.7064
186	1979	92	-0.7216	-0.106	-0.106	-0.7216
186	1980	92	-0.8207	-0.2062	-0.206	-0.8208
186	1981	92	-0.5802	0.025	0.025	-0.5801
186	1982	92	-0.7984	-0.1842	-0.184	-0.7985
186	1983	92	-0.806	-0.1911	-0.191	-0.8061
186	1984	92	-0.7241	-0.1091	-0.109	-0.7241
186	1985	92	-0.717	-0.101	-0.101	-0.7169
186	1986	92	-0.9376	-0.3232	-0.323	-0.9378
186	1987	92	-0.7637	-0.148	-0.148	-0.7637
186	1988	92	-0.6697	-0.054	-0.054	-0.6697
186	198	92	-0.9784	-0.3631	-0.363	-0.9784
186	1989	92	-0.76	-0.1451	-0.145	-0.7601
186	1990	92	-0.7822	-0.49	-0.49	-0.7818
186	1991	92	-1.0225	-0.4071	-0.407	-1.0225
186	1992	92	-0.5684	0.005	0.005	-0.5683
186	19	92	-0.5609	-0.38	-0.38	-0.5604
186	1993	92	-0.7399	-0.1251	-0.125	-0.74
186	1994	92	-0.7005	-0.0851	-0.085	-0.7005
186	1995	92	-0.7284	-0.1131	-0.113	-0.7285
186	1996	92	-0.7403	-0.1251	-0.125	-0.7404
186	1997	92	-0.7085	-0.0931	-0.093	-0.7085
186	1998	92	-0.8154	-0.2001	-0.2	-0.8154
186	199	92	-0.7603	-0.1451	-0.145	-0.7604
186	1999	92	-0.62	-0.62	-0.62	-0.6194
186	2000	92	-0.6012	0.015	0.015	-0.6011
186	2001	92	-0.581	0.035	0.035	-0.5809
186	2002	92	-0.593	0.023	0.023	-0.593
186	2003	92	-0.8054	-0.1901	-0.19	-0.8054
186	2004	92	-0.6924	-0.0771	-0.077	-0.6924
186	2005	92	-0.636	-0.0211	-0.021	-0.6361
186	203	92	-0.6446	-0.029	-0.029	-0.6446
186	208	92	-0.9311	-0.3161	-0.316	-0.9311
186	20	92	-0.6738	-0.058	-0.058	-0.6738
186	214	92	-0.618	-0.615	-0.615	-0.6174
186	216	92	-0.7507	-0.135	-0.135	-0.7506
186	217	92	-0.8534	-0.2381	-0.238	-0.8534
186	21	92	-0.6352	-0.342	-0.342	-0.6348
186	220	92	-0.7436	-0.128	-0.128	-0.7436
186	222	92	-0.7738	-0.1592	-0.159	-0.7739
186	223	92	-0.9239	-0.308	-0.308	-0.9239
186	224	92	-0.7167	-0.187	-0.187	-0.7165
186	225	92	-0.8082	-0.1931	-0.193	-0.8082
186	228	92	-0.8723	-0.2582	-0.258	-0.8725
186	22	92	-0.5692	0.041	0.041	-0.5691
186	230	92	-0.7725	-0.1571	-0.157	-0.7725
186	235	92	-0.6104	0.0049	0.005	-0.6104
186	237	92	-0.6365	-0.0211	-0.021	-0.6365
186	239	92	-0.7542	-0.1391	-0.139	-0.7542
186	240	92	-1.012	-0.3971	-0.397	-1.0121
186	242	92	-0.8711	-0.2573	-0.257	-0.8713
186	244	92	-0.8228	-0.207	-0.207	-0.8228
186	246	92	-0.8566	-0.471	-0.471	-0.8563
186	24	92	-0.7616	-0.533	-0.533	-0.7612
186	249	92	-0.714	-0.098	-0.098	-0.7139
186	250	92	-0.7796	-0.388	-0.388	-0.7793
186	252	92	-0.7485	-0.1331	-0.133	-0.7485
186	254	92	-0.5838	0.032	0.032	-0.5837
186	255	92	-0.7065	-0.0911	-0.091	-0.7065
186	256	92	-0.7086	-0.093	-0.093	-0.7086
186	257	92	-1.0212	-0.411	-0.411	-1.0211
186	258	92	-0.6588	-0.043	-0.043	-0.6588
186	259	92	-0.7432	-0.448	-0.448	-0.7428
186	260	92	-0.6805	-0.0651	-0.065	-0.6805
186	261	92	-0.7334	-0.1181	-0.118	-0.7334
186	264	92	-0.7528	-0.137	-0.137	-0.7527
186	26	92	-0.7992	-0.191	-0.191	-0.7991
186	269	92	-0.7445	-0.1291	-0.129	-0.7445
186	272	92	-0.608	0.008	0.008	-0.608
186	273	92	-0.7411	-0.1261	-0.126	-0.7412
186	275	92	-0.7053	-0.114	-0.114	-0.7052
186	276	92	-0.6945	-0.0791	-0.079	-0.6945
186	277	92	-0.6359	-0.612	-0.612	-0.6353
186	278	92	-0.6378	-0.022	-0.022	-0.6378
186	27	92	-0.6588	-0.0442	-0.044	-0.6589
186	281	92	-0.9572	-0.3433	-0.343	-0.9574
186	283	92	-0.7726	-0.157	-0.157	-0.7726
186	286	92	-1.2269	-0.6121	-0.612	-1.227
186	291	92	-0.7259	-0.1111	-0.111	-0.726
186	292	92	-0.7478	-0.132	-0.132	-0.7478
186	2	92	-0.6445	-0.403	-0.403	-0.6441
186	294	92	-0.6358	-0.02	-0.02	-0.6358
186	298	92	-0.6359	-0.02	-0.02	-0.6359
186	29	92	-0.6268	-0.011	-0.011	-0.6268
186	300	92	-0.6934	-0.0781	-0.078	-0.6935
186	303	92	-1.1751	-0.559	-0.559	-1.175
186	304	92	-0.7786	-0.1642	-0.164	-0.7787
186	305	92	-0.5714	0.004	0.004	-0.5713
186	306	92	-0.7635	-0.1481	-0.148	-0.7635
186	309	92	-0.7362	-0.614	-0.614	-0.7357
186	310	92	-0.6794	-0.0641	-0.064	-0.6794
186	315	92	-0.7472	-0.1321	-0.132	-0.7472
186	316	92	-0.8182	-0.2031	-0.203	-0.8182
186	317	92	-0.8764	-0.2622	-0.262	-0.8765
186	318	92	-0.6745	-0.0591	-0.059	-0.6745
186	31	92	-0.7535	-0.188	-0.188	-0.7533
186	320	92	-0.6595	-0.0441	-0.044	-0.6595
186	321	92	-0.808	-0.1931	-0.193	-0.8081
186	323	92	-0.7668	-0.1522	-0.152	-0.7669
186	324	92	-1.2022	-0.5883	-0.588	-1.2024
186	325	92	-0.6929	-0.077	-0.077	-0.6928
186	32	92	-0.6937	-0.487	-0.487	-0.6933
186	332	92	-0.9277	-0.3132	-0.313	-0.9278
186	334	92	-0.8018	-0.186	-0.186	-0.8018
186	336	92	-0.6999	-0.084	-0.084	-0.6998
186	337	92	-0.7834	-0.212	-0.212	-0.7833
186	33	92	-0.5891	-0.123	-0.123	-0.5889
186	339	92	-0.7707	-0.1562	-0.156	-0.7708
186	340	92	-0.7114	-0.133	-0.133	-0.7113
186	343	92	-0.4868	0.029	0.029	-0.4866
186	344	92	-0.8266	-0.275	-0.275	-0.8264
186	349	92	-0.7194	-0.1052	-0.105	-0.7196
186	351	92	-0.6636	-0.435	-0.435	-0.6632
186	353	92	-0.7563	-0.1411	-0.141	-0.7563
186	354	92	-0.8713	-0.2572	-0.257	-0.8715
186	358	92	-0.7363	-0.1211	-0.121	-0.7364
186	361	92	-0.6719	-0.056	-0.056	-0.6718
186	362	92	-0.7012	-0.093	-0.093	-0.7011
186	363	92	-0.8676	-0.252	-0.252	-0.8676
186	364	92	-0.8834	-0.2692	-0.269	-0.8836
186	365	92	-0.5512	0.062	0.062	-0.5511
186	366	92	-0.7576	-0.142	-0.142	-0.7576
186	367	92	-0.652	-0.036	-0.036	-0.652
186	368	92	-0.807	-0.1921	-0.192	-0.8071
186	36	92	-0.8775	-0.324	-0.324	-0.8774
186	369	92	-0.7404	-0.1251	-0.125	-0.7404
186	370	92	-0.8382	-0.2231	-0.223	-0.8382
186	371	92	-0.5723	0.024	0.024	-0.5722
186	372	92	-0.7244	-0.1091	-0.109	-0.7244
186	373	92	-0.5972	0.009	0.009	-0.5971
186	374	92	-0.6497	-0.034	-0.034	-0.6497
186	375	92	-0.7342	-0.1191	-0.119	-0.7343
186	376	92	-0.8504	-0.2351	-0.235	-0.8504
186	377	92	-0.7122	-0.0971	-0.097	-0.7123
186	378	92	-0.2303	0.044	0.044	-0.2299
186	37	92	-0.8251	-0.2113	-0.211	-0.8253
186	379	92	-0.6289	-0.013	-0.013	-0.6288
186	380	92	-0.6807	-0.065	-0.065	-0.6807
186	381	92	-0.8928	-0.2782	-0.278	-0.8929
186	382	92	-0.6658	-0.05	-0.05	-0.6657
186	383	92	-0.5024	0.07	0.07	-0.5023
186	384	92	-0.7495	-0.1341	-0.134	-0.7495
186	385	92	-0.657	-0.041	-0.041	-0.657
186	386	92	-0.6627	-0.133	-0.133	-0.6625
186	387	92	-0.8208	-0.2062	-0.206	-0.8209
186	388	92	-0.6793	-0.0641	-0.064	-0.6793
186	38	92	-0.642	-0.026	-0.026	-0.6419
186	389	92	-0.6795	-0.0641	-0.064	-0.6795
186	390	92	-0.5209	-0.024	-0.024	-0.5207
186	391	92	-0.5792	0.023	0.023	-0.5792
186	392	92	-0.8095	-0.414	-0.414	-0.8093
186	393	92	-0.7334	-0.1181	-0.118	-0.7334
186	394	92	-0.6924	-0.0771	-0.077	-0.6925
186	395	92	-0.844	-0.2291	-0.229	-0.844
186	396	92	-0.7414	-0.1261	-0.126	-0.7414
186	397	92	-0.2384	0.022	0.022	-0.238
186	398	92	-0.7952	-0.349	-0.349	-0.795
186	39	92	-0.6432	-0.359	-0.359	-0.6429
186	399	92	-0.7814	-0.1661	-0.166	-0.7814
186	400	92	-0.577	0.039	0.039	-0.577
186	401	92	-0.7513	-0.1361	-0.136	-0.7514
186	402	92	-1.1588	-0.5442	-0.544	-1.1589
186	403	92	-0.6862	-0.0711	-0.071	-0.6863
186	404	92	-0.9211	-0.305	-0.305	-0.921
186	405	92	-0.8052	-0.1901	-0.19	-0.8053
186	406	92	-0.6799	-0.064	-0.064	-0.6799
186	407	92	-0.688	-0.072	-0.072	-0.688
186	408	92	-0.7611	-0.1461	-0.146	-0.7612
186	409	92	-0.9728	-0.357	-0.357	-0.9728
186	410	92	-0.6383	-0.045	-0.045	-0.6382
186	411	92	-0.8305	-0.2151	-0.215	-0.8305
186	412	92	-0.6827	-0.067	-0.067	-0.6827
186	413	92	-0.7512	-0.465	-0.465	-0.7509
186	414	92	-0.7565	-0.1411	-0.141	-0.7565
186	415	92	-0.769	-0.603	-0.603	-0.7685
186	416	92	-0.7347	-0.119	-0.119	-0.7347
186	417	92	-0.7971	-0.1821	-0.182	-0.7972
186	418	92	-0.8291	-0.2141	-0.214	-0.8292
186	41	92	-0.7891	-0.1741	-0.174	-0.7892
186	419	92	-0.6884	-0.0742	-0.074	-0.6885
186	420	92	-0.7094	-0.449	-0.449	-0.709
186	421	92	-0.7787	-0.244	-0.244	-0.7785
186	422	92	-0.8531	-0.237	-0.237	-0.853
186	423	92	-0.8076	-0.586	-0.586	-0.8072
186	424	92	-0.6834	-0.428	-0.428	-0.683
186	425	92	-0.8465	-0.2322	-0.232	-0.8466
186	426	92	-0.6425	-0.247	-0.247	-0.6423
186	427	92	-0.8572	-0.2421	-0.242	-0.8572
186	428	92	-0.862	-0.379	-0.379	-0.8618
186	42	92	-0.6684	-0.0531	-0.053	-0.6684
186	429	92	-0.7484	-0.1342	-0.134	-0.7486
186	430	92	-0.8027	-0.429	-0.429	-0.8024
186	431	92	-0.8873	-0.2721	-0.272	-0.8873
186	432	92	-0.6456	-0.03	-0.03	-0.6456
186	433	92	-1.1202	-0.5051	-0.505	-1.1202
186	434	92	-0.8924	-0.476	-0.476	-0.8922
186	435	92	-0.8273	-0.2132	-0.213	-0.8275
186	436	92	-0.7597	-0.227	-0.227	-0.7595
186	437	92	-0.7218	-0.106	-0.106	-0.7218
186	438	92	-0.9859	-0.3712	-0.371	-0.986
186	43	92	-0.6828	-0.067	-0.067	-0.6828
186	439	92	-0.6881	-0.0731	-0.073	-0.6882
186	440	92	-0.7036	-0.088	-0.088	-0.7036
186	441	92	-0.6795	-0.0641	-0.064	-0.6795
186	442	92	-0.7066	-0.091	-0.091	-0.7066
186	443	92	-0.8294	-0.2141	-0.214	-0.8294
186	444	92	-0.6491	-0.033	-0.033	-0.649
186	445	92	-0.8765	-0.2622	-0.262	-0.8766
186	446	92	-0.6674	-0.0521	-0.052	-0.6674
186	447	92	-0.7273	-0.1121	-0.112	-0.7273
186	448	92	-0.7899	-0.1751	-0.175	-0.79
186	44	92	-0.8947	-0.279	-0.279	-0.8947
186	449	92	-0.611	0.005	0.005	-0.6109
186	450	92	-0.8126	-0.1982	-0.198	-0.8127
186	451	92	-0.7956	-0.1812	-0.181	-0.7957
186	452	92	-0.8363	-0.245	-0.245	-0.8362
186	453	92	-0.6646	-0.049	-0.049	-0.6646
186	454	92	-0.6064	-0.345	-0.345	-0.606
186	455	92	-0.7365	-0.1211	-0.121	-0.7365
186	456	92	-0.6627	-0.047	-0.047	-0.6627
186	457	92	-0.7551	-0.1401	-0.14	-0.7551
186	458	92	-0.7688	-0.1542	-0.154	-0.7689
186	45	92	-0.6128	-0.424	-0.424	-0.6124
186	459	92	-0.8088	-0.1942	-0.194	-0.8089
186	460	92	-0.7314	-0.1161	-0.116	-0.7314
186	461	92	-0.6361	-0.02	-0.02	-0.636
186	462	92	-0.6749	-0.059	-0.059	-0.6748
186	463	92	-0.5832	0.0319	0.032	-0.5833
186	464	92	-0.7518	-0.136	-0.136	-0.7517
186	465	92	-0.8317	-0.2172	-0.217	-0.8318
186	466	92	-0.6657	-0.05	-0.05	-0.6657
186	467	92	-0.6039	0.012	0.012	-0.6039
186	468	92	-0.8479	-0.2331	-0.233	-0.848
186	46	92	-0.842	-0.2271	-0.227	-0.8421
186	469	92	-0.7304	-0.1151	-0.115	-0.7304
186	470	92	-0.7589	-0.1441	-0.144	-0.759
186	471	92	-0.5563	0.041	0.041	-0.5562
186	472	92	-0.8741	-0.2591	-0.259	-0.8741
186	473	92	-0.6371	-0.021	-0.021	-0.637
186	474	92	-0.6964	-0.0811	-0.081	-0.6964
186	475	92	-0.7132	-0.0981	-0.098	-0.7133
186	476	92	-0.7259	-0.1111	-0.111	-0.726
186	477	92	-0.6935	-0.0781	-0.078	-0.6935
186	478	92	-0.733	-0.1181	-0.118	-0.733
186	47	92	-0.5232	0.084	0.084	-0.5231
186	479	92	-0.8275	-0.2121	-0.212	-0.8275
186	480	92	-0.7573	-0.1421	-0.142	-0.7573
186	481	92	-0.7361	-0.1211	-0.121	-0.7362
186	482	92	-0.63	-0.014	-0.014	-0.6299
186	483	92	-0.765	-0.1501	-0.15	-0.7651
186	484	92	-0.6986	-0.083	-0.083	-0.6986
186	485	92	-0.6428	-0.027	-0.027	-0.6427
186	486	92	-0.7192	-0.1041	-0.104	-0.7192
186	487	92	-0.7759	-0.1611	-0.161	-0.776
186	488	92	-0.6793	-0.0641	-0.064	-0.6793
186	48	92	-0.8533	-0.2381	-0.238	-0.8533
186	489	92	-0.5781	0.038	0.038	-0.578
186	490	92	-0.7413	-0.1261	-0.126	-0.7413
186	491	92	-0.6028	0.013	0.013	-0.6028
186	492	92	-0.5651	0.051	0.051	-0.565
186	4	92	-0.6373	-0.048	-0.048	-0.6372
186	493	92	-0.5753	-0.139	-0.139	-0.575
186	494	92	-0.576	0.04	0.04	-0.5759
186	495	92	-0.7206	-0.105	-0.105	-0.7206
186	496	92	-0.7264	-0.1111	-0.111	-0.7264
186	497	92	-0.6957	-0.08	-0.08	-0.6957
186	498	92	-0.65	-0.034	-0.034	-0.6499
186	49	92	-0.6617	-0.046	-0.046	-0.6617
186	499	92	-0.7652	-0.1501	-0.15	-0.7653
186	500	92	-0.7493	-0.1341	-0.134	-0.7494
186	501	92	-0.7792	-0.1641	-0.164	-0.7793
186	502	92	-0.6845	-0.0691	-0.069	-0.6845
186	503	92	-1.1425	-0.5282	-0.528	-1.1426
186	504	92	-0.8701	-0.2551	-0.255	-0.8701
186	505	92	-0.792	-0.1771	-0.177	-0.7921
186	506	92	-0.6269	-0.011	-0.011	-0.6269
186	507	92	-0.8913	-0.2761	-0.276	-0.8914
186	508	92	-0.7405	-0.1251	-0.125	-0.7405
186	509	92	-0.6722	-0.0571	-0.057	-0.6722
186	510	92	-0.7563	-0.1411	-0.141	-0.7564
186	511	92	-0.7343	-0.1191	-0.119	-0.7343
186	512	92	-0.8088	-0.1942	-0.194	-0.8089
186	513	92	-0.6886	-0.073	-0.073	-0.6886
186	514	92	-0.7055	-0.0901	-0.09	-0.7055
186	515	92	-0.8738	-0.2592	-0.259	-0.8739
186	516	92	-0.7014	-0.0861	-0.086	-0.7014
186	517	92	-0.8378	-0.2232	-0.223	-0.8379
186	518	92	-0.6458	-0.03	-0.03	-0.6458
186	519	92	-0.8129	-0.1981	-0.198	-0.813
186	520	92	-0.8549	-0.2402	-0.24	-0.855
186	521	92	-0.6217	-0.006	-0.006	-0.6217
186	522	92	-0.7935	-0.1792	-0.179	-0.7937
186	523	92	-0.7558	-0.1412	-0.141	-0.7559
186	524	92	-0.7175	-0.1021	-0.102	-0.7175
186	525	92	-0.7348	-0.1202	-0.12	-0.7349
186	526	92	-0.7313	-0.1161	-0.116	-0.7314
186	527	92	-0.6696	-0.054	-0.054	-0.6696
186	528	92	-0.6805	-0.0651	-0.065	-0.6805
186	529	92	-0.6246	-0.009	-0.009	-0.6246
186	530	92	-0.7114	-0.0961	-0.096	-0.7114
186	531	92	-0.7324	-0.1171	-0.117	-0.7324
186	532	92	-0.6526	-0.037	-0.037	-0.6526
186	533	92	-0.8108	-0.1962	-0.196	-0.8109
186	534	92	-0.7515	-0.1361	-0.136	-0.7515
186	535	92	-0.7811	-0.1661	-0.166	-0.7812
186	536	92	-0.6723	-0.0571	-0.057	-0.6724
186	537	92	-0.8466	-0.2322	-0.232	-0.8467
186	538	92	-0.7592	-0.1441	-0.144	-0.7592
186	53	92	-0.9906	-0.449	-0.449	-0.9905
186	539	92	-0.6477	-0.032	-0.032	-0.6477
186	540	92	-0.9812	-0.375	-0.375	-0.9811
186	541	92	-0.6279	-0.012	-0.012	-0.6279
186	542	92	-0.7364	-0.1211	-0.121	-0.7364
186	543	92	-0.8228	-0.2082	-0.208	-0.8229
186	544	92	-0.7346	-0.119	-0.119	-0.7346
186	545	92	-0.8565	-0.454	-0.454	-0.8562
186	546	92	-0.6894	-0.0741	-0.074	-0.6895
186	547	92	-0.6912	-0.0761	-0.076	-0.6913
186	548	92	-0.6916	-0.076	-0.076	-0.6916
186	54	92	-0.6437	-0.028	-0.028	-0.6437
186	549	92	-0.7054	-0.0901	-0.09	-0.7054
186	550	92	-0.7144	-0.0991	-0.099	-0.7144
186	551	92	-0.6725	-0.0571	-0.057	-0.6725
186	552	92	-0.7195	-0.1041	-0.104	-0.7195
186	553	92	-0.6318	-0.016	-0.016	-0.6318
186	554	92	-0.6987	-0.083	-0.083	-0.6987
186	555	92	-0.7671	-0.1521	-0.152	-0.7672
186	556	92	-0.7091	-0.0941	-0.094	-0.7091
186	557	92	-0.7689	-0.1541	-0.154	-0.769
186	558	92	-0.7072	-0.0921	-0.092	-0.7072
186	55	92	-0.7087	-0.093	-0.093	-0.7087
186	559	92	-0.7694	-0.1552	-0.155	-0.7696
186	560	92	-0.62	-0.62	-0.62	-0.6194
186	561	92	-0.6021	0.014	0.014	-0.602
186	562	92	-0.6774	-0.413	-0.413	-0.677
186	563	92	-1.0655	-0.502	-0.502	-1.0654
186	564	92	-0.6666	-0.051	-0.051	-0.6666
186	565	92	-1.3371	-0.7221	-0.722	-1.3372
186	566	92	-0.8123	-0.1971	-0.197	-0.8123
186	567	92	-1.0403	-0.4262	-0.426	-1.0405
186	568	92	-0.6995	-0.0841	-0.084	-0.6995
186	56	92	-0.6749	-0.059	-0.059	-0.6748
186	569	92	-0.6452	-0.0301	-0.03	-0.6453
186	570	92	-1.0345	-0.4191	-0.419	-1.0345
186	571	92	-0.8695	-0.2552	-0.255	-0.8696
186	572	92	-0.606	0.01	0.01	-0.6059
186	573	92	-0.7021	-0.086	-0.086	-0.702
186	574	92	-0.8077	-0.192	-0.192	-0.8077
186	575	92	-0.7768	-0.1622	-0.162	-0.7769
186	576	92	-0.6986	-0.083	-0.083	-0.6986
186	577	92	-0.6623	-0.0471	-0.047	-0.6624
186	578	92	-0.6846	-0.069	-0.069	-0.6846
186	579	92	-0.7722	-0.1571	-0.157	-0.7723
186	580	92	-0.5948	0.021	0.021	-0.5948
186	581	92	-0.7049	-0.531	-0.531	-0.7045
186	582	92	-0.8348	-0.219	-0.219	-0.8348
186	583	92	-0.6548	-0.039	-0.039	-0.6548
186	584	92	-0.7644	-0.1491	-0.149	-0.7644
186	585	92	-0.7604	-0.1451	-0.145	-0.7604
186	586	92	-0.6019	0.014	0.014	-0.6019
186	587	92	-0.7874	-0.526	-0.526	-0.787
186	588	92	-0.8337	-0.62	-0.62	-0.8332
186	58	92	-0.6462	-0.0311	-0.031	-0.6463
186	589	92	-0.9108	-0.2962	-0.296	-0.9109
186	590	92	-0.6092	0.0059	0.006	-0.6092
186	591	92	-0.8352	-0.2212	-0.221	-0.8354
186	592	92	-1.2031	-0.587	-0.587	-1.203
186	593	92	-0.7869	-0.1721	-0.172	-0.787
186	594	92	-0.6227	-0.007	-0.007	-0.6227
186	595	92	-0.5572	0.053	0.053	-0.5571
186	596	92	-0.7251	-0.1101	-0.11	-0.7252
186	597	92	-0.8589	-0.2442	-0.244	-0.859
186	598	92	-0.7595	-0.1441	-0.144	-0.7595
186	599	92	-0.6686	-0.053	-0.053	-0.6686
186	600	92	-0.9076	-0.292	-0.292	-0.9076
186	601	92	-0.6765	-0.0622	-0.062	-0.6766
186	602	92	-0.7895	-0.1741	-0.174	-0.7895
186	603	92	-0.6575	-0.0421	-0.042	-0.6575
186	604	92	-0.7844	-0.1691	-0.169	-0.7844
186	605	92	-0.6483	-0.0331	-0.033	-0.6484
186	606	92	-0.8633	-0.2492	-0.249	-0.8635
186	607	92	-0.6638	-0.048	-0.048	-0.6638
186	608	92	-0.8089	-0.1941	-0.194	-0.809
186	609	92	-0.732	-0.1171	-0.117	-0.7321
186	610	92	-0.7829	-0.1681	-0.168	-0.783
186	611	92	-0.6637	-0.048	-0.048	-0.6637
186	612	92	-0.4536	0.162	0.162	-0.4536
186	613	92	-0.7187	-0.103	-0.103	-0.7186
186	614	92	-0.8013	-0.1872	-0.187	-0.8015
186	615	92	-0.7391	-0.1241	-0.124	-0.7391
186	616	92	-0.6475	-0.0321	-0.032	-0.6475
186	617	92	-0.7491	-0.1341	-0.134	-0.7492
186	618	92	-0.8587	-0.2442	-0.244	-0.8588
186	61	92	-0.6835	-0.0681	-0.068	-0.6835
186	619	92	-0.7253	-0.1101	-0.11	-0.7253
186	620	92	-0.7384	-0.1231	-0.123	-0.7384
186	621	92	-0.7721	-0.156	-0.156	-0.772
186	622	92	-0.6887	-0.073	-0.073	-0.6887
186	623	92	-0.6367	-0.021	-0.021	-0.6367
186	624	92	-0.7194	-0.1041	-0.104	-0.7194
186	625	92	-0.579	0.037	0.037	-0.5789
186	626	92	-0.7625	-0.1471	-0.147	-0.7625
186	627	92	-0.6978	-0.082	-0.082	-0.6978
186	628	92	-0.6385	-0.071	-0.071	-0.6383
186	629	92	-0.7619	-0.1471	-0.147	-0.762
186	630	92	-0.65	-0.034	-0.034	-0.6499
186	631	92	-0.6105	-0.363	-0.363	-0.6101
186	632	92	-0.65	-0.034	-0.034	-0.65
186	633	92	-0.6495	-0.575	-0.575	-0.649
186	634	92	-0.63	-0.014	-0.014	-0.63
186	635	92	-0.7293	-0.1141	-0.114	-0.7293
186	636	92	-0.6187	-0.003	-0.003	-0.6187
186	637	92	-0.6776	-0.062	-0.062	-0.6776
186	638	92	-0.6369	-0.021	-0.021	-0.6369
186	63	92	-0.6369	-0.457	-0.457	-0.6364
186	639	92	-0.7553	-0.1401	-0.14	-0.7554
186	640	92	-0.8357	-0.22	-0.22	-0.8356
186	641	92	-0.7804	-0.1651	-0.165	-0.7805
186	642	92	-0.7337	-0.1192	-0.119	-0.7338
186	643	92	-0.8007	-0.1862	-0.186	-0.8008
186	644	92	-0.7086	-0.093	-0.093	-0.7086
186	645	92	-0.6189	-0.003	-0.003	-0.6189
186	646	92	-0.6875	-0.0721	-0.072	-0.6875
186	647	92	-0.7091	-0.0941	-0.094	-0.7092
186	648	92	-0.8701	-0.2551	-0.255	-0.8702
186	64	92	-0.828	-0.2131	-0.213	-0.8281
186	649	92	-0.7085	-0.093	-0.093	-0.7086
186	650	92	-0.7885	-0.1731	-0.173	-0.7885
186	651	92	-0.6478	-0.032	-0.032	-0.6478
186	652	92	-0.8115	-0.1961	-0.196	-0.8115
186	653	92	-0.7591	-0.1441	-0.144	-0.7591
186	654	92	-0.8209	-0.2062	-0.206	-0.821
186	655	92	-0.9345	-0.3202	-0.32	-0.9347
186	656	92	-0.6881	-0.072	-0.072	-0.688
186	657	92	-1.1503	-0.564	-0.564	-1.1502
186	658	92	-0.626	-0.618	-0.618	-0.6254
186	659	92	-0.7971	-0.181	-0.181	-0.797
186	660	92	-0.9861	-0.3711	-0.371	-0.9862
186	661	92	-0.8296	-0.2152	-0.215	-0.8297
186	662	92	-0.8996	-0.2852	-0.285	-0.8997
186	663	92	-0.6754	-0.0601	-0.06	-0.6754
186	664	92	-0.9157	-0.3012	-0.301	-0.9159
186	665	92	-0.7716	-0.39	-0.39	-0.7713
186	666	92	-0.939	-0.323	-0.323	-0.9389
186	667	92	-0.996	-0.38	-0.38	-0.996
186	668	92	-0.8233	-0.2092	-0.209	-0.8235
186	66	92	-0.7074	-0.0921	-0.092	-0.7074
186	669	92	-0.7121	-0.0971	-0.097	-0.7121
186	670	92	-0.6314	-0.056	-0.056	-0.6313
186	671	92	-0.8701	-0.403	-0.403	-0.8699
186	672	92	-0.7451	-0.1301	-0.13	-0.7452
186	673	92	-0.7862	-0.1711	-0.171	-0.7862
186	674	92	-0.7781	-0.1631	-0.163	-0.7782
186	675	92	-0.7127	-0.097	-0.097	-0.7127
186	676	92	-1.0026	-0.619	-0.619	-1.0023
186	677	92	-0.62	-0.62	-0.62	-0.6194
186	678	92	-0.521	-0.207	-0.207	-0.5207
186	679	92	-0.7145	-0.0991	-0.099	-0.7145
186	680	92	-0.6739	-0.491	-0.491	-0.6734
186	681	92	-0.6168	-0.001	-0.001	-0.6168
186	682	92	-0.6982	-0.092	-0.092	-0.6981
186	683	92	-0.5346	0.081	0.081	-0.5346
186	684	92	-0.6002	0.0149	0.015	-0.6002
186	685	92	-0.7121	-0.0971	-0.097	-0.7122
186	686	92	-0.6607	-0.045	-0.045	-0.6607
186	687	92	-0.6082	-0.477	-0.477	-0.6077
186	688	92	-0.6647	-0.049	-0.049	-0.6647
186	689	92	-0.7105	-0.0951	-0.095	-0.7105
186	690	92	-0.7204	-0.1051	-0.105	-0.7204
186	691	92	-0.689	-0.073	-0.073	-0.6889
186	692	92	-0.6807	-0.065	-0.065	-0.6807
186	6	92	-0.7852	-0.1701	-0.17	-0.7852
186	693	92	-0.7463	-0.1311	-0.131	-0.7463
186	694	92	-0.7563	-0.1411	-0.141	-0.7563
186	695	92	-0.802	-0.1871	-0.187	-0.8021
186	696	92	-0.7842	-0.1691	-0.169	-0.7842
186	697	92	-0.6612	-0.0461	-0.046	-0.6612
186	698	92	-0.6549	-0.039	-0.039	-0.6548
186	69	92	-0.8448	-0.229	-0.229	-0.8448
186	699	92	-0.8138	-0.1992	-0.199	-0.8139
186	700	92	-0.7949	-0.1801	-0.18	-0.795
186	701	92	-0.6675	-0.0521	-0.052	-0.6675
186	702	92	-0.8197	-0.2052	-0.205	-0.8198
186	703	92	-0.5812	0.03	0.03	-0.5811
186	704	92	-0.8477	-0.2332	-0.233	-0.8478
186	705	92	-0.7812	-0.1661	-0.166	-0.7812
186	706	92	-0.6219	-0.006	-0.006	-0.6218
186	707	92	-0.6	0.016	0.016	-0.6
186	708	92	-0.6997	-0.084	-0.084	-0.6997
186	70	92	-0.622	-0.006	-0.006	-0.6219
186	709	92	-0.5372	0.077	0.077	-0.5371
186	710	92	-0.7951	-0.1801	-0.18	-0.7952
186	711	92	-0.7672	-0.1521	-0.152	-0.7672
186	712	92	-0.694	-0.537	-0.537	-0.6935
186	713	92	-0.9089	-0.2941	-0.294	-0.909
186	714	92	-0.6737	-0.058	-0.058	-0.6737
186	715	92	-1.3213	-0.7072	-0.707	-1.3214
186	716	92	-1.0673	-0.467	-0.467	-1.0672
186	717	92	-0.7771	-0.1621	-0.162	-0.7771
186	718	92	-0.6407	-0.025	-0.025	-0.6407
186	71	92	-0.7367	-0.121	-0.121	-0.7367
186	719	92	-0.6552	-0.053	-0.053	-0.6552
186	720	92	-0.6522	-0.0371	-0.037	-0.6523
186	721	92	-0.6955	-0.0801	-0.08	-0.6955
186	722	92	-0.6402	-0.025	-0.025	-0.6401
186	723	92	-0.7896	-0.174	-0.174	-0.7896
186	724	92	-1.0572	-0.4421	-0.442	-1.0573
186	725	92	-0.7123	-0.0971	-0.097	-0.7124
186	726	92	-0.611	0.005	0.005	-0.6109
186	727	92	-0.8146	-0.2002	-0.2	-0.8147
186	728	92	-0.6437	-0.028	-0.028	-0.6437
186	729	92	-0.766	-0.1511	-0.151	-0.7661
186	730	92	-0.6654	-0.0501	-0.05	-0.6654
186	731	92	-0.6906	-0.075	-0.075	-0.6906
186	732	92	-0.7489	-0.1342	-0.134	-0.749
186	733	92	-0.6248	-0.265	-0.265	-0.6245
186	734	92	-0.6189	-0.285	-0.285	-0.6186
186	735	92	-0.6648	-0.049	-0.049	-0.6648
186	736	92	-0.7922	-0.1771	-0.177	-0.7923
186	737	92	-0.7312	-0.1161	-0.116	-0.7313
186	738	92	-0.6826	-0.067	-0.067	-0.6826
186	739	92	-0.6444	-0.0291	-0.029	-0.6444
186	740	92	-0.6387	-0.023	-0.023	-0.6387
186	741	92	-0.6448	-0.029	-0.029	-0.6448
186	742	92	-0.6568	-0.041	-0.041	-0.6567
186	743	92	-0.7002	-0.0851	-0.085	-0.7003
186	744	92	-0.6239	-0.008	-0.008	-0.6239
186	745	92	-0.8509	-0.2361	-0.236	-0.851
186	746	92	-0.7551	-0.1401	-0.14	-0.7551
186	747	92	-0.7452	-0.1301	-0.13	-0.7452
186	748	92	-0.7858	-0.1712	-0.171	-0.7859
186	749	92	-0.8177	-0.2032	-0.203	-0.8178
186	750	92	-0.7916	-0.1772	-0.177	-0.7917
186	751	92	-0.8038	-0.1892	-0.189	-0.8039
186	752	92	-0.7592	-0.1441	-0.144	-0.7593
186	753	92	-0.7103	-0.0951	-0.095	-0.7103
186	754	92	-0.769	-0.1541	-0.154	-0.769
186	755	92	-0.6835	-0.0681	-0.068	-0.6835
186	756	92	-0.7529	-0.1382	-0.138	-0.753
186	757	92	-0.7263	-0.1111	-0.111	-0.7264
186	758	92	-0.6402	-0.0263	-0.026	-0.6404
186	75	92	-0.6836	-0.068	-0.068	-0.6836
186	759	92	-0.8556	-0.2412	-0.241	-0.8557
186	760	92	-0.7791	-0.1641	-0.164	-0.7791
186	761	92	-0.5738	0.042	0.042	-0.5738
186	762	92	-0.6215	-0.0061	-0.006	-0.6215
186	763	92	-0.7375	-0.1221	-0.122	-0.7375
186	764	92	-0.6617	-0.046	-0.046	-0.6617
186	765	92	-0.6474	-0.0321	-0.032	-0.6474
186	766	92	-0.8509	-0.2361	-0.236	-0.851
186	767	92	-0.7013	-0.0861	-0.086	-0.7014
186	768	92	-0.7661	-0.1511	-0.151	-0.7661
186	76	92	-0.6898	-0.5	-0.5	-0.6894
186	769	92	-0.8262	-0.213	-0.213	-0.8261
186	770	92	-0.8358	-0.2212	-0.221	-0.8359
186	771	92	-0.6646	-0.049	-0.049	-0.6646
186	772	92	-0.8174	-0.2032	-0.203	-0.8175
186	773	92	-0.7015	-0.0861	-0.086	-0.7015
186	774	92	-0.7086	-0.093	-0.093	-0.7086
186	775	92	-0.7545	-0.1391	-0.139	-0.7545
186	776	92	-0.749	-0.1341	-0.134	-0.7491
186	777	92	-0.9566	-0.406	-0.406	-0.9564
186	778	92	-0.6718	-0.0572	-0.057	-0.6719
186	779	92	-0.4403	-0.008	-0.008	-0.4401
186	780	92	-0.6866	-0.071	-0.071	-0.6866
186	781	92	-0.7573	-0.1421	-0.142	-0.7574
186	782	92	-0.771	-0.1561	-0.156	-0.7711
186	783	92	-0.7356	-0.12	-0.12	-0.7356
186	784	92	-0.5979	-0.259	-0.259	-0.5976
186	785	92	-0.7227	-0.1082	-0.108	-0.7228
186	786	92	-0.7912	-0.1761	-0.176	-0.7912
186	787	92	-0.6983	-0.0831	-0.083	-0.6983
186	788	92	-0.7043	-0.0891	-0.089	-0.7043
186	789	92	-0.783	-0.1681	-0.168	-0.7831
186	790	92	-0.5886	0.027	0.027	-0.5886
186	791	92	-0.8695	-0.2552	-0.255	-0.8697
186	792	92	-0.5939	0.022	0.022	-0.5938
186	7	92	-0.6669	-0.051	-0.051	-0.6668
186	793	92	-0.6646	-0.049	-0.049	-0.6646
186	794	92	-0.7403	-0.1251	-0.125	-0.7404
186	795	92	-0.6904	-0.0751	-0.075	-0.6904
186	796	92	-0.8893	-0.2752	-0.275	-0.8895
186	797	92	-1.1042	-0.499	-0.499	-1.1041
186	798	92	-0.6468	-0.031	-0.031	-0.6467
186	799	92	-0.7123	-0.0971	-0.097	-0.7123
186	800	92	-0.7126	-0.097	-0.097	-0.7126
186	801	92	-0.7554	-0.1401	-0.14	-0.7555
186	803	92	-0.6436	-0.028	-0.028	-0.6436
186	804	92	-1.1505	-0.5362	-0.536	-1.1506
186	805	92	-0.7354	-0.1201	-0.12	-0.7354
186	806	92	-0.79	-0.1751	-0.175	-0.7901
186	807	92	-0.6687	-0.053	-0.053	-0.6687
186	808	92	-0.8742	-0.422	-0.422	-0.874
186	809	92	-0.7254	-0.1101	-0.11	-0.7254
186	810	92	-0.9937	-0.378	-0.378	-0.9937
186	811	92	-0.6735	-0.0581	-0.058	-0.6735
186	812	92	-0.5934	-0.011	-0.011	-0.5933
186	813	92	-0.591	0.025	0.025	-0.5909
186	814	92	-0.7245	-0.1091	-0.109	-0.7245
186	815	92	-0.7759	-0.1612	-0.161	-0.776
186	816	92	-0.7577	-0.142	-0.142	-0.7577
186	817	92	-0.8653	-0.2512	-0.251	-0.8655
186	818	92	-0.88	-0.2651	-0.265	-0.8801
186	81	92	-0.6415	-0.408	-0.408	-0.6411
186	819	92	-0.6694	-0.0541	-0.054	-0.6695
186	820	92	-0.7294	-0.1141	-0.114	-0.7294
186	821	92	-0.7466	-0.131	-0.131	-0.7466
186	822	92	-0.8654	-0.2512	-0.251	-0.8656
186	823	92	-0.834	-0.2191	-0.219	-0.8341
186	824	92	-0.7589	-0.1441	-0.144	-0.759
186	825	92	-0.6281	-0.012	-0.012	-0.628
186	826	92	-0.6604	-0.0451	-0.045	-0.6604
186	827	92	-0.6085	-0.04	-0.04	-0.6083
186	828	92	-0.5573	0.028	0.028	-0.5572
186	829	92	-0.8122	-0.1971	-0.197	-0.8122
186	830	92	-0.6299	-0.014	-0.014	-0.6299
186	831	92	-0.8366	-0.2222	-0.222	-0.8367
186	832	92	-0.6467	-0.031	-0.031	-0.6467
186	833	92	-0.6124	-0.033	-0.033	-0.6123
186	834	92	-0.712	-0.0971	-0.097	-0.7121
186	835	92	-0.8221	-0.2071	-0.207	-0.8221
186	836	92	-0.6957	-0.08	-0.08	-0.6956
186	837	92	-0.6356	-0.02	-0.02	-0.6356
186	838	92	-0.7591	-0.1441	-0.144	-0.7592
186	839	92	-0.8049	-0.1902	-0.19	-0.805
186	840	92	-0.7383	-0.1231	-0.123	-0.7383
186	841	92	-0.596	0.02	0.02	-0.596
186	842	92	-0.6858	-0.07	-0.07	-0.6858
186	843	92	-0.7388	-0.1242	-0.124	-0.7389
186	844	92	-0.8993	-0.2852	-0.285	-0.8995
186	845	92	-0.6904	-0.0751	-0.075	-0.6905
186	846	92	-0.7343	-0.1191	-0.119	-0.7343
186	847	92	-0.7251	-0.1101	-0.11	-0.7252
186	848	92	-0.6407	-0.025	-0.025	-0.6406
186	84	92	-0.812	-0.1983	-0.198	-0.8122
186	849	92	-0.7076	-0.092	-0.092	-0.7076
186	850	92	-0.8385	-0.2242	-0.224	-0.8386
186	851	92	-0.6428	-0.61	-0.61	-0.6422
186	852	92	-0.5479	0.068	0.068	-0.5478
186	853	92	-0.6925	-0.0771	-0.077	-0.6925
186	854	92	-0.7678	-0.1532	-0.153	-0.7679
186	855	92	-0.7215	-0.1061	-0.106	-0.7215
186	856	92	-0.6687	-0.053	-0.053	-0.6687
186	857	92	-0.7163	-0.1011	-0.101	-0.7164
186	858	92	-0.7509	-0.1361	-0.136	-0.751
186	859	92	-0.7045	-0.0891	-0.089	-0.7045
186	860	92	-0.6539	-0.038	-0.038	-0.6539
186	861	92	-0.8687	-0.2542	-0.254	-0.8688
186	862	92	-0.7383	-0.1242	-0.124	-0.7385
186	863	92	-0.6644	-0.0491	-0.049	-0.6644
186	864	92	-0.7662	-0.1511	-0.151	-0.7663
186	865	92	-0.5191	0.097	0.097	-0.519
186	866	92	-1.1299	-0.514	-0.514	-1.1299
186	868	92	-0.6535	-0.0381	-0.038	-0.6535
186	86	92	-0.8421	-0.2283	-0.228	-0.8423
186	869	92	-0.6804	-0.0651	-0.065	-0.6804
186	870	92	-0.5406	0.075	0.075	-0.5406
186	871	92	-0.6656	-0.05	-0.05	-0.6656
186	872	92	-0.5154	0.062	0.062	-0.5153
186	874	92	-0.7452	-0.1301	-0.13	-0.7453
186	875	92	-0.6128	0.003	0.003	-0.6128
186	876	92	-0.7253	-0.1101	-0.11	-0.7254
186	877	92	-0.6636	-0.048	-0.048	-0.6636
186	878	92	-0.7264	-0.1111	-0.111	-0.7264
186	87	92	-0.6271	-0.481	-0.481	-0.6266
186	879	92	-0.6477	-0.032	-0.032	-0.6476
186	880	92	-0.6026	0.013	0.013	-0.6026
186	881	92	-0.7294	-0.1141	-0.114	-0.7294
186	882	92	-0.7597	-0.1452	-0.145	-0.7598
186	883	92	-0.6669	-0.051	-0.051	-0.6668
186	884	92	-0.8207	-0.2062	-0.206	-0.8208
186	885	92	-0.6845	-0.0691	-0.069	-0.6845
186	886	92	-0.6892	-0.086	-0.086	-0.6891
186	887	92	-0.7938	-0.1792	-0.179	-0.7939
186	888	92	-0.9382	-0.3231	-0.323	-0.9383
186	88	92	-0.6957	-0.08	-0.08	-0.6957
186	889	92	-0.7028	-0.087	-0.087	-0.7028
186	890	92	-0.7431	-0.1281	-0.128	-0.7431
186	891	92	-0.7389	-0.123	-0.123	-0.7389
186	892	92	-0.7092	-0.0941	-0.094	-0.7092
186	8	92	-0.7303	-0.1151	-0.115	-0.7304
186	893	92	-0.5742	0.027	0.027	-0.5742
186	894	92	-0.8588	-0.2442	-0.244	-0.8589
186	895	92	-0.701	-0.085	-0.085	-0.7009
186	896	92	-0.639	-0.0241	-0.024	-0.6391
186	897	92	-0.8459	-0.2311	-0.231	-0.846
186	898	92	-0.5892	0.023	0.023	-0.5891
186	89	92	-0.6736	-0.058	-0.058	-0.6736
186	899	92	-0.9499	-0.334	-0.334	-0.9499
186	900	92	-0.7901	-0.1751	-0.175	-0.7902
186	901	92	-0.621	-0.62	-0.62	-0.6204
186	902	92	-0.7073	-0.0921	-0.092	-0.7073
186	903	92	-0.8509	-0.2362	-0.236	-0.851
186	904	92	-0.8215	-0.2072	-0.207	-0.8217
186	905	92	-0.7212	-0.1061	-0.106	-0.7213
186	906	92	-0.7513	-0.1361	-0.136	-0.7513
186	907	92	-0.6416	-0.026	-0.026	-0.6416
186	908	92	-0.8267	-0.2122	-0.212	-0.8268
186	909	92	-0.616	0	0	-0.6159
186	910	92	-0.7642	-0.1491	-0.149	-0.7643
186	911	92	-0.6426	-0.027	-0.027	-0.6426
186	912	92	-0.6257	-0.01	-0.01	-0.6257
186	913	92	-0.7334	-0.1181	-0.118	-0.7334
186	914	92	-0.581	0.035	0.035	-0.5809
186	915	92	-0.7249	-0.109	-0.109	-0.7249
186	916	92	-0.7731	-0.1581	-0.158	-0.7731
186	917	92	-0.7402	-0.1251	-0.125	-0.7403
186	918	92	-0.7185	-0.1031	-0.103	-0.7185
186	919	92	-0.6536	-0.038	-0.038	-0.6536
186	920	92	-0.6669	-0.051	-0.051	-0.6669
186	921	92	-0.5705	-0.173	-0.173	-0.5703
186	922	92	-0.7275	-0.491	-0.491	-0.7271
186	923	92	-0.7305	-0.485	-0.485	-0.7301
186	924	92	-0.742	-0.1271	-0.127	-0.7421
186	925	92	-0.6615	-0.0461	-0.046	-0.6615
186	926	92	-0.6635	-0.0481	-0.048	-0.6635
186	927	92	-0.8499	-0.2352	-0.235	-0.85
186	928	92	-0.8766	-0.492	-0.492	-0.8763
186	92	92	-0.4444	0.132	0.132	-0.4443
186	929	92	-0.7819	-0.1671	-0.167	-0.782
186	930	92	-0.7902	-0.1751	-0.175	-0.7903
186	931	92	-0.7115	-0.0961	-0.096	-0.7115
186	932	92	-0.7382	-0.1231	-0.123	-0.7383
186	933	92	-0.6431	-0.027	-0.027	-0.6431
186	934	92	-0.772	-0.1571	-0.157	-0.7721
186	935	92	-0.7298	-0.114	-0.114	-0.7297
186	936	92	-0.7132	-0.0981	-0.098	-0.7133
186	937	92	-0.7016	-0.086	-0.086	-0.7016
186	938	92	-0.7184	-0.1031	-0.103	-0.7184
186	93	92	-0.6773	-0.567	-0.567	-0.6768
186	939	92	-0.7173	-0.1021	-0.102	-0.7173
186	940	92	-0.6946	-0.079	-0.079	-0.6946
186	941	92	-0.64	-0.024	-0.024	-0.6399
186	942	92	-0.8945	-0.2802	-0.28	-0.8947
186	943	92	-0.7334	-0.1181	-0.118	-0.7334
186	944	92	-0.6935	-0.0781	-0.078	-0.6935
186	945	92	-0.597	0.019	0.019	-0.5969
186	946	92	-0.7016	-0.086	-0.086	-0.7016
186	947	92	-0.627	-0.011	-0.011	-0.627
186	948	92	-0.7035	-0.0881	-0.088	-0.7035
186	94	92	-0.6229	-0.007	-0.007	-0.6229
186	949	92	-0.6737	-0.058	-0.058	-0.6737
186	950	92	-0.9062	-0.2923	-0.292	-0.9064
186	951	92	-0.6803	-0.0651	-0.065	-0.6803
186	952	92	-0.7472	-0.452	-0.452	-0.7468
186	953	92	-0.7543	-0.1391	-0.139	-0.7543
186	954	92	-0.5693	0.025	0.025	-0.5692
186	955	92	-0.5711	0.045	0.045	-0.5711
186	956	92	-0.8864	-0.2722	-0.272	-0.8865
186	957	92	-0.8325	-0.2182	-0.218	-0.8326
186	958	92	-0.8171	-0.2021	-0.202	-0.8172
186	959	92	-0.604	0.012	0.012	-0.6039
186	960	92	-0.6069	0.009	0.009	-0.6068
186	961	92	-0.861	-0.2461	-0.246	-0.861
186	962	92	-0.7099	-0.373	-0.373	-0.7096
186	963	92	-0.7014	-0.0861	-0.086	-0.7014
186	964	92	-0.592	0.024	0.024	-0.5919
186	965	92	-0.6754	-0.0601	-0.06	-0.6754
186	966	92	-0.6544	-0.0391	-0.039	-0.6544
186	967	92	-0.6676	-0.052	-0.052	-0.6676
186	968	92	-0.7341	-0.1191	-0.119	-0.7342
186	969	92	-0.7531	-0.1381	-0.138	-0.7532
186	970	92	-0.7433	-0.1281	-0.128	-0.7433
186	971	92	-0.8079	-0.1931	-0.193	-0.808
186	972	92	-0.6549	-0.039	-0.039	-0.6549
186	973	92	-0.7643	-0.1502	-0.15	-0.7644
186	974	92	-0.797	-0.1821	-0.182	-0.7971
186	975	92	-0.8261	-0.364	-0.364	-0.8259
186	976	92	-0.6748	-0.059	-0.059	-0.6748
186	977	92	-0.6904	-0.0751	-0.075	-0.6905
186	978	92	-0.8083	-0.1942	-0.194	-0.8085
186	979	92	-0.6754	-0.423	-0.423	-0.675
186	980	92	-0.7237	-0.108	-0.108	-0.7236
186	981	92	-0.5676	-0.015	-0.015	-0.5674
186	982	92	-0.5504	0.028	0.028	-0.5503
186	983	92	-0.7173	-0.1021	-0.102	-0.7173
186	984	92	-0.6202	-0.013	-0.013	-0.6201
186	985	92	-0.7531	-0.1381	-0.138	-0.7532
186	986	92	-0.7303	-0.1162	-0.116	-0.7305
186	987	92	-0.6815	-0.066	-0.066	-0.6816
186	988	92	-0.6759	-0.06	-0.06	-0.6758
186	98	92	-0.7105	-0.142	-0.142	-0.7103
186	989	92	-0.7344	-0.1202	-0.12	-0.7345
186	990	92	-0.7524	-0.1382	-0.138	-0.7526
186	991	92	-0.7544	-0.1402	-0.14	-0.7546
186	992	92	-0.6576	-0.042	-0.042	-0.6576
186	993	92	-0.4917	0.045	0.045	-0.4915
186	994	92	-0.8723	-0.2582	-0.258	-0.8725
186	995	92	-0.7793	-0.1641	-0.164	-0.7793
186	996	92	-0.8164	-0.2022	-0.202	-0.8166
186	997	92	-0.4591	0.001	0.001	-0.4589
186	998	92	-0.6128	0.003	0.003	-0.6128
186	999	92	-0.6907	-0.075	-0.075	-0.6907
