9	165	0.002	-3.01
9	224	10	84.38
9	182	0.04	14.73
9	252	0.02	-0.44
9	253	0.002	3.13
9	90	1.25	-14.49
9	34	10	23.72
9	199	0.002	1.67
9	23	10	91.09
9	208	10	-15
9	217	0.16	9.05
9	2	0.02	-4.17
9	241	0.02	4.05
9	203	0.16	16.48
9	212	0.02	-2.9
9	106	1.25	23.81
9	128	0.002	0.08
9	177	10	31.28
9	190	0.16	-7.76
9	169	0.002	1.83
9	239	10	76.63
9	164	0.63	3.33
9	228	10	4.41
9	189	0.02	-6.32
9	128	0.02	-11.33
9	188	1.25	9.96
9	243	0.16	5.77
9	243	0.02	19.79
9	192	1.25	20
9	48	0.002	-17.33
9	249	0.02	5.61
9	231	0.16	2.09
9	190	1.25	6.25
9	166	10	46.79
9	188	0.002	11.08
9	138	0.16	6.03
9	88	0.16	-11.12
9	180	1.25	8.59
9	239	0.002	14.39
9	213	0.002	10.96
9	217	0.002	14.36
9	87	0.02	24.82
9	250	0.02	46.82
9	77	0.02	2.19
9	165	0.02	-1.88
9	184	0.94	100.29
9	131	5	70.54
9	235	0.16	1.23
9	23	0.02	77.58
9	247	0.002	26.68
9	168	1.25	6.8
9	76	0.02	46.84
9	216	1.25	3.67
9	231	10	-8.91
9	250	0.16	85.01
9	164	0.08	18.71
9	240	10	100.34
9	225	0.02	7.63
9	201	1.25	7.57
9	52	0.16	7.73
9	65	0.002	6.81
9	222	0.16	4.44
9	240	0.002	-3.8
9	229	10	-9.7
9	232	10	99.73
9	237	10	3.06
9	255	10	-17.76
9	86	0.002	22.23
9	253	1.25	5.33
9	247	0.02	27.03
9	168	1	34.56
9	226	0.16	7.01
9	224	0.002	-0.74
9	209	1.25	11.7
9	90	10	19.05
9	36	10	30.72
9	170	10	81.4
9	50	1	45.56
9	238	1.25	34.83
9	200	0.16	22.11
9	202	10	-18.13
9	41	0.16	-2.41
9	251	10	92.05
9	135	10	5.5
9	205	0.63	7.2
9	197	0.16	16.48
9	171	1.25	33.04
9	175	0.02	-7.92
9	176	0.002	3.77
9	209	0.16	6.36
9	175	0.002	-2.34
9	24	1.25	57.76
9	77	10	35.98
9	181	10	70.59
9	199	10	4.87
9	212	10	32.93
9	170	0.16	16.77
9	202	0.002	-7.17
9	165	10	42.88
9	207	1.25	9.28
9	138	10	14.34
9	233	10	7.65
9	212	1.25	20.65
9	174	1.25	28.3
9	169	0.02	-8.97
9	220	10	14.75
9	212	0.002	11.74
9	188	10	33.38
9	169	10	58.6
9	256	0.02	21.82
9	180	0.02	13.24
9	14	0.02	3.72
9	197	10	0.22
9	48	1.25	8.62
9	193	0.16	9.05
9	162	0.02	-5.74
9	239	0.16	83.1
9	214	10	7.85
9	41	0.002	-21.01
9	128	0.16	-4.3
9	197	0.02	19.42
9	251	1.25	45.94
9	187	0.63	12.81
9	102	10	-2.01
9	65	1.25	14.92
9	194	10	46.44
9	206	0.02	0.14
9	248	0.02	3.79
9	88	1.25	-4.72
9	254	10	3.3
9	257	3	17.43
9	241	1.25	7.39
9	87	1.25	51.64
9	214	0.02	11.08
9	193	0.02	0.69
9	77	1.25	49.75
9	168	0.02	-15.68
9	133	0.02	6.42
9	164	5	50.05
9	2	0.002	-9.39
9	225	10	10.03
9	110	0.16	100.12
9	246	0.02	10.47
9	45	10	59.46
9	176	0.02	4.41
9	105	10	52.67
9	201	10	0.3
9	199	0.16	2.06
9	204	0.02	10.31
9	11	10	99.39
9	119	0.16	9.83
9	106	0.002	9.71
9	227	0.16	15.89
9	211	10	13.64
9	186	1.25	7.04
9	184	7.5	100.54
9	213	0.16	58.59
9	184	0.12	100.4
9	75	1.25	-0.42
9	34	3	11.44
9	140	0.16	12.3
9	207	10	16.91
9	62	10	6.04
9	189	1.25	18.07
9	221	0.002	14.31
9	244	0.002	7.1
9	252	10	-0.66
9	244	1.25	17.74
9	195	1.25	11.85
9	246	0.16	17
9	138	1.25	15.54
9	258	0.02	-5.8
9	181	0.02	2.76
9	26	0.16	-4.21
9	87	0.002	24.55
9	26	1.25	-4.15
9	195	10	17
9	135	0.02	-4.99
9	197	0.002	32.74
9	226	0.02	14.82
9	106	10	87.08
9	219	0.16	3.18
9	211	1.25	-3.98
9	241	0.16	-13.32
9	248	10	13.54
9	236	0.002	2.42
9	131	0.001	14.19
9	252	0.16	1.69
9	140	10	45.94
9	226	1.25	10.47
9	138	0.02	8
9	171	0.002	10.6
9	32	10	56.01
9	225	1.25	3.88
9	229	0.002	-10.85
9	227	1.25	29.56
9	112	1.25	3.24
9	258	10	10.29
9	203	0.02	-6.63
9	250	1.25	85.83
9	215	0.002	19.73
9	50	0.0002	-3.83
9	225	0.16	6.02
9	181	1.25	50
9	246	1.25	5.27
9	250	10	84.43
9	238	0.16	22.13
9	26	0.02	-6.18
9	110	1.25	100.09
9	202	0.02	-8.12
9	217	10	89.98
9	140	0.002	2.33
9	222	0.002	-10.58
9	11	0.02	86.37
9	48	0.02	-2
9	216	10	8.17
9	205	0.01	7.82
9	205	5	6.14
9	24	0.002	-1.78
9	24	0.02	1.25
9	110	0.02	94.29
9	230	10	20.85
9	206	0.002	5.27
9	249	0.16	-2.07
9	236	10	9.39
9	23	1.25	89.23
9	204	0.002	9.48
9	223	1.25	34.42
9	97	0.02	34.18
9	213	10	61.19
9	204	0.16	11.07
9	242	0.16	13.24
9	225	0.002	-9.13
9	256	1.25	23.85
9	234	10	39.72
9	194	1.25	9.17
9	102	0.002	7.8
9	239	1.25	98.96
9	131	0.08	54.25
9	75	0.002	-5.87
9	206	0.16	-11
9	52	0.02	7.08
9	209	0.002	-1.64
9	196	1.25	40.31
9	177	1.25	11.45
9	219	0.02	6.03
9	77	0.16	32.15
9	224	1.25	73.58
9	90	0.16	-9.93
9	182	0.3	16.64
9	86	0.02	1.73
9	235	10	9.62
9	105	0.002	3.69
9	36	1.25	3.82
9	201	0.02	-6.92
9	185	16	7.39
9	105	0.02	-0.72
9	209	0.02	-1.17
9	233	0.02	10.48
9	181	0.002	2.98
9	205	0.08	-7.58
9	175	1.25	36.57
9	243	0.002	24.37
9	214	0.002	9.36
9	232	0.002	-8.38
9	45	0.02	22
9	252	1.25	11.61
9	232	0.02	-8.54
9	171	0.16	4.65
9	75	0.16	1.45
9	221	0.16	13.72
9	256	10	31.9
9	76	0.16	55.25
9	192	0.16	7.88
9	32	0.002	31.18
9	222	10	25.94
9	52	1.25	12.79
9	186	0.02	4.07
9	169	0.16	-14.03
9	228	0.002	-14.9
9	26	10	3.96
9	198	10	49.01
9	202	1.25	-23.66
9	86	1.25	32.27
9	238	0.02	6.53
9	194	0.02	11.11
9	211	0.16	-10.76
9	214	1.25	8.47
9	174	0.002	-0.21
9	219	1.25	21.77
9	135	1.25	4.57
9	218	0.002	1.71
9	168	0.002	-8.12
9	242	10	-1.82
9	244	0.16	9.51
9	131	0.01	32.07
9	234	0.002	9.99
9	237	0.002	-9.35
9	36	0.16	8.71
9	240	1.25	5.81
9	168	0.16	3.31
9	215	0.16	14.77
9	228	0.16	2.15
9	88	0.02	-0.04
9	192	10	52.99
9	34	1.25	9.85
9	200	0.002	19.39
9	119	1.25	31.07
9	243	1.25	4.48
9	37	0.03	5.46
9	234	1.25	10.56
9	175	0.16	5.99
9	198	0.002	14.41
9	201	0.16	18.73
9	193	0.002	9.03
9	245	0.002	2.12
9	207	0.02	-1.9
9	185	1000	3.53
9	2	0.16	8.34
9	258	0.002	20.25
9	200	10	98.9
9	252	0.002	9.84
9	176	0.16	7.58
9	229	0.16	-20.9
9	11	0.16	98.88
9	216	0.16	19.89
9	165	1.25	25.3
9	133	10	81.33
9	50	0.002	-13.93
9	168	10	61.26
9	210	0.02	-2.74
9	198	0.02	15.76
9	52	10	25.61
9	222	1.25	7.23
9	255	0.16	-26.19
9	202	0.16	-17.97
9	128	1.25	29.69
9	234	0.02	2.7
9	203	10	2.46
9	235	0.002	3.22
9	223	10	68.74
9	242	0.02	17.76
9	249	0.002	37.94
9	190	0.002	1.63
9	205	0.001	6.03
9	228	0.02	-1.87
9	119	0.02	-8.14
9	87	0.16	27.77
9	112	0.16	13.76
9	177	0.02	0.81
9	191	0.02	0.13
9	178	0.02	1.35
9	192	0.02	6.67
9	209	10	71.95
9	220	0.02	-2.06
9	207	0.002	0.41
9	196	0.02	21.83
9	133	0.002	-2.98
9	68	1.25	6.72
9	235	0.02	9.97
9	68	0.002	4.86
9	191	10	7.59
9	174	0.16	12.49
9	217	1.25	46.15
9	216	0.002	13.92
9	45	0.16	17.5
9	180	0.002	-0.58
9	170	0.002	2.39
9	223	0.002	3.33
9	176	1.25	49.71
9	32	0.02	56.43
9	229	1.25	-15.96
9	140	0.02	-7.04
9	233	1.25	0.43
9	255	1.25	-18.36
9	175	10	47.13
9	196	10	72.61
9	106	0.02	-15.52
9	65	10	45.03
9	32	1.25	68.33
9	231	0.002	13.52
9	14	0.002	45.92
9	236	1.25	3.33
9	190	0.02	4.75
9	245	0.16	7.12
9	258	0.16	-7.77
9	233	0.16	10.68
9	14	1.25	3.31
9	86	10	25.74
9	133	1.25	27.28
9	178	12.5	17.31
9	236	0.02	-0.01
9	236	0.16	-5.15
9	36	0.002	-0.88
9	217	0.02	-0.06
9	210	0.002	21.49
9	232	0.16	-11.72
9	197	1.25	-1.73
9	208	0.16	5.25
9	179	0.002	-11.22
9	192	0.002	14.65
9	251	0.002	-9.59
9	24	10	61.7
9	251	0.16	15.27
9	62	0.002	8.44
9	230	1.25	-0.35
9	68	10	24.42
9	189	10	79.04
9	190	10	100.87
9	135	0.16	5.15
9	219	0.002	-16.39
9	258	1.25	-5.16
9	36	0.02	4.12
9	213	1.25	60.91
9	198	0.16	2.43
9	76	0.002	16.82
9	184	0.002	61.78
9	231	0.02	6.18
9	187	0.08	12.39
9	224	0.16	16.23
9	166	0.02	-0.7
9	223	0.16	12.81
9	14	0.16	3.27
9	62	0.16	10.62
9	219	10	100.13
9	62	1.25	16.89
9	216	0.02	5.31
9	119	0.002	-2.31
9	256	0.16	20.7
9	218	1.25	4.66
9	68	0.16	8.81
9	179	1.25	14.71
9	246	0.002	8.88
9	214	0.16	10.54
9	238	0.002	-2.7
9	204	10	-0.75
9	210	1.25	85.89
9	245	10	56.1
9	135	0.002	-7.94
9	240	0.02	4.46
9	210	0.16	50.11
9	239	0.02	76.56
9	48	10	14.31
9	191	0.16	-7.64
9	194	0.16	-1.19
9	186	0.16	2.23
9	170	0.02	-0.43
9	248	0.002	-3.72
9	179	0.16	8.8
9	24	0.16	50.77
9	187	0.01	13.92
9	23	0.002	52.51
9	189	0.16	7.23
9	243	10	10.96
9	164	0.001	-2.32
9	41	0.02	-16.08
9	45	1.25	29.03
9	193	10	30.33
9	195	0.02	-6.75
9	88	0.002	-9.32
9	180	10	83.97
9	215	10	100.96
9	256	0.002	20.02
9	199	1.25	0.96
9	2	1.25	42.64
9	249	1.25	-14.74
9	184	0.02	92.94
9	112	0.002	3.72
9	203	0.002	13.8
9	52	0.002	-2.66
9	254	0.02	8.21
9	237	1.25	3.17
9	65	0.16	-8.36
9	237	0.02	4.34
9	211	0.002	-3.88
9	193	1.25	3.67
9	207	0.16	2.87
9	254	10	5.78
9	227	0.02	4.8
9	97	0.002	15.93
9	220	0.16	10.28
9	206	10	3.97
9	189	0.002	12.05
9	170	1.25	85.47
9	245	0.02	4.81
9	253	0.16	-1.26
9	41	1.25	5.53
9	194	0.002	5.5
9	223	0.02	6.21
9	215	0.02	7.82
9	76	0.003	17.02
9	208	0.002	-8.74
9	241	10	-2.23
9	112	10	22.43
9	185	125	3.08
9	174	0.02	30.5
9	246	10	33.79
9	166	1.25	17.61
9	97	0.16	24.62
9	227	0.002	7.31
9	174	10	95.26
9	206	1.25	-1.79
9	112	0.02	4.38
9	238	10	3.89
9	62	0.02	25.55
9	253	0.02	-14.96
9	237	0.16	4.52
9	133	0.16	1.2
9	208	1.25	0.56
9	255	0.02	-13.69
9	220	0.002	-2.99
9	242	1.25	10.77
9	213	0.02	19.23
9	215	1.25	99.6
9	179	0.02	2.46
9	255	0.002	-3.69
9	164	0.01	6.26
9	185	1.95	2.52
9	254	1.25	3.12
9	221	0.02	2.85
9	230	0.002	14.24
9	128	10	74.34
9	162	1.25	88.99
9	254	0.16	10.11
9	212	0.16	5.6
9	253	10	5.6
9	131	0.63	70.96
9	65	0.02	-8.9
9	195	0.002	3.73
9	218	10	16.95
9	218	0.02	27.28
9	14	10	4.59
9	186	0.002	-9.45
9	240	0.16	6.1
9	186	10	29.21
9	248	1.25	5.53
9	106	0.16	-2
9	119	10	90.51
9	241	0.002	-17.3
9	165	0.16	-1.53
9	228	1.25	-4.82
9	166	0.16	-4.1
9	211	0.02	-7.64
9	162	0.16	65.73
9	244	10	27.64
9	178	100	11.78
9	199	0.02	-2.6
9	201	0.002	5.94
9	208	0.02	-8
9	68	0.02	-4.16
9	185	0.24	6.89
9	187	5	10.26
9	102	1.25	1.09
9	198	1.25	-0.97
9	247	1.25	28.35
9	230	0.16	15.32
9	34	0.002	6.5
9	231	1.25	6.05
9	254	0.002	-4.01
9	247	10	36.71
9	254	10	3.3
9	138	0.002	-2
9	176	10	77.88
9	221	1.25	20.04
9	247	0.16	22.02
9	196	0.002	15.67
9	191	0.002	2.97
9	140	1.25	32.89
9	90	0.02	-17.22
9	26	0.002	-11.15
9	182	2.5	57.76
9	234	0.16	-15.31
9	249	10	21.76
9	50	0.13	44.09
9	178	1.56	8.66
9	34	0.02	2.68
9	48	0.16	8.5
9	87	10	92.86
9	162	0.002	-1.94
9	218	0.16	11.48
9	220	1.25	6.61
9	105	1.25	49.76
9	88	10	17.56
9	90	0.002	-9.42
9	250	0.002	6.75
9	34	0.16	2.06
9	222	0.02	-18.02
9	162	10	97.05
9	41	10	13.9
9	76	1.25	65.09
9	182	20	91.36
9	203	1.25	-3.03
9	171	0.02	17.85
9	200	0.02	-0.22
9	182	0.005	3.68
9	224	0.02	0.27
9	244	0.02	0.05
9	166	0.002	1.3
9	233	0.002	7.3
9	248	0.16	-23.43
9	232	1.25	-5.97
9	32	0.16	68.4
9	227	10	41.46
9	75	0.02	-4
9	235	1.25	-16.78
9	45	0.002	-1.73
9	204	1.25	-1.31
9	177	0.16	12.41
9	77	0.002	8.16
9	102	0.16	11.01
9	195	0.16	7.02
9	11	0.002	12.47
9	179	10	61.88
9	180	0.16	0.72
9	97	1.25	32.74
9	178	0.2	1.27
9	196	0.16	8.93
9	50	0.02	35.68
9	23	0.16	92.32
9	181	0.16	20.15
9	187	0.001	42.37
9	242	0.002	1.51
9	110	0.002	-15.18
9	221	10	44.49
9	230	0.02	13.24
9	86	0.16	16.76
9	188	0.16	15.56
9	245	1.25	48.19
9	169	1.25	-9.57
9	171	10	90.77
9	102	0.02	-3.04
9	110	10	99.85
9	254	10	5.78
9	226	0.002	7.46
9	2	10	60.71
9	210	10	96.59
9	177	0.002	-2.62
9	76	10	64.94
9	229	0.02	-10.16
9	188	0.02	21.11
9	226	10	23.09
9	97	10	73.73
9	200	1.25	81.58
9	251	0.02	7.36
9	191	1.25	-0.91
9	11	1.25	98.62
9	105	0.16	39.94
9	75	10	4.16
40	196	10	42.85
40	253	0.16	1.55
40	222	10	35.31
40	194	0.002	-1.26
40	206	1.25	-24.45
40	234	10	77.73
40	90	10	33.6
40	165	0.16	9.7
40	138	0.02	16.76
40	197	1.25	-4.53
40	220	0.002	-24.05
40	175	10	57.99
40	171	0.002	4.51
40	41	0.16	-0.92
40	206	0.002	-11.88
40	135	10	50.32
40	249	0.02	7.32
40	213	0.002	17.31
40	32	0.16	82.4
40	48	0.02	13.29
40	174	0.16	9.35
40	217	1.25	28.68
40	230	0.002	-2.41
40	62	1.25	-7.02
40	234	0.02	20.36
40	214	10	10.68
40	105	0.002	10.99
40	215	0.02	-5.02
40	162	1.25	77.18
40	110	10	100.23
40	176	0.002	-2.07
40	193	10	93.96
40	209	0.002	-10.61
40	86	0.002	45.56
40	190	10	100.23
40	187	5	14.39
40	140	0.002	7.26
40	239	1.25	66.81
40	90	1.25	-22.49
40	241	10	55.84
40	207	10	48.21
40	86	1.25	41.42
40	254	0.002	13.21
40	128	1.25	-8.69
40	229	0.002	-24.37
40	179	0.02	10.5
40	224	1.25	83.16
40	140	0.16	10.38
40	199	0.02	-14.13
40	240	10	100.02
40	45	0.002	15.99
40	228	0.002	4.94
40	225	0.02	3.83
40	77	0.002	-18.77
40	178	1.56	76.65
40	119	10	98.39
40	214	0.002	-1.63
40	131	0.01	12.14
40	249	0.16	-6.07
40	192	0.02	12.58
40	131	5	49.29
40	234	0.002	21.11
40	200	0.002	17.95
40	193	0.02	16.69
40	90	0.002	-20.45
40	208	0.02	9.45
40	187	0.08	11.65
40	205	0.63	-11.74
40	65	0.02	1.78
40	189	0.02	-8.73
40	228	0.16	19.17
40	175	1.25	47.31
40	52	0.002	-5.26
40	138	10	60.66
40	189	1.25	5.69
40	140	10	44.88
40	166	0.002	12.03
40	119	1.25	86.59
40	250	0.16	97.51
40	250	10	97.52
40	110	0.02	100.16
40	218	0.16	-30.73
40	168	0.02	9.07
40	135	0.02	-18.44
40	189	10	31.93
40	188	10	21.53
40	45	10	94.75
40	76	0.002	36.71
40	164	0.63	76.07
40	230	1.25	14.72
40	181	0.16	-1.29
40	249	1.25	7.85
40	32	0.002	70.61
40	256	0.002	14.25
40	179	10	96.85
40	252	0.02	-6.8
40	193	1.25	50.92
40	246	0.02	24.59
40	184	0.02	99.24
40	234	1.25	16.98
40	237	0.02	-24.23
40	222	0.002	-17.99
40	65	0.16	47.35
40	165	0.002	2.63
40	110	0.002	-1.34
40	247	0.02	12.76
40	230	10	45.23
40	184	7.5	100.28
40	76	0.003	-10.29
40	205	0.08	-23.3
40	34	0.002	-13.94
40	232	1.25	-23.11
40	196	0.16	9.65
40	186	0.002	-0.85
40	200	10	100.07
40	76	1.25	85.69
40	65	1.25	80.9
40	205	0.001	-25.85
40	204	0.02	21.91
40	14	0.16	14.38
40	24	0.16	5.45
40	208	0.002	7.42
40	218	1.25	-4.81
40	209	10	94.19
40	76	0.02	83.64
40	245	0.002	-1.18
40	221	1.25	36.92
40	112	1.25	14.03
40	180	0.002	6.06
40	217	0.02	-18.96
40	243	10	89.71
40	231	0.16	6.38
40	165	0.02	-19.08
40	176	1.25	83.35
40	236	0.02	10.56
40	216	0.16	-7
40	203	10	-19.96
40	233	0.16	2.6
40	169	1.25	12.55
40	224	10	90.16
40	256	10	12.39
40	191	0.16	-15.2
40	168	0.16	40.75
40	190	0.02	-14.21
40	184	0.002	37.19
40	112	0.002	-13.71
40	232	10	100.23
40	246	1.25	70.27
40	41	10	54.51
40	181	1.25	65.33
40	180	0.16	11.4
40	23	1.25	98.72
40	36	1.25	55.84
40	230	0.02	13.89
40	235	0.002	20.48
40	256	0.16	-2.9
40	209	1.25	17.41
40	164	0.08	75.99
40	77	10	13.86
40	170	1.25	94.3
40	76	0.16	87.5
40	87	0.16	96.49
40	128	10	75.05
40	181	0.02	-8.9
40	180	1.25	42.81
40	2	1.25	72.43
40	175	0.02	2.64
40	112	0.16	17.3
40	253	0.002	4.1
40	181	10	77.11
40	212	1.25	-6.83
40	239	10	36.75
40	102	1.25	24.35
40	208	10	94.58
40	194	0.02	-0.2
40	165	1.25	73.32
40	179	0.002	-3.93
40	198	10	92.31
40	240	0.002	-2.02
40	87	1.25	98.38
40	216	1.25	-17.14
40	105	0.16	80.03
40	232	0.16	9.36
40	138	0.002	20.03
40	205	0.01	-23.25
40	254	0.16	15.43
40	256	0.02	4.08
40	133	0.16	52.49
40	242	0.02	52.89
40	23	0.16	98.03
40	26	0.002	18.78
40	233	0.002	12.97
40	14	0.002	-4.27
40	191	10	59.11
40	128	0.02	-10.95
40	225	10	24.88
40	88	1.25	-25.6
40	131	0.63	46.01
40	176	0.02	26.8
40	212	0.02	-8.57
40	50	0.13	63.21
40	110	0.16	100.18
40	138	0.16	45.19
40	238	1.25	8.4
40	253	10	2.92
40	168	10	87.68
40	182	0.005	-7.14
40	221	0.002	1.34
40	119	0.002	-29.37
40	187	0.01	-2.14
40	216	0.02	-20.69
40	203	0.02	-30.64
40	68	10	81.61
40	24	10	38.13
40	194	10	98.52
40	223	0.002	-7.86
40	45	0.02	78.95
40	36	0.002	24.47
40	210	1.25	98.01
40	219	10	99.98
40	252	10	3.65
40	196	0.02	-1.18
40	247	1.25	67.67
40	170	10	96.13
40	214	0.16	23.59
40	182	0.04	4.04
40	97	0.002	-17.45
40	179	0.16	0.41
40	238	10	22.35
40	195	10	44.58
40	174	0.02	-1.79
40	254	1.25	-18.41
40	241	0.16	-5.37
40	133	1.25	62.89
40	11	10	100.15
40	226	0.16	-21.13
40	26	0.02	28.1
40	86	0.16	38.68
40	106	0.02	-25.71
40	201	0.002	10.06
40	228	1.25	15.57
40	135	0.002	6.46
40	171	1.25	72.69
40	178	12.5	78.48
40	188	0.02	-19.19
40	226	1.25	-1.51
40	212	10	23.25
40	239	0.02	82.23
40	248	10	34.46
40	88	0.02	1.11
40	184	0.12	100.21
40	88	0.16	14.67
40	174	1.25	70.85
40	188	0.16	-19.63
40	185	1.95	-6.88
40	241	0.02	20.56
40	227	0.16	11.16
40	225	1.25	11.83
40	36	0.16	22.14
40	75	0.16	18.52
40	198	0.002	-10.93
40	48	0.16	-21.66
40	164	5	91.57
40	219	0.002	-3.49
40	229	0.02	3.5
40	199	0.002	-16.5
40	227	1.25	21.34
40	213	0.02	-6.62
40	206	10	58.62
40	231	1.25	-2.38
40	235	10	39.5
40	97	0.02	4.03
40	215	0.16	5.52
40	244	1.25	43.44
40	131	0.08	19.16
40	242	1.25	44.28
40	219	0.02	-2.99
40	175	0.16	7.06
40	190	0.002	7.51
40	162	0.02	35.73
40	75	0.002	12.12
40	166	0.16	3.18
40	105	1.25	75.36
40	169	10	72.43
40	214	0.02	1.77
40	238	0.16	16.05
40	50	0.0002	-5.95
40	2	10	96.24
40	239	0.002	23.92
40	220	0.16	-12.46
40	212	0.002	-8.7
40	243	0.16	-0.69
40	2	0.02	9.28
40	97	1.25	94.78
40	110	1.25	100.27
40	239	0.16	90.75
40	199	10	-8.09
40	52	0.02	-8.64
40	226	0.02	-21.02
40	32	1.25	78.36
40	243	0.02	11.9
40	220	0.02	-11.62
40	246	0.002	-2.27
40	178	100	78.64
40	210	0.002	-0.36
40	236	1.25	10.86
40	186	1.25	3.89
40	213	1.25	74.3
40	240	1.25	68.61
40	186	10	30.33
40	217	10	73.15
40	202	0.02	-5.28
40	236	0.16	15.01
40	221	10	85.98
40	193	0.002	23.51
40	45	0.16	84.17
40	218	0.02	-19.5
40	243	0.002	0.48
40	24	1.25	20.49
40	135	1.25	31.62
40	87	0.02	88.8
40	188	0.002	-10.23
40	133	0.02	41.16
40	62	0.16	-12.44
40	197	10	60.56
40	106	1.25	4.8
40	192	10	87.99
40	177	10	84.92
40	229	0.16	14.77
40	68	0.002	-6.41
40	251	0.02	3.12
40	223	1.25	85.22
40	112	0.02	-21.35
40	180	0.02	7.98
40	218	0.002	-30.74
40	249	0.002	4.53
40	222	0.02	-1.31
40	206	0.16	-36.9
40	245	0.16	18.99
40	119	0.16	15.44
40	201	0.02	-13.36
40	243	1.25	-3.17
40	87	10	97.61
40	26	1.25	84.57
40	197	0.16	-3.16
40	207	0.02	-18.62
40	170	0.002	-14.23
40	214	1.25	9.04
40	190	0.16	0.5
40	105	10	77.63
40	215	0.002	-12.16
40	186	0.02	-8.89
40	182	2.5	-5.41
40	52	0.16	12.85
40	169	0.002	-29.55
40	195	1.25	21.67
40	200	0.16	54.04
40	177	0.16	64.01
40	217	0.002	-20.87
40	102	0.16	20.4
40	185	0.24	-24.83
40	62	0.002	-16.55
40	242	10	59.98
40	226	10	61.58
40	179	1.25	18.94
40	170	0.16	27.46
40	86	0.02	41.33
40	233	1.25	17.08
40	216	10	8.58
40	250	1.25	97.23
40	48	10	-4.43
40	168	0.002	21.06
40	221	0.16	18.1
40	41	0.02	0.41
40	254	10	-1.2
40	227	10	62.73
40	231	0.002	-4.1
40	248	0.002	6.55
40	185	16	-15.27
40	198	0.02	3.84
40	225	0.16	18.81
40	176	0.16	61.46
40	97	10	97.82
40	168	1	1.06
40	204	10	2.41
40	211	1.25	3.88
40	201	1.25	-23.19
40	135	0.16	1.49
40	238	0.002	1.28
40	255	0.16	6.25
40	65	10	98.89
40	23	0.02	98.66
40	194	1.25	24.37
40	185	125	10.99
40	235	0.02	23.11
40	246	10	63.09
40	102	10	25.32
40	106	0.16	15.62
40	241	1.25	-5.44
40	208	1.25	15.22
40	251	0.002	3.03
40	207	1.25	0.81
40	197	0.002	-3.08
40	195	0.002	-8.53
40	68	1.25	48.05
40	252	0.002	-5.66
40	247	10	92.83
40	184	0.94	100.19
40	34	3	28.43
40	199	1.25	-17.44
40	203	0.16	-4.38
40	65	0.002	1.65
40	236	0.002	26.71
40	254	10	1.79
40	205	5	-14.64
40	45	1.25	90.34
40	244	0.02	34
40	232	0.002	2.22
40	242	0.16	53.31
40	180	10	81.54
40	227	0.02	5.91
40	88	0.002	0.18
40	204	0.002	5.87
40	195	0.02	11.19
40	174	0.002	-0.3
40	224	0.02	-29.99
40	245	0.02	11.78
40	230	0.16	29.5
40	247	0.002	-25.76
40	204	0.16	7.55
40	207	0.16	-11.83
40	177	0.02	-9.27
40	186	0.16	-5.97
40	90	0.16	-27.2
40	166	0.02	2.69
40	193	0.16	18.68
40	251	1.25	99.98
40	237	0.002	0.48
40	258	10	56.3
40	244	10	56.06
40	210	0.02	56.9
40	234	0.16	-0.09
40	119	0.02	-27.75
40	48	0.002	-25.07
40	170	0.02	-6.7
40	250	0.02	45.67
40	171	0.02	13.9
40	62	0.02	-17.74
40	255	1.25	27.96
40	194	0.16	-21.54
40	254	10	1.79
40	200	1.25	99.12
40	244	0.002	7.52
40	203	0.002	0.79
40	191	1.25	2.23
40	219	1.25	53.44
40	102	0.02	-6.14
40	250	0.002	31.53
40	112	10	68.27
40	97	0.16	77.98
40	41	0.002	-7.09
40	75	0.02	-39.7
40	36	0.02	14.83
40	177	0.002	-24.12
40	24	0.002	-25.24
40	32	0.02	88.14
40	14	10	51.53
40	162	10	100.26
40	14	1.25	17.99
40	87	0.002	48.22
40	26	0.16	87.14
40	211	0.16	10.02
40	189	0.16	-8.43
40	253	0.02	8.17
40	224	0.16	-13.75
40	86	10	47.04
40	237	10	-21.42
40	2	0.002	8.77
40	192	0.16	-7.18
40	258	0.16	-18.88
40	88	10	60.93
40	253	1.25	-9.04
40	251	10	100.14
40	258	0.02	5.98
40	202	0.002	-18.84
40	128	0.002	-20.55
40	23	0.002	52
40	198	1.25	-22.96
40	182	0.3	-2.8
40	189	0.002	-17.81
40	215	10	100.3
40	162	0.16	61.35
40	165	10	82.16
40	168	1.25	55.69
40	228	0.02	21.09
40	34	10	59.14
40	187	0.001	3.92
40	202	10	15.72
40	140	1.25	52.05
40	131	0.001	13.64
40	224	0.002	-37.92
40	178	0.2	-7.42
40	202	1.25	-3.11
40	223	0.02	18.18
40	252	1.25	13.95
40	162	0.002	-5.3
40	255	0.002	-13.83
40	247	0.16	-9.36
40	102	0.002	18.17
40	209	0.02	-3.26
40	211	10	95.12
40	50	0.002	-5.35
40	169	0.16	-27.24
40	176	10	87.35
40	229	10	78.98
40	252	0.16	-20.69
40	201	0.16	-5.48
40	68	0.02	20.64
40	242	0.002	37.65
40	41	1.25	25.68
40	128	0.16	-18.68
40	210	10	97.97
40	244	0.16	21.85
40	211	0.02	-30.81
40	249	10	22.08
40	220	1.25	-11.3
40	233	10	36.75
40	248	0.02	16.12
40	213	0.16	66.09
40	245	1.25	68.55
40	222	1.25	-21.07
40	202	0.16	-19.53
40	90	0.02	-16.38
40	133	10	92.75
40	48	1.25	-3.17
40	75	1.25	-29.75
40	192	1.25	46.47
40	203	1.25	0.37
40	196	1.25	18.77
40	240	0.16	11.37
40	232	0.02	-18.81
40	177	1.25	73.71
40	34	0.02	-9.73
40	138	1.25	58.52
40	175	0.002	-0.57
40	164	0.01	72.62
40	248	0.16	21.69
40	62	10	-16.62
40	181	0.002	-1.91
40	171	10	92.9
40	11	0.02	99.9
40	26	10	88.02
40	212	0.16	-16.76
40	133	0.002	-23.59
40	217	0.16	-2.16
40	215	1.25	99.68
40	77	1.25	69.48
40	218	10	3.57
40	195	0.16	-5.31
40	223	0.16	19.32
40	216	0.002	-11.56
40	50	1	66.38
40	236	10	14.58
40	174	10	97.8
40	256	1.25	-2.1
40	204	1.25	8.08
40	34	0.16	4.82
40	106	0.002	9.78
40	233	0.02	8.96
40	77	0.16	49.61
40	11	0.16	100.1
40	191	0.02	-16.37
40	231	0.02	-10.22
40	235	0.16	19.79
40	213	10	85.4
40	52	10	86.15
40	188	1.25	-4.87
40	237	0.16	-34.01
40	254	0.02	6.87
40	197	0.02	-8.26
40	192	0.002	-9.6
40	211	0.002	11.9
40	169	0.02	-39.51
40	235	1.25	-17.73
40	226	0.002	-19.45
40	14	0.02	-10.94
40	245	10	73.6
40	34	1.25	30.4
40	206	0.02	-12.37
40	105	0.02	61.38
40	228	10	39.95
40	178	0.02	7.5
40	185	1000	70.4
40	140	0.02	9.61
40	258	1.25	7.24
40	255	0.02	-11.59
40	2	0.16	35.28
40	209	0.16	5.42
40	182	20	60.64
40	187	0.63	23.25
40	229	1.25	65.62
40	241	0.002	-24.05
40	220	10	0.71
40	223	10	90.22
40	75	10	49.96
40	23	10	98.68
40	50	0.02	32.47
40	246	0.16	62.49
40	221	0.02	-9.94
40	231	10	-2.57
40	11	1.25	100.1
40	68	0.16	39.81
40	164	0.001	30.27
40	52	1.25	37.07
40	227	0.002	13.41
40	200	0.02	12.39
40	210	0.16	92.38
40	196	0.002	-2.06
40	36	10	85.89
40	199	0.16	-18.68
40	106	10	77.86
40	248	1.25	37.67
40	37	0.03	28.16
40	171	0.16	2.53
40	208	0.16	41.17
40	207	0.002	-18.3
40	219	0.16	-9.34
40	77	0.02	-16.27
40	24	0.02	-9.35
40	251	0.16	-9
40	191	0.002	-10.68
40	198	0.16	5.94
40	32	10	78.01
40	190	1.25	30.44
40	76	10	85.24
40	201	10	-26.94
40	238	0.02	11.07
40	222	0.16	-11
40	255	10	49.51
40	254	10	-1.2
40	166	10	47.86
40	257	3	-5.64
40	166	1.25	-0.56
40	237	1.25	-17.53
40	258	0.002	0.19
40	11	0.002	-9.34
40	225	0.002	11.74
40	240	0.02	38.38
116	168	10	51.37
116	192	0.16	1.12
116	175	10	76.67
116	221	1.25	14.78
116	86	10	25.49
116	180	0.002	-5.63
116	75	0.02	-2.71
116	244	0.02	28.88
116	253	0.02	5.41
116	68	0.02	8.04
116	175	0.16	21.99
116	171	0.02	14.47
116	242	0.16	13.77
116	220	1.25	-2.46
116	102	0.002	7.67
116	212	0.16	8.91
116	215	0.02	-3.59
116	32	1.25	63.26
116	204	0.16	-8.22
116	168	0.02	4.08
116	197	0.02	1.4
116	237	0.002	3.17
116	11	1.25	100.28
116	119	0.02	7.25
116	45	0.02	91.11
116	192	0.002	-10.17
116	131	0.08	22.49
116	228	10	31.82
116	187	0.63	8.47
116	34	0.02	10.7
116	23	1.25	99.41
116	205	0.08	-0.62
116	196	0.002	11.26
116	102	10	14.96
116	200	0.16	41.25
116	181	1.25	58.36
116	256	0.02	10.8
116	65	0.16	70.56
116	250	0.02	95.21
116	24	10	44.54
116	220	0.002	-0.53
116	207	0.16	10.82
116	168	0.16	13.03
116	192	0.02	11.46
116	97	1.25	95.33
116	180	0.16	-7.64
116	181	0.02	8.73
116	11	0.02	99.37
116	198	1.25	-2.45
116	255	0.16	-7.92
116	188	0.002	18.23
116	24	0.02	14.24
116	227	0.002	9.35
116	165	0.16	-4.53
116	232	0.16	-9.8
116	234	0.02	5.43
116	97	10	98.09
116	97	0.002	-8.57
116	52	0.02	-4.94
116	178	0.2	15.37
116	198	0.16	1.3
116	240	1.25	8.29
116	192	10	58.17
116	48	0.02	-4.11
116	166	10	57.51
116	251	10	80.21
116	190	10	100.57
116	174	0.02	7.35
116	210	0.02	25.45
116	209	0.02	9.87
116	214	0.16	5.45
116	207	10	36.35
116	227	0.16	9.49
116	197	0.002	11.87
116	241	1.25	-9.7
116	232	10	3.46
116	238	0.16	27.25
116	26	0.02	14.52
116	166	1.25	4.34
116	179	0.002	-9.88
116	199	0.002	9.79
116	247	0.02	-10.46
116	230	0.16	15.63
116	128	10	98.79
116	258	0.02	-6.67
116	176	1.25	85.98
116	258	0.002	1.86
116	215	0.16	97.51
116	219	0.02	3.64
116	75	1.25	-4.88
116	205	0.63	2.35
116	210	1.25	98.35
116	62	0.002	-4.72
116	225	0.02	12.69
116	200	0.002	9.43
116	196	0.02	15.81
116	187	0.01	8.12
116	77	0.002	-6.34
116	239	10	21.68
116	164	0.001	-14.58
116	211	0.16	-3.2
116	112	0.002	3.28
116	164	5	73.71
116	244	1.25	30.08
116	174	1.25	32.94
116	249	0.02	4.95
116	168	1	8.3
116	214	0.002	14.83
116	182	20	45.67
116	50	0.13	55.53
116	201	1.25	-5.91
116	229	0.02	-11.4
116	191	0.16	8.5
116	248	0.02	22.83
116	86	0.16	19.7
116	140	10	47.43
116	176	0.02	-5.99
116	254	10	13.65
116	175	1.25	67.5
116	239	0.02	4.28
116	236	0.002	12.66
116	245	10	59.18
116	119	1.25	95.23
116	252	0.16	-8.46
116	254	10	8.81
116	256	0.16	23
116	45	1.25	89.36
116	194	0.02	2.61
116	253	1.25	11.97
116	223	0.02	1.48
116	177	0.16	21.41
116	138	10	33.64
116	252	10	6.94
116	252	1.25	-1.69
116	247	0.002	-1.02
116	248	0.002	6.27
116	233	0.02	1.96
116	194	10	70.99
116	90	0.16	-20.83
116	217	0.02	-6.46
116	106	0.02	3.06
116	217	1.25	38.7
116	233	0.002	-0.85
116	248	0.16	18.17
116	245	0.16	4.13
116	203	0.002	-0.45
116	184	0.94	100.24
116	249	1.25	8.06
116	185	1000	17.11
116	193	0.16	6.35
116	45	0.002	44.73
116	106	1.25	41.55
116	203	10	8.07
116	2	10	88.74
116	77	1.25	45.07
116	174	0.16	2.25
116	128	0.02	8.65
116	233	1.25	14.16
116	177	0.002	-5.31
116	208	0.002	-2.28
116	220	0.16	-3.46
116	133	0.16	14.93
116	164	0.63	66.68
116	77	10	-3.78
116	226	10	27.49
116	229	10	6.02
116	169	0.16	-20.95
116	75	0.16	-9.89
116	223	0.002	-17.8
116	194	0.002	0.95
116	48	0.002	-5.49
116	65	1.25	95.28
116	177	0.02	-7.26
116	133	1.25	26.21
116	184	0.12	99.06
116	232	0.02	-13.26
116	210	0.16	83.91
116	197	10	37.91
116	128	1.25	79.69
116	214	1.25	12.82
116	133	0.002	12.2
116	204	1.25	-5.14
116	34	10	27.11
116	220	10	41.33
116	34	1.25	19.16
116	186	0.02	10.16
116	190	0.002	-6.1
116	140	0.002	24.3
116	191	0.02	-7.71
116	195	1.25	-4.2
116	255	0.02	1.93
116	193	1.25	12.26
116	254	10	8.81
116	243	0.002	7.06
116	41	0.02	7.2
116	110	1.25	100.45
116	239	1.25	31.75
116	258	0.16	-8.97
116	34	3	18.15
116	248	10	9.96
116	86	0.002	22.07
116	200	0.02	2.97
116	227	10	32.52
116	216	10	3.77
116	182	0.005	14.02
116	246	0.02	10.17
116	211	10	12.68
116	14	0.16	12.01
116	14	0.02	2.76
116	189	0.16	18.26
116	131	5	34.08
116	52	0.16	19.39
116	119	0.002	-14.72
116	225	0.002	15.92
116	188	0.16	5.25
116	135	0.02	3.4
116	14	10	19.15
116	186	0.16	12.66
116	239	0.002	7.44
116	197	1.25	-1.75
116	218	0.16	-11.89
116	256	10	25.4
116	65	0.002	-3.87
116	256	0.002	11.22
116	237	1.25	-4.8
116	131	0.63	42.97
116	185	0.24	-6.31
116	205	5	1.99
116	52	1.25	22.99
116	138	0.16	19.03
116	48	0.16	-1.38
116	223	10	72.82
116	23	0.02	98.8
116	213	1.25	55.66
116	235	1.25	3.2
116	202	0.02	-6.74
116	87	10	98.99
116	62	0.16	-8.1
116	255	0.002	-3.7
116	238	0.002	12.01
116	219	10	89.75
116	185	125	8.05
116	240	0.16	3.35
116	76	0.003	3.23
116	23	10	98.66
116	204	0.002	-14.56
116	226	0.02	-4.07
116	50	0.002	-1.65
116	135	0.002	-1.39
116	119	0.16	85.29
116	214	0.02	6.86
116	249	0.16	1.03
116	76	0.002	37.45
116	240	0.02	-5.1
116	251	0.02	12.97
116	236	10	10.37
116	254	10	13.65
116	229	1.25	-13.42
116	198	0.002	11.85
116	76	0.02	75.81
116	219	1.25	21.58
116	86	0.02	19.83
116	90	10	4.96
116	190	1.25	23.59
116	195	0.002	2.64
116	234	0.002	6.36
116	65	0.02	17.66
116	110	0.002	-4.98
116	36	1.25	37.53
116	176	0.16	33.94
116	230	1.25	-3.54
116	36	0.16	5.26
116	224	0.02	-22.55
116	222	0.16	1.09
116	215	1.25	100.45
116	162	1.25	85.57
116	246	10	53.29
116	236	0.16	14.97
116	227	1.25	3.36
116	217	0.002	-4.42
116	105	1.25	51.22
116	97	0.16	70.1
116	253	0.002	16.19
116	209	0.16	17.6
116	2	0.02	4.48
116	45	10	93.2
116	178	0.02	13.44
116	169	0.002	-9.51
116	45	0.16	91.19
116	213	0.002	1.38
116	168	0.002	10.1
116	193	10	48.47
116	32	0.002	63.75
116	244	0.16	22.94
116	201	0.16	2.89
116	87	0.002	35.2
116	221	0.02	0.52
116	174	0.002	8.83
116	245	0.002	6.01
116	135	0.16	9.84
116	179	0.02	10.09
116	215	0.002	-5.78
116	196	0.16	12.3
116	231	0.002	3.51
116	202	1.25	-3.18
116	62	10	7.52
116	254	0.16	7.56
116	105	0.16	73.66
116	193	0.002	13.91
116	221	0.002	-8.56
116	200	10	100.16
116	199	0.02	11.37
116	243	10	25.43
116	253	0.16	2.88
116	110	10	100.36
116	214	10	10.47
116	250	10	97.71
116	252	0.02	-10.51
116	181	10	58.87
116	164	0.08	63.4
116	226	1.25	6.37
116	105	0.02	14.44
116	232	0.002	7.71
116	239	0.16	38.54
116	228	0.02	4.53
116	231	0.02	3.78
116	210	10	99.99
116	225	1.25	17.02
116	36	0.02	-16.02
116	209	0.002	3.42
116	230	0.002	-12.39
116	106	0.16	11.1
116	212	0.02	2.24
116	178	100	27.25
116	176	0.002	-1.19
116	175	0.02	5.47
116	181	0.16	2.54
116	41	1.25	15.03
116	238	0.02	16.81
116	237	0.02	-2.65
116	110	0.16	100.57
116	11	10	100.35
116	203	0.02	3.28
116	169	1.25	22.94
116	112	0.02	14.35
116	182	0.3	17.64
116	247	0.16	7.04
116	23	0.16	98.61
116	216	0.002	-6.16
116	186	0.002	12.15
116	244	10	41.31
116	207	1.25	12.91
116	244	0.002	9.11
116	2	0.002	3.64
116	112	10	54.83
116	185	16	-9.77
116	37	0.03	21.82
116	241	0.02	-14.82
116	203	1.25	-22.3
116	170	0.002	-6.29
116	218	0.002	-15.12
116	176	10	92.91
116	50	1	63.53
116	213	0.16	63.17
116	242	1.25	9.76
116	242	10	21.81
116	168	1.25	3.68
116	236	0.02	8.79
116	251	0.002	14.6
116	255	1.25	-3.32
116	234	1.25	4.6
116	216	0.02	-3.02
116	204	10	1.74
116	192	1.25	21.35
116	76	10	61.6
116	48	10	-14.75
116	246	1.25	30.77
116	237	10	-1.13
116	131	0.01	27.19
116	75	0.002	-23.64
116	233	0.16	11.24
116	166	0.002	-3.25
116	102	0.02	10.35
116	228	0.002	0.92
116	234	0.16	3.52
116	206	10	22.54
116	195	10	16.62
116	206	1.25	-2.88
116	231	0.16	7.26
116	222	10	12.87
116	48	1.25	1.33
116	243	1.25	1.91
116	221	10	70.21
116	97	0.02	11.53
116	218	10	31.43
116	41	0.16	14.99
116	87	0.16	94.89
116	228	0.16	26.83
116	224	1.25	66.86
116	206	0.16	-6.41
116	86	1.25	30.46
116	24	0.16	19.17
116	188	0.02	8.15
116	241	10	15.96
116	211	0.02	-8.63
116	170	0.02	-9.39
116	179	1.25	25.43
116	75	10	13.46
116	26	0.002	-6.06
116	238	10	19.24
116	243	0.16	-6.23
116	198	10	56.15
116	206	0.002	0.33
116	185	1.95	-0.98
116	224	10	79.29
116	76	1.25	78.17
116	223	0.16	-6.08
116	254	0.002	23.96
116	250	0.002	20.84
116	41	0.002	2.52
116	90	0.002	-9.1
116	23	0.002	44.92
116	207	0.02	0.5
116	177	1.25	28.04
116	232	1.25	-1.91
116	14	0.002	0.74
116	250	0.16	98.62
116	255	10	11.41
116	231	1.25	4.1
116	164	0.01	29.62
116	105	10	56.11
116	195	0.16	5.26
116	102	0.16	15.14
116	52	0.002	-2.3
116	209	10	73.38
116	171	0.002	2.26
116	240	10	100.17
116	220	0.02	0.97
116	11	0.002	-0.8
116	199	1.25	3.31
116	199	0.16	-1.19
116	135	1.25	17.55
116	237	0.16	9.32
116	235	0.02	15.33
116	231	10	3.74
116	194	0.16	-9.17
116	184	7.5	100.28
116	258	10	10.16
116	190	0.16	-6.32
116	194	1.25	22.05
116	189	10	23.03
116	105	0.002	4.84
116	225	10	21.69
116	210	0.002	5.19
116	88	0.02	-11.49
116	171	1.25	67.95
116	224	0.16	-4.83
116	68	0.002	4.67
116	2	1.25	88.71
116	211	1.25	-11.94
116	119	10	88.83
116	162	0.002	-6.06
116	178	1.56	11.12
116	215	10	100.49
116	182	0.04	4.69
116	165	0.02	5.88
116	213	0.02	30.78
116	26	10	38.71
116	77	0.16	29.16
116	32	0.02	75.69
116	240	0.002	6.04
116	245	1.25	54.44
116	189	1.25	19.7
116	211	0.002	-7.5
116	162	0.16	78.83
116	36	10	91.49
116	218	0.02	-6.65
116	182	2.5	-2.66
116	166	0.02	-2.61
116	217	0.16	10.34
116	249	0.002	13.38
116	196	10	36.08
116	128	0.16	25.12
116	65	10	99.59
116	222	0.02	-2.9
116	205	0.001	3.69
116	112	1.25	42.83
116	68	0.16	16.08
116	253	10	7.93
116	251	1.25	17.59
116	208	1.25	7.95
116	90	0.02	-6.5
116	62	0.02	-2.13
116	174	10	80.1
116	138	0.02	10.19
116	201	10	-6.53
116	245	0.02	2.31
116	170	0.16	40.08
116	202	0.16	-11.63
116	248	1.25	20.16
116	88	1.25	-21.53
116	186	10	44.02
116	212	0.002	2.02
116	216	0.16	-9.86
116	76	0.16	77.19
116	203	0.16	-17.77
116	219	0.002	11.81
116	235	0.16	15.83
116	204	0.02	0.93
116	181	0.002	6.98
116	140	1.25	31.34
116	251	0.16	14.9
116	102	1.25	19
116	233	10	14
116	229	0.16	-10.22
116	242	0.002	7.53
116	110	0.02	99.14
116	179	0.16	1.82
116	52	10	74.73
116	138	0.002	4.65
116	128	0.002	4.04
116	197	0.16	1.05
116	135	10	22.09
116	24	1.25	28.87
116	230	0.02	1.27
116	236	1.25	13.38
116	191	0.002	-2.12
116	191	1.25	19.55
116	175	0.002	-3.54
116	230	10	19.45
116	226	0.002	6.61
116	201	0.002	-0.38
116	202	10	6.73
116	190	0.02	-12.89
116	257	3	4.72
116	106	0.002	1.72
116	225	0.16	17.89
116	50	0.0002	-17.28
116	227	0.02	11.48
116	235	0.002	2.7
116	26	0.16	18.07
116	177	10	50.27
116	32	10	52.18
116	213	10	54.27
116	241	0.002	1.99
116	247	1.25	89.83
116	209	1.25	21.8
116	208	0.02	-2.61
116	226	0.16	10.77
116	201	0.02	1.53
116	68	10	38.64
116	207	0.002	12.33
116	188	10	39.03
116	249	10	49
116	165	10	74.44
116	247	10	88.43
116	169	0.02	-22.94
116	221	0.16	-8.96
116	199	10	13.15
116	200	1.25	84.79
116	180	1.25	4.41
116	187	5	4.11
116	222	1.25	-1.15
116	14	1.25	15.35
116	196	1.25	21.82
116	224	0.002	-22.89
116	216	1.25	1.19
116	187	0.08	13.67
116	140	0.16	27.18
116	234	10	37.84
116	140	0.02	14.37
116	165	1.25	61.18
116	11	0.16	99.95
116	235	10	39.02
116	138	1.25	20.49
116	32	0.16	69.95
116	254	1.25	4.04
116	256	1.25	28.66
116	250	1.25	96.28
116	252	0.002	2.48
116	205	0.01	-2.73
116	184	0.002	12.47
116	186	1.25	14.41
116	112	0.16	42
116	198	0.02	8.82
116	243	0.02	-6.72
116	219	0.16	12.22
116	217	10	90.14
116	77	0.02	2.73
116	222	0.002	-17.39
116	184	0.02	51.25
116	218	1.25	-0.11
116	171	10	94.49
116	170	1.25	96.28
116	212	10	53.43
116	187	0.001	8.92
116	171	0.16	2.2
116	68	1.25	17.05
116	34	0.002	14.9
116	229	0.002	-10.38
116	2	0.16	34.57
116	162	0.02	57.34
116	189	0.02	9.63
116	254	0.02	22.19
116	26	1.25	20.54
116	88	0.002	8.63
116	208	0.16	9.12
116	179	10	87.49
116	106	10	98.06
116	88	10	-16.98
116	212	1.25	23
116	131	0.001	19.07
116	208	10	30.23
116	246	0.16	28.38
116	180	0.02	1.96
116	238	1.25	22.14
116	165	0.002	-5.16
116	191	10	28.41
116	228	1.25	25.97
116	62	1.25	1.18
116	202	0.002	-9.04
116	87	0.02	88.12
116	169	10	79.6
116	166	0.16	-4.37
116	41	10	40.23
116	258	1.25	-7.55
116	133	0.02	17.01
116	90	1.25	-16.54
116	189	0.002	19.2
116	87	1.25	95.39
116	246	0.002	-1.97
116	88	0.16	-13.23
116	50	0.02	30.13
116	162	10	92.12
116	36	0.002	6.72
116	188	1.25	28.05
116	178	12.5	19.08
116	193	0.02	3.12
116	170	10	96.02
116	180	10	76.87
116	195	0.02	1.46
116	241	0.16	-8.13
116	24	0.002	6.72
116	206	0.02	0.79
116	133	10	56.19
116	223	1.25	45.94
116	242	0.02	10.44
116	34	0.16	13.4
94	222	1.25	6.5
94	211	1.25	-5.09
94	50	0.002	10.92
94	193	0.002	4.22
94	174	10	98.07
94	205	5	-12.19
94	75	1.25	-17.34
94	77	10	11.13
94	238	0.02	53.01
94	52	10	80.25
94	247	0.002	32.45
94	179	0.002	-6.63
94	128	0.002	-9.9
94	45	1.25	60.81
94	210	0.02	11.18
94	222	10	10.23
94	242	10	42.28
94	196	1.25	32.69
94	135	10	44.65
94	203	0.16	-26.96
94	232	0.02	-8.05
94	170	10	97.78
94	176	0.02	-13.87
94	11	10	100.35
94	14	0.02	2.74
94	206	0.002	-30.61
94	190	0.002	-22.13
94	2	1.25	87.25
94	110	10	97.53
94	48	10	-14.42
94	119	0.16	32.05
94	250	1.25	97.79
94	228	1.25	0.12
94	76	10	89.52
94	196	0.002	8.64
94	133	0.16	30.37
94	211	10	2.95
94	165	0.002	-10.13
94	102	10	18.62
94	97	1.25	89.89
94	207	0.16	-7.51
94	168	0.02	-7.7
94	181	0.16	24.33
94	135	0.002	32.72
94	112	10	48.47
94	248	10	26.84
94	180	0.002	-2.27
94	229	0.002	-20.22
94	24	1.25	38.42
94	190	1.25	-18.62
94	217	0.002	-26.1
94	241	0.16	-10.25
94	193	0.02	0.1
94	194	0.002	-8.03
94	41	0.002	-24.72
94	232	10	-3.83
94	226	0.16	-9.7
94	255	1.25	26.9
94	231	10	6.51
94	189	0.02	12.28
94	216	0.02	-14.59
94	133	0.02	16.81
94	201	0.02	-28.69
94	32	10	67.67
94	243	0.02	2.17
94	219	0.02	-17.38
94	236	0.002	94.22
94	201	0.16	-21.92
94	205	0.63	-14.37
94	102	0.002	-1.61
94	258	0.16	-14.1
94	176	0.16	-19.66
94	2	0.16	2.83
94	218	0.16	-9.33
94	254	1.25	-15.22
94	223	0.002	-8.63
94	220	10	13.11
94	233	1.25	44.64
94	225	0.16	-11.5
94	244	0.002	43.79
94	239	0.002	42.19
94	34	10	72.34
94	97	0.002	28.26
94	128	0.02	-11.83
94	204	0.02	3.14
94	197	0.002	37.46
94	164	0.63	30.84
94	68	0.002	-12.98
94	184	0.12	100.23
94	230	1.25	-14.13
94	138	1.25	42.04
94	253	0.02	8.27
94	248	0.16	33.05
94	119	10	97.78
94	77	0.16	12.63
94	209	0.16	-32.17
94	2	10	90.22
94	252	1.25	6.11
94	207	1.25	1.24
94	177	0.16	53.2
94	206	1.25	-18.35
94	199	1.25	-8.41
94	201	0.002	-16.35
94	192	1.25	61.25
94	211	0.16	-4.95
94	230	0.002	-1.29
94	221	0.02	-9.74
94	105	0.16	83.18
94	68	0.02	2.58
94	138	0.16	30.63
94	171	1.25	65.26
94	255	0.16	2.15
94	164	0.001	-6.22
94	255	0.02	-5.88
94	86	0.002	62.89
94	24	10	54.91
94	239	10	22.91
94	195	0.02	0.76
94	162	10	97.4
94	88	0.002	27.68
94	251	0.002	39.31
94	14	10	6.59
94	208	10	84.25
94	245	1.25	34.09
94	48	0.02	-8.64
94	182	20	85.65
94	187	0.08	4.41
94	50	0.0002	-11.77
94	194	10	77.67
94	166	1.25	-2.96
94	258	10	10.53
94	215	0.002	27.42
94	105	0.002	37.16
94	86	1.25	59.49
94	227	0.002	2.77
94	88	10	38.56
94	229	0.02	-12.85
94	256	10	56.91
94	212	0.02	-17.27
94	169	1.25	-1.67
94	90	1.25	-22.68
94	246	10	55.46
94	233	0.002	28.22
94	62	0.02	-5.9
94	204	0.002	-5.94
94	138	0.002	-6.42
94	203	0.02	-18.06
94	206	10	-11.97
94	164	0.01	65.06
94	214	10	3.11
94	249	1.25	-3.66
94	242	1.25	50.76
94	166	0.16	-15.4
94	254	10	27.99
94	112	0.16	-0.7
94	195	0.002	5.87
94	237	0.002	37.22
94	242	0.002	76.18
94	50	0.13	61.83
94	140	10	74.95
94	250	0.16	96.34
94	197	10	55.56
94	244	10	37.59
94	190	10	68.86
94	175	0.002	69.09
94	200	0.02	-24.25
94	90	10	-12.06
94	196	10	49.76
94	244	0.16	31.57
94	222	0.16	-8.26
94	247	0.02	-7.32
94	190	0.02	-14.99
94	110	0.02	46.72
94	169	0.02	-20.82
94	62	1.25	-6.54
94	184	7.5	100.35
94	186	1.25	-0.38
94	202	0.02	-22.16
94	218	10	-9.08
94	140	1.25	65.74
94	235	1.25	-4.56
94	174	0.16	1.86
94	87	1.25	93.96
94	87	0.002	56.55
94	188	10	28.66
94	200	10	100.19
94	181	1.25	37.77
94	210	1.25	99.55
94	41	0.02	-19.82
94	191	0.16	1.46
94	214	0.002	8.07
94	254	0.16	-10.04
94	90	0.002	27.94
94	32	0.02	89.73
94	14	1.25	-6.87
94	62	10	-19.77
94	246	0.16	38.43
94	205	0.08	-28.23
94	253	0.002	36.74
94	228	10	-4.62
94	65	0.16	38.18
94	186	10	39.14
94	211	0.002	-8.65
94	252	0.002	0.02
94	201	1.25	-23.45
94	181	0.002	56.16
94	223	0.02	0.93
94	135	0.02	6.57
94	213	10	61
94	239	0.02	55.63
94	68	1.25	46
94	258	1.25	-7.34
94	75	0.002	-15.07
94	162	0.16	52.44
94	200	0.16	15.08
94	36	0.002	4.12
94	171	10	93.5
94	106	1.25	20.6
94	175	0.16	38.27
94	23	1.25	99.47
94	234	0.002	65.51
94	230	0.02	-0.2
94	88	0.02	4.8
94	131	0.01	15.37
94	86	0.16	66.07
94	236	10	81.72
94	184	0.002	9
94	217	0.16	-23.28
94	254	10	27.99
94	34	0.16	22.6
94	245	0.16	1.57
94	76	0.003	-10.44
94	217	0.02	-10.43
94	246	0.02	16.51
94	216	10	4.08
94	177	0.002	-24.4
94	197	0.02	28.72
94	258	0.002	43.72
94	162	1.25	58.5
94	185	0.24	-14.16
94	199	0.16	-15.14
94	135	0.16	3.5
94	222	0.02	-13.71
94	252	10	11.87
94	236	1.25	80.52
94	34	0.002	-23.45
94	220	1.25	2.26
94	188	1.25	-8.17
94	233	10	58.94
94	227	0.16	12.23
94	226	0.002	-10.84
94	14	0.002	-4.58
94	241	0.002	25.18
94	205	0.001	-12.16
94	110	1.25	100.35
94	162	0.02	45.58
94	221	10	62.94
94	221	1.25	-2.4
94	112	1.25	-1.31
94	187	0.63	20.96
94	237	0.16	-9.59
94	204	0.16	-8.55
94	201	10	-43.01
94	140	0.16	-7.65
94	26	0.002	-9.55
94	168	1.25	19.83
94	243	0.16	-22.97
94	223	10	71.87
94	50	1	70.4
94	175	1.25	36.4
94	178	1.56	57.74
94	182	2.5	14.79
94	253	0.16	-7.43
94	203	10	-6.46
94	140	0.002	-8.8
94	87	0.16	92.31
94	77	0.02	-6.92
94	234	0.16	34.4
94	237	10	-19.04
94	202	0.16	-13.19
94	187	0.01	23.72
94	170	0.16	5.8
94	256	1.25	66.87
94	226	0.02	-13.64
94	256	0.16	45.53
94	119	0.02	-1.71
94	186	0.02	-18.37
94	170	0.002	-1.48
94	165	10	85.45
94	191	0.02	-9.25
94	210	0.16	76.4
94	112	0.002	-12.72
94	189	10	76.82
94	177	0.02	-22.08
94	245	10	64.57
94	251	1.25	14.37
94	178	100	61.32
94	228	0.16	-12.17
94	244	0.02	34.96
94	14	0.16	-2.93
94	212	1.25	-16.81
94	193	10	81.12
94	102	0.16	13.84
94	238	10	23.72
94	2	0.02	-5.49
94	233	0.02	25.95
94	138	0.02	12.4
94	245	0.02	12.71
94	240	0.16	-5.85
94	26	0.02	-8.75
94	209	0.02	-20.86
94	199	10	-3.34
94	34	0.02	-5.13
94	224	1.25	54.27
94	193	1.25	32.69
94	213	0.02	3.27
94	75	0.16	-13.93
94	225	0.02	-6.57
94	119	1.25	91.1
94	212	0.16	-26.25
94	247	0.16	-19.9
94	23	0.16	98.37
94	105	0.02	21.17
94	189	1.25	11.39
94	105	1.25	64.09
94	23	0.002	43.24
94	224	0.16	-14.21
94	254	0.002	-17.83
94	52	0.02	-0.47
94	249	0.002	62.04
94	254	0.02	-15.99
94	215	0.02	22.74
94	231	0.002	-7.01
94	217	1.25	-8.06
94	254	10	-1.76
94	170	0.02	1.88
94	26	1.25	-7.07
94	2	0.002	-9.31
94	166	0.002	-7.33
94	11	0.02	30.29
94	135	1.25	41.81
94	90	0.16	-21.52
94	229	1.25	-1.73
94	176	1.25	-8.37
94	76	0.16	90.25
94	45	10	76.95
94	231	1.25	2.36
94	243	1.25	-25.67
94	195	0.16	-1.96
94	200	1.25	94.4
94	218	0.02	-6.4
94	227	10	36.73
94	242	0.02	53.69
94	229	0.16	-7.22
94	186	0.16	-16.69
94	243	0.002	31.08
94	258	0.02	0.77
94	24	0.16	24.04
94	234	1.25	25.82
94	88	1.25	-11.32
94	250	0.02	13.59
94	209	1.25	-9.42
94	184	0.94	100.47
94	241	1.25	-12.54
94	235	0.02	20.45
94	255	0.002	29.98
94	207	0.002	-1.88
94	65	1.25	81.49
94	194	0.16	-12.99
94	222	0.002	-5.25
94	198	1.25	-24.45
94	237	1.25	-9.99
94	238	0.002	66.52
94	198	0.16	-18.66
94	224	10	59.7
94	243	10	53.22
94	188	0.02	-1.93
94	192	0.16	-1.59
94	252	0.02	3.84
94	169	0.002	-10.43
94	198	10	39.55
94	209	0.002	-18.57
94	164	5	69.81
94	184	0.02	99.35
94	97	0.02	-4.78
94	76	0.002	13.13
94	48	0.002	-6.2
94	235	10	-1.35
94	218	1.25	-2.06
94	185	125	-4.33
94	180	0.16	-12.41
94	237	0.02	4.13
94	255	10	14.73
94	232	0.002	-2.35
94	214	0.16	-4.04
94	133	1.25	16.65
94	248	0.02	26.77
94	246	0.002	36.58
94	180	10	68.55
94	203	0.002	-11.48
94	234	10	20.78
94	32	1.25	87.43
94	200	0.002	-14.28
94	209	10	81.21
94	240	1.25	0.09
94	233	0.16	30.21
94	106	10	67.91
94	194	1.25	11.6
94	253	10	-4.54
94	240	0.02	0.08
94	175	10	31.44
94	48	1.25	-7.01
94	24	0.002	-11.1
94	257	3	14.58
94	179	0.02	-4
94	128	10	48.86
94	178	12.5	58.33
94	208	0.02	-8.34
94	206	0.16	-24.46
94	76	1.25	87.12
94	212	10	-6.27
94	207	0.02	-1.06
94	68	0.16	6.46
94	192	0.02	-10.24
94	181	10	79.27
94	213	0.002	7.64
94	176	0.002	-20.11
94	165	0.02	-11.67
94	195	1.25	-5.01
94	138	10	51.06
94	45	0.16	59.21
94	131	5	33.49
94	215	0.16	91.32
94	245	0.002	35.69
94	185	1.95	-8.84
94	34	1.25	41.59
94	216	0.16	-5.56
94	197	0.16	24.76
94	23	10	99.54
94	220	0.16	-9.29
94	196	0.16	31.63
94	236	0.02	88.5
94	214	1.25	2.05
94	217	10	64.64
94	199	0.02	-19.42
94	178	0.02	56.46
94	180	0.02	-0.37
94	191	0.002	1.25
94	191	10	12.45
94	65	10	100.39
94	189	0.16	-12.04
94	198	0.02	-13.05
94	140	0.02	-10.31
94	178	0.2	22.71
94	133	10	92.83
94	253	1.25	7.16
94	23	0.02	96.02
94	50	0.02	39.79
94	36	1.25	25.81
94	221	0.002	-1.71
94	32	0.002	64.8
94	106	0.002	45.62
94	41	1.25	-2.45
94	26	0.16	-4.09
94	97	0.16	39.2
94	193	0.16	0.99
94	238	0.16	36.65
94	227	1.25	14.83
94	171	0.02	-7.84
94	119	0.002	-1.92
94	181	0.02	35.01
94	229	10	12.66
94	236	0.16	86.24
94	226	10	12.79
94	75	0.02	-22.79
94	204	10	-12.23
94	241	10	16.76
94	210	10	99.39
94	171	0.002	-20
94	37	0.03	40.38
94	36	0.02	-5.05
94	202	0.002	-17.3
94	215	1.25	100.39
94	11	0.16	95.24
94	52	0.16	-3.31
94	196	0.02	9.81
94	216	0.002	-22.28
94	171	0.16	-14.56
94	219	0.002	-27.83
94	88	0.16	-11.29
94	65	0.02	3.85
94	177	10	47.12
94	225	10	12.09
94	77	0.002	-6.39
94	131	0.63	43.72
94	169	0.16	-19.26
94	205	0.01	-25.4
94	224	0.002	-14
94	105	10	43.07
94	48	0.16	-7.01
94	131	0.001	11.2
94	36	0.16	1.68
94	185	1000	71.38
94	186	0.002	-16.63
94	169	10	32.35
94	202	10	2.03
94	251	10	92.11
94	226	1.25	-24.63
94	32	0.16	91.06
94	182	0.04	5.51
94	247	1.25	-18.42
94	87	0.02	73.5
94	11	1.25	100.39
94	112	0.02	-3.86
94	213	0.16	63.48
94	194	0.02	-9.45
94	225	1.25	-6.49
94	220	0.002	-18.16
94	230	10	-15.42
94	221	0.16	0.15
94	128	1.25	33.69
94	192	0.002	-7.21
94	241	0.02	-5.53
94	11	0.002	-2.94
94	242	0.16	51.59
94	256	0.002	56.99
94	249	0.02	32.75
94	227	0.02	-18.82
94	244	1.25	34.7
94	86	0.02	64.69
94	41	0.16	-0.64
94	187	5	31.68
94	188	0.16	-1.03
94	62	0.002	1.24
94	219	0.16	-6.32
94	202	1.25	-19
94	208	0.16	36.15
94	224	0.02	-25.99
94	174	1.25	65.06
94	234	0.02	52.59
94	248	0.002	41.96
94	164	0.08	67.05
94	231	0.02	-1.21
94	168	10	54.37
94	192	10	53.54
94	166	0.02	-13.47
94	228	0.02	-7.82
94	250	10	98.49
94	235	0.002	41.89
94	187	0.001	2.07
94	231	0.16	-3.18
94	110	0.16	100.35
94	251	0.02	-9.21
94	106	0.16	18.5
94	166	10	2.2
94	176	10	75.01
94	65	0.002	3.38
94	235	0.16	11.87
94	110	0.002	19.33
94	128	0.16	10.09
94	45	0.02	4.13
94	102	1.25	0.25
94	170	1.25	97.83
94	218	0.002	-8.27
94	87	10	98.77
94	216	1.25	-19.43
94	182	0.005	37.9
94	190	0.16	-1.08
94	252	0.16	1.61
94	175	0.02	51.92
94	208	0.002	-6.91
94	203	1.25	-17.24
94	131	0.08	27.13
94	195	10	16.61
94	197	1.25	36.14
94	213	1.25	65.74
94	180	1.25	20.07
94	86	10	63.21
94	206	0.02	-29.4
94	249	0.16	15.66
94	133	0.002	-4.64
94	24	0.02	-2.1
94	249	10	-10.66
94	211	0.02	-13.71
94	185	16	-20.85
94	214	0.02	11.32
94	106	0.02	28.33
94	215	10	100.68
94	179	10	89.49
94	208	1.25	52.05
94	77	1.25	16.95
94	174	0.002	10.56
94	239	0.16	40.31
94	239	1.25	-11.87
94	168	0.16	12.76
94	179	0.16	-3.28
94	52	0.002	-17.96
94	223	0.16	-2.12
94	228	0.002	-15.36
94	41	10	18.88
94	232	0.16	3.6
94	225	0.002	-14.7
94	251	0.16	-0.83
94	230	0.16	6.62
94	45	0.002	-48.58
94	34	3	49.15
94	52	1.25	24.01
94	26	10	-4.89
94	165	1.25	20.43
94	219	10	100.54
94	198	0.002	-6.51
94	177	1.25	25.61
94	240	10	99.39
94	36	10	92.56
94	199	0.002	-11.95
94	212	0.002	-10.27
94	256	0.02	42.93
94	162	0.002	-13.63
94	165	0.16	-3.28
94	246	1.25	32.85
94	248	1.25	26.65
94	207	10	50.09
94	223	1.25	53.5
94	90	0.02	-5.73
94	174	0.02	-2.17
94	188	0.002	-10.73
94	189	0.002	34.39
94	254	10	-1.76
94	62	0.16	-2.72
94	68	10	69.89
94	247	10	88.45
94	75	10	8.44
94	179	1.25	39.34
94	102	0.02	-0.18
94	76	0.02	89.37
94	232	1.25	-8.37
94	210	0.002	-2.73
94	250	0.002	23.82
94	97	10	93.78
94	182	0.3	1.2
94	238	1.25	30.38
94	219	1.25	-11.9
94	240	0.002	24.65
94	204	1.25	-4.52
94	168	1	16.75
94	191	1.25	-2.19
94	220	0.02	-9.58
94	168	0.002	0.78
28	193	1.25	16.84
28	191	0.02	-0.47
28	189	1.25	19.86
28	235	0.002	1.93
28	2	0.02	4.78
28	226	10	53.55
28	202	0.16	3.14
28	219	10	96.7
28	190	10	100.4
28	233	0.002	14.2
28	255	0.02	-5.87
28	168	0.16	0.36
28	131	0.01	14.54
28	138	10	5.6
28	176	0.002	2.88
28	50	1	27.57
28	216	1.25	2.13
28	236	1.25	6.08
28	119	0.002	-8.42
28	251	10	59.98
28	166	10	69.23
28	217	0.002	-16.56
28	62	10	3.14
28	162	0.002	-2.56
28	34	1.25	2.44
28	238	0.002	14.5
28	215	0.16	30.69
28	210	0.02	70.48
28	140	1.25	31.07
28	221	10	54.07
28	204	1.25	-8.26
28	233	1.25	11.11
28	87	10	79.73
28	170	10	66.87
28	185	1.95	-11.22
28	220	1.25	4.49
28	222	0.002	14.63
28	201	0.02	-14.27
28	256	0.002	28.92
28	245	10	70.51
28	190	0.16	-5.5
28	187	0.63	15.62
28	206	0.002	-7.19
28	229	0.002	9.07
28	102	0.16	-2.68
28	211	10	4.71
28	76	0.003	-0.01
28	213	0.02	53.84
28	255	1.25	-2.04
28	14	1.25	10.77
28	178	1.56	67.72
28	204	0.002	6.8
28	210	10	86.28
28	175	0.02	2.34
28	110	0.002	8.11
28	239	1.25	69.31
28	88	10	45.96
28	244	0.002	6.65
28	185	0.24	-13.3
28	194	1.25	6.57
28	234	1.25	-5.58
28	231	0.02	13.2
28	220	10	10.42
28	2	10	82.71
28	195	0.002	-5.74
28	119	0.16	32.05
28	14	10	15.32
28	245	0.02	-0.82
28	88	0.16	-0.59
28	251	0.02	5.01
28	206	10	-11.07
28	128	0.002	3.84
28	197	1.25	4.13
28	241	0.002	-5.83
28	50	0.002	-17.07
28	184	0.94	103.2
28	76	0.16	69.58
28	171	10	83.58
28	205	0.01	0.82
28	181	0.02	3.99
28	248	1.25	10.79
28	184	0.002	4.1
28	230	10	17.18
28	199	0.02	-8.71
28	231	1.25	12.97
28	254	10	-2.15
28	105	0.02	10.85
28	205	0.63	0.03
28	212	0.02	4.06
28	230	0.02	6.4
28	179	10	70.29
28	224	0.16	-6.78
28	233	0.16	12.41
28	241	0.16	-10.09
28	228	0.02	10.46
28	235	0.02	-3.96
28	210	0.002	-5.18
28	131	0.63	19.99
28	226	0.02	3.89
28	226	1.25	10.38
28	258	0.002	12.84
28	243	0.02	1.35
28	219	1.25	10.84
28	62	0.02	-6.43
28	140	10	36.17
28	186	0.02	-0.46
28	191	0.002	4.51
28	254	10	15.11
28	236	0.002	19.73
28	128	10	18.21
28	131	0.001	14.21
28	90	10	-9.46
28	162	1.25	48.03
28	165	0.16	-9.6
28	171	0.02	5.86
28	243	1.25	-0.85
28	207	0.02	-0.41
28	251	0.16	4.21
28	208	1.25	6.58
28	182	20	66.64
28	102	0.02	-5.65
28	170	0.002	7.09
28	225	0.002	13.45
28	86	1.25	28.21
28	14	0.02	0.39
28	218	0.002	-7.66
28	175	0.16	8.33
28	88	1.25	-19.2
28	212	1.25	22.17
28	248	0.002	13.88
28	252	10	12.88
28	166	1.25	1.65
28	217	0.16	-2.39
28	226	0.002	6.15
28	200	0.02	19.16
28	24	0.002	-16.24
28	176	1.25	40.59
28	190	1.25	10.65
28	231	0.16	7.66
28	2	1.25	52.26
28	138	0.16	11.04
28	240	0.02	-5.34
28	207	1.25	10.8
28	48	0.002	-4.8
28	214	1.25	11.3
28	225	0.02	3.67
28	221	1.25	15.01
28	254	1.25	0.46
28	216	10	6.12
28	105	0.002	8.41
28	178	100	75.45
28	45	0.002	16.53
28	248	0.16	6.57
28	197	10	27.72
28	207	0.16	4.01
28	187	0.001	8.91
28	202	0.002	-3.2
28	208	0.16	17.29
28	212	10	23.92
28	140	0.002	4.46
28	219	0.16	10.78
28	62	0.16	-4.7
28	203	0.002	-3.38
28	196	0.16	16.66
28	75	1.25	-8.25
28	182	0.005	5.98
28	188	10	14.98
28	24	0.02	-8.11
28	235	1.25	-8.5
28	162	0.02	13.45
28	197	0.02	-0.98
28	32	0.002	36.14
28	32	0.16	70.99
28	246	1.25	41.09
28	224	10	69.87
28	217	1.25	17.43
28	110	10	101.84
28	215	10	103.96
28	180	1.25	29.77
28	237	10	1.1
28	251	0.002	16.92
28	65	0.02	12.57
28	228	1.25	12.45
28	247	10	71.77
28	128	1.25	12.17
28	190	0.02	2.61
28	36	10	55.01
28	200	0.002	4.44
28	135	10	11.49
28	179	0.02	3.93
28	32	10	56.19
28	170	1.25	69.34
28	252	0.02	-4.91
28	198	0.002	1.92
28	23	0.02	49.82
28	228	0.16	5.92
28	68	10	24.03
28	244	1.25	27.03
28	175	1.25	25.64
28	176	0.02	3.65
28	223	1.25	34.85
28	110	1.25	101.94
28	234	0.16	-4.72
28	90	0.16	-29.15
28	110	0.02	97.54
28	236	0.16	8.42
28	133	1.25	23.95
28	140	0.02	0
28	174	1.25	85.2
28	225	0.16	3.29
28	14	0.002	7.8
28	105	0.16	69.08
28	138	0.002	-2.45
28	169	0.16	-22.59
28	171	0.16	9.17
28	168	10	32.25
28	213	0.16	75.03
28	169	10	36.47
28	218	0.02	0.87
28	186	0.16	-7.3
28	243	0.16	-0.93
28	166	0.02	-5.8
28	77	0.02	11.08
28	247	1.25	19.33
28	242	1.25	21.92
28	233	10	24.6
28	185	16	-3.94
28	211	0.002	-0.89
28	202	0.02	-6.95
28	193	0.16	1.22
28	135	0.002	19.06
28	52	0.02	1.88
28	41	0.002	-3.72
28	184	0.12	99.1
28	24	0.16	-6.9
28	86	0.02	26.17
28	11	1.25	101.35
28	97	0.16	15.21
28	258	0.16	-5.51
28	216	0.02	0.17
28	246	10	45.02
28	52	1.25	9.12
28	11	0.002	-0.3
28	45	0.16	60
28	215	1.25	103.6
28	235	0.16	-1.85
28	106	0.16	14.61
28	168	1.25	0.27
28	211	0.02	-7.28
28	45	1.25	69.36
28	205	0.08	4.36
28	176	0.16	8.81
28	192	0.16	-2
28	169	1.25	11.25
28	215	0.02	-1.77
28	203	0.16	-34.17
28	138	0.02	-0.61
28	223	0.16	3.03
28	102	10	10.23
28	77	10	-5.65
28	244	10	43.44
28	255	0.16	-11.79
28	50	0.0002	-12.55
28	209	0.002	2.23
28	75	0.002	-18.57
28	36	0.02	-14.6
28	102	0.002	-5.55
28	193	0.002	-1.96
28	90	1.25	-19.13
28	256	10	21.41
28	222	10	28.08
28	227	1.25	2.7
28	245	0.16	9.75
28	232	1.25	-3.61
28	230	0.002	-3.06
28	48	0.02	1.2
28	198	0.16	-0.38
28	24	10	12.1
28	184	7.5	104.36
28	194	0.02	5.39
28	232	0.16	-6
28	187	0.08	9.45
28	131	0.08	19.15
28	112	10	29.53
28	246	0.002	13.13
28	178	12.5	76.49
28	52	0.002	-3.64
28	75	10	13.68
28	14	0.16	2.39
28	106	0.02	16.16
28	258	1.25	-10.27
28	249	0.16	22.22
28	235	10	12.5
28	198	0.02	-5.56
28	97	1.25	49.91
28	23	1.25	75.89
28	205	0.001	-1.59
28	41	1.25	24.54
28	233	0.02	4.29
28	110	0.16	101.81
28	166	0.16	-2.36
28	249	0.02	24.61
28	68	0.16	1.28
28	240	1.25	24.48
28	97	10	65.17
28	250	1.25	65.47
28	186	10	17.28
28	190	0.002	-8.61
28	23	10	76.16
28	26	0.16	1.2
28	254	0.002	14
28	258	0.02	1.81
28	246	0.16	19.13
28	87	1.25	66.76
28	26	0.02	13.37
28	135	0.16	9.63
28	201	10	2.18
28	34	3	10.02
28	170	0.02	2.98
28	252	0.002	-5.73
28	241	0.02	-13.21
28	50	0.13	15.97
28	227	10	36.69
28	224	0.02	-23.93
28	242	10	17.11
28	191	0.16	8.85
28	199	10	-1.46
28	222	1.25	20.35
28	68	1.25	-3.82
28	180	10	72.87
28	250	10	72.31
28	112	0.16	3.27
28	133	0.002	-3.75
28	41	10	43.64
28	65	10	80.27
28	37	0.03	13.95
28	244	0.02	17.64
28	219	0.002	4.58
28	232	0.02	1.53
28	199	0.16	1.02
28	238	0.02	7.71
28	208	0.002	5.67
28	246	0.02	13.37
28	209	0.02	2.25
28	214	0.16	15.17
28	174	0.002	13.72
28	204	0.02	5.37
28	227	0.02	13.56
28	185	1000	30.79
28	220	0.02	0.38
28	170	0.16	40.99
28	229	1.25	-6.68
28	88	0.002	6.24
28	34	0.16	-1.01
28	201	0.002	2.26
28	34	0.02	-1.12
28	203	0.02	-14.97
28	224	0.002	-25.11
28	216	0.002	-2.25
28	241	1.25	-8.37
28	97	0.02	-2.43
28	201	1.25	-25.19
28	36	0.16	11.55
28	77	1.25	34.57
28	240	10	102.68
28	218	0.16	-13.85
28	68	0.02	-1.85
28	213	10	67.69
28	106	10	68.15
28	87	0.02	51.92
28	250	0.002	15.42
28	177	0.002	-15.87
28	2	0.16	20.11
28	171	0.002	5.35
28	195	10	24.73
28	234	0.02	7.55
28	202	10	8.92
28	26	1.25	15.41
28	11	0.02	81.97
28	102	1.25	5.39
28	140	0.16	13.79
28	194	0.002	-3.2
28	90	0.02	-24.97
28	174	0.02	16.91
28	242	0.002	17.5
28	249	0.002	37.03
28	253	0.16	6.32
28	133	0.16	4.97
28	254	0.16	-3.07
28	192	1.25	24.88
28	62	1.25	3.07
28	41	0.16	2.58
28	226	0.16	7.81
28	253	0.002	16.54
28	223	0.02	17.72
28	203	10	4.24
28	257	3	10.87
28	210	0.16	82.92
28	207	10	33.71
28	225	10	13.33
28	228	10	17.04
28	255	10	13.49
28	200	0.16	72.08
28	254	0.02	6.09
28	256	1.25	13.57
28	186	0.002	1.31
28	212	0.002	5.28
28	164	0.08	58.6
28	186	1.25	13.43
28	32	0.02	70.88
28	195	0.16	9.27
28	128	0.02	4.54
28	11	0.16	100.21
28	221	0.02	-18.32
28	194	0.16	-11.66
28	217	0.02	-11.66
28	230	0.16	4.48
28	90	0.002	-18.66
28	207	0.002	7.65
28	199	0.002	-0.8
28	112	1.25	1.48
28	41	0.02	13.24
28	229	0.02	-7.01
28	221	0.002	-10.52
28	253	0.02	8.51
28	201	0.16	-2.51
28	243	10	22.77
28	239	10	78.63
28	234	0.002	16.4
28	36	1.25	25.26
28	217	10	56.11
28	97	0.002	3.69
28	162	0.16	42.43
28	52	10	29.68
28	76	0.02	63.84
28	231	10	16.05
28	223	10	65.62
28	175	0.002	2.9
28	195	0.02	7.94
28	189	0.16	-3.5
28	168	0.002	-2.66
28	168	1	15.25
28	187	0.01	13.67
28	225	1.25	12.31
28	248	0.02	10.41
28	189	10	39.37
28	191	10	31.48
28	192	0.002	-11.18
28	238	1.25	9.46
28	131	5	28.81
28	214	0.002	8.43
28	2	0.002	0.06
28	179	0.002	0.39
28	253	10	9.74
28	206	0.02	-17.16
28	133	10	70.34
28	210	1.25	86.95
28	222	0.16	5.08
28	77	0.16	24.45
28	247	0.02	-14.88
28	211	1.25	-2.46
28	248	10	22.16
28	216	0.16	0.75
28	189	0.02	3.85
28	243	0.002	20.52
28	203	1.25	-23.71
28	174	10	90.85
28	250	0.16	73.21
28	219	0.02	4.71
28	193	0.02	-3.99
28	220	0.16	10.21
28	165	1.25	48.22
28	11	10	101.66
28	164	0.63	50.28
28	256	0.16	11.66
28	169	0.02	-23.55
28	193	10	42.96
28	239	0.002	18.48
28	236	0.02	10.04
28	181	1.25	28.65
28	239	0.16	80.43
28	133	0.02	4.18
28	119	0.02	0.5
28	237	0.02	3.71
28	166	0.002	-9.83
28	48	1.25	-2.45
28	200	10	102.95
28	68	0.002	2.1
28	198	1.25	3.12
28	224	1.25	55.22
28	227	0.16	7.45
28	86	10	37.06
28	23	0.002	26.4
28	215	0.002	3.46
28	189	0.002	5.53
28	238	0.16	16.5
28	249	1.25	24.29
28	237	0.16	0.13
28	48	10	-9.78
28	206	1.25	-12.36
28	180	0.02	8.35
28	227	0.002	7.54
28	247	0.16	-5.42
28	209	10	26.46
28	135	1.25	15.51
28	178	0.02	28.19
28	256	0.02	21.38
28	165	0.002	4.65
28	249	10	44.23
28	128	0.16	5.5
28	197	0.16	-6.54
28	75	0.16	8.72
28	177	10	40.6
28	204	10	-4.01
28	209	0.16	-2.43
28	26	0.002	-0.53
28	218	10	12.38
28	247	0.002	-4.37
28	206	0.16	-9.18
28	180	0.16	2.94
28	188	0.002	-0.33
28	177	1.25	33.9
28	178	0.2	16.36
28	208	10	11.72
28	251	1.25	5.73
28	87	0.002	39.19
28	182	2.5	14.63
28	23	0.16	82.79
28	164	0.01	44.39
28	181	0.002	13.87
28	86	0.002	29.76
28	232	0.002	-4.51
28	185	125	5.2
28	205	5	5.18
28	254	10	-2.15
28	76	0.002	1.9
28	177	0.02	-12.03
28	76	10	73.24
28	208	0.02	-0.91
28	171	1.25	40.88
28	192	10	67.27
28	177	0.16	7.07
28	223	0.002	-3.01
28	237	1.25	-0.42
28	164	0.001	-30.68
28	106	0.002	22.77
28	76	1.25	70.96
28	50	0.02	5.49
28	218	1.25	3.61
28	169	0.002	-28.67
28	45	0.02	48.64
28	112	0.002	-3.38
28	229	10	-4.9
28	45	10	71.64
28	252	0.16	-14.16
28	65	1.25	57.49
28	196	0.002	2.71
28	180	0.002	2.86
28	228	0.002	-14.38
28	244	0.16	17.2
28	188	0.02	-5.81
28	188	1.25	-14.51
28	165	10	62.41
28	32	1.25	71.45
28	222	0.02	17.21
28	176	10	59.32
28	105	1.25	67.47
28	209	1.25	10.53
28	220	0.002	1.89
28	197	0.002	-4.05
28	112	0.02	-7.22
28	24	1.25	-2.04
28	26	10	26.64
28	230	1.25	13.26
28	138	1.25	1.33
28	232	10	-22.04
28	187	5	12.73
28	196	0.02	11.57
28	75	0.02	-5.13
28	194	10	45.53
28	87	0.16	64.5
28	214	0.02	-0.06
28	234	10	32.21
28	198	10	44.52
28	182	0.04	-8.5
28	242	0.02	11.26
28	181	0.16	-1.54
28	119	10	77.03
28	34	10	29.62
28	214	10	10.48
28	86	0.16	26.08
28	77	0.002	-3.45
28	195	1.25	7.12
28	258	10	-1.01
28	179	0.16	-6.28
28	182	0.3	6.66
28	191	1.25	14.68
28	105	10	71.07
28	184	0.02	45.17
28	135	0.02	10.83
28	165	0.02	1.7
28	255	0.002	11.61
28	213	1.25	71.88
28	250	0.02	49.41
28	211	0.16	-2.07
28	204	0.16	1.66
28	175	10	34.18
28	202	1.25	-2.43
28	119	1.25	67.17
28	168	0.02	-11.44
28	162	10	92.11
28	221	0.16	-2.84
28	52	0.16	7.19
28	34	0.002	-7.27
28	240	0.002	11.16
28	196	1.25	20.22
28	245	1.25	51.18
28	239	0.02	47.96
28	212	0.16	9.2
28	48	0.16	2.46
28	254	10	15.11
28	213	0.002	9.93
28	88	0.02	-7.22
28	238	10	22.53
28	174	0.16	17.94
28	62	0.002	0.69
28	181	10	69.51
28	199	1.25	-3.58
28	179	1.25	10.22
28	231	0.002	9.02
28	65	0.16	38.92
28	242	0.16	7.83
28	229	0.16	-6.87
28	237	0.002	12.35
28	240	0.16	6.59
28	241	10	9.88
28	253	1.25	9.4
28	164	5	48.5
28	188	0.16	-9.08
28	200	1.25	99.28
28	236	10	4.19
28	245	0.002	9
28	106	1.25	28.9
28	65	0.002	-3.47
28	36	0.002	4.85
28	252	1.25	4.65
28	196	10	30.7
28	192	0.02	5.21
47	11	0.16	103.86
47	11	0.02	102.71
47	221	1.25	21.39
47	227	0.02	-9.95
47	23	1.25	99.93
47	86	0.16	57.32
47	215	10	102.77
47	131	5	15.86
47	235	0.02	19.83
47	242	0.02	36.7
47	242	1.25	36.49
47	188	0.02	0.7
47	23	0.16	100.14
47	2	0.002	3.76
47	200	0.16	89.35
47	195	10	37.72
47	110	0.02	100.68
47	182	20	86.45
47	32	10	80.84
47	169	10	77.82
47	222	0.002	-11.39
47	174	0.002	14.49
47	2	0.02	-14.07
47	250	1.25	102
47	184	0.94	103.93
47	243	1.25	3.75
47	191	0.02	11.52
47	251	0.02	9.46
47	193	1.25	19.89
47	193	0.16	-3.06
47	237	0.16	-0.19
47	169	0.02	-27.89
47	87	1.25	66.58
47	222	10	-5.1
47	77	0.16	31.68
47	187	0.63	12.82
47	119	0.16	43.56
47	128	0.16	6.34
47	197	0.002	-7.22
47	255	0.16	5
47	77	0.002	10.24
47	256	0.002	2.19
47	233	0.02	9.55
47	65	0.02	18.12
47	212	1.25	39.27
47	223	10	89.24
47	188	1.25	4.65
47	204	1.25	-9.65
47	199	1.25	-16.15
47	203	0.002	6.97
47	102	0.16	7.83
47	200	1.25	101.59
47	223	0.002	-10.4
47	257	3	11.57
47	138	0.16	17.11
47	201	0.002	-9.29
47	252	10	20.16
47	196	0.02	6.83
47	198	0.02	-0.87
47	88	0.002	14.67
47	162	10	96.05
47	65	0.002	4.6
47	184	0.12	100.69
47	106	10	74.76
47	112	0.002	7.1
47	138	0.002	-0.51
47	203	0.16	-9.21
47	75	0.02	-21.54
47	171	0.02	8.96
47	229	0.02	-3.76
47	189	0.16	12.48
47	254	10	8.51
47	226	0.16	7.66
47	209	1.25	12.58
47	168	0.16	18.69
47	207	0.002	3.36
47	32	0.16	87.24
47	97	1.25	34.49
47	14	0.02	-11.23
47	215	0.16	101.04
47	249	1.25	38.65
47	252	0.16	-22
47	177	1.25	28.85
47	255	1.25	7.35
47	207	0.16	-17.53
47	62	1.25	2.68
47	52	0.02	-1.1
47	241	0.02	-31.58
47	226	0.02	-8.36
47	237	10	-4.21
47	87	0.16	50.86
47	253	0.002	13.31
47	179	10	93.74
47	177	0.002	-2.41
47	177	10	31.83
47	234	0.16	7.34
47	225	0.002	-3.81
47	223	1.25	22.59
47	77	0.02	14.98
47	171	10	101.9
47	138	0.02	-2.93
47	218	0.02	4.57
47	250	0.002	51.85
47	190	0.02	2.08
47	133	0.002	-3.31
47	194	0.16	-20.12
47	231	0.02	3.7
47	11	10	103.71
47	24	0.002	-11.46
47	50	0.13	73.58
47	251	0.002	-0.57
47	256	0.02	-0.28
47	68	0.02	3.21
47	133	10	99.96
47	243	0.02	2.3
47	166	0.002	1.07
47	26	0.16	14.66
47	217	1.25	44.7
47	213	0.002	8.86
47	239	1.25	48.09
47	218	10	68.9
47	52	0.16	-25.11
47	180	0.02	9.96
47	180	0.16	4.25
47	213	10	79.4
47	236	0.002	10.08
47	186	0.16	-10.4
47	242	0.16	38.93
47	131	0.001	-1.88
47	238	10	15.87
47	214	0.02	-6.75
47	162	0.002	6.12
47	203	1.25	-3.08
47	210	1.25	102.19
47	36	1.25	52.68
47	205	0.63	5.08
47	14	0.16	11.86
47	185	16	5.82
47	165	10	70.57
47	244	0.02	10.24
47	175	1.25	61.19
47	233	1.25	14.34
47	112	0.02	10.59
47	219	0.002	-8.41
47	170	0.02	8.58
47	243	0.16	11.78
47	90	0.02	-26.96
47	213	0.02	49.86
47	229	10	26.03
47	214	0.002	5.58
47	186	1.25	12.28
47	235	1.25	9.99
47	170	0.16	50.41
47	185	0.24	-6.22
47	239	0.16	54.33
47	164	0.63	88.35
47	128	1.25	6.14
47	97	0.16	30.23
47	238	0.16	24.99
47	166	0.02	-4.03
47	216	0.16	4.24
47	206	0.16	-26.27
47	41	0.02	4.23
47	62	0.02	-3.95
47	230	10	42.11
47	214	1.25	20.31
47	249	0.02	13.87
47	197	0.02	-17.74
47	2	0.16	13.43
47	88	0.16	4.8
47	87	0.002	39.12
47	245	1.25	78.42
47	200	0.002	15.84
47	253	0.02	10.27
47	229	0.002	4.98
47	201	1.25	-4.4
47	182	0.3	16.3
47	236	0.16	7.99
47	14	0.002	-13.71
47	45	0.16	57.03
47	192	0.16	-0.11
47	165	0.16	19.93
47	250	0.02	100.97
47	202	0.02	1.91
47	62	0.002	-5.19
47	37	0.03	35.45
47	210	0.16	95.83
47	192	10	56.44
47	102	10	9.1
47	41	1.25	14.49
47	105	1.25	86.62
47	168	0.002	4.33
47	251	0.16	-9.99
47	52	1.25	-1.44
47	255	0.002	9.48
47	75	0.002	-13.49
47	185	1000	45.32
47	217	0.02	-23.78
47	204	10	9.28
47	169	0.002	-45.6
47	86	1.25	62.58
47	34	3	10.37
47	234	1.25	8.8
47	162	0.02	63.14
47	254	0.02	11.73
47	258	10	9.73
47	235	0.16	14.1
47	135	0.002	6.3
47	14	1.25	-2.03
47	50	1	73.89
47	138	10	19.01
47	254	10	27.5
47	244	10	32.46
47	106	1.25	22.05
47	198	0.002	6.27
47	214	0.16	8.59
47	218	0.16	-4.38
47	209	10	29.39
47	237	1.25	1.25
47	90	1.25	-23.53
47	208	10	33.1
47	34	0.002	7.17
47	224	1.25	77.43
47	192	1.25	28.8
47	62	10	0.58
47	227	10	30.96
47	240	1.25	36.76
47	102	0.002	13.69
47	256	1.25	4.84
47	176	0.02	9.33
47	233	0.002	-2.97
47	32	0.02	88.6
47	97	0.02	-0.67
47	244	1.25	29.26
47	206	10	-5.44
47	187	0.08	11.09
47	215	0.02	8.4
47	240	10	103.93
47	140	1.25	42.62
47	179	0.16	1.37
47	105	0.16	71.82
47	189	0.002	9.96
47	162	1.25	88.38
47	219	10	100.07
47	175	0.16	26.8
47	226	0.002	-0.82
47	232	0.16	9.17
47	231	10	25.18
47	246	1.25	35.59
47	128	10	9.08
47	181	0.16	-0.59
47	246	10	55.24
47	48	0.002	5.8
47	50	0.0002	-17.06
47	194	0.02	3.69
47	77	1.25	40.82
47	188	0.16	8.78
47	131	0.01	18.64
47	86	0.02	51.32
47	240	0.16	8.68
47	255	10	16.46
47	228	10	35.69
47	204	0.002	7.92
47	45	1.25	54.82
47	245	0.16	24.01
47	195	0.02	22.56
47	97	10	84.78
47	192	0.02	13.04
47	242	10	57.9
47	235	10	29.27
47	174	0.02	12.23
47	178	1.56	26.79
47	24	10	69.25
47	238	0.02	11.61
47	23	0.002	48.3
47	24	0.16	43.2
47	247	0.02	-9.63
47	205	0.01	2.83
47	230	0.16	25.01
47	41	10	14.39
47	241	0.002	6.38
47	222	1.25	4.43
47	187	0.001	12.7
47	184	0.002	0.52
47	208	1.25	26.05
47	179	1.25	12.43
47	245	10	83.17
47	254	1.25	-3.66
47	210	0.02	28.02
47	191	0.16	22.2
47	190	0.16	-6.6
47	45	10	73.2
47	216	0.002	5.15
47	202	0.002	-15.13
47	253	10	9.72
47	135	0.02	-19.9
47	232	1.25	-14.64
47	11	1.25	103.86
47	197	1.25	-4.4
47	196	0.002	3.22
47	258	0.02	6.47
47	65	1.25	54.22
47	216	10	4.5
47	209	0.002	3.58
47	245	0.002	5.43
47	188	10	30.92
47	181	0.02	-6.96
47	45	0.02	59.35
47	68	1.25	22.15
47	212	10	58.44
47	34	0.16	-2.44
47	248	10	13.21
47	244	0.002	10.78
47	110	0.002	8.53
47	212	0.16	22.62
47	225	1.25	-0.19
47	135	10	5.13
47	86	10	60.14
47	14	10	11.11
47	162	0.16	85.86
47	220	0.16	-1.77
47	75	1.25	-10.3
47	135	1.25	8.64
47	253	1.25	13.99
47	220	1.25	5.93
47	190	0.002	3.79
47	216	1.25	-1.13
47	48	1.25	10.01
47	249	0.16	16.05
47	195	0.002	17.25
47	249	10	66.77
47	187	0.01	15.62
47	119	0.02	-5.37
47	250	10	101.94
47	171	0.16	10.28
47	185	1.95	-28.16
47	68	10	62.82
47	188	0.002	-0.8
47	203	0.02	-3.58
47	170	10	101.6
47	32	1.25	88.39
47	178	0.2	12.66
47	206	0.002	-7.43
47	230	0.002	-1.87
47	206	1.25	0.17
47	238	1.25	13.67
47	178	12.5	38.68
47	239	0.02	33.93
47	231	0.16	10.99
47	186	0.002	7.78
47	140	0.002	12.96
47	233	0.16	10.75
47	248	1.25	15.38
47	246	0.16	3.33
47	193	0.002	25.17
47	165	0.02	4.4
47	224	0.16	20.15
47	223	0.02	6.59
47	221	0.002	-28.84
47	189	0.02	10.84
47	243	0.002	8.33
47	138	1.25	4.48
47	169	0.16	-13.76
47	181	0.002	5.72
47	186	0.02	0.95
47	218	0.002	-12.33
47	241	10	40.2
47	106	0.002	10.23
47	251	10	100.95
47	228	0.02	18.95
47	179	0.02	1.97
47	190	10	102.66
47	128	0.02	15.07
47	176	1.25	74.17
47	88	1.25	-16.67
47	229	1.25	5.71
47	75	0.16	-0.95
47	34	10	37.6
47	68	0.16	18.07
47	76	1.25	91.96
47	208	0.002	9.17
47	221	10	76.71
47	252	0.002	-16.28
47	196	1.25	14.13
47	224	10	86.14
47	226	1.25	9.77
47	131	0.63	8.44
47	198	10	92.78
47	50	0.002	-2.97
47	219	0.02	3.3
47	26	0.02	-3.09
47	76	0.003	18.37
47	76	0.02	83.31
47	90	0.16	-9.78
47	176	0.16	25.2
47	199	10	16.23
47	52	0.002	1.82
47	236	10	3.37
47	231	1.25	14.61
47	106	0.16	5.39
47	187	5	18.48
47	224	0.02	-19.19
47	41	0.16	11.55
47	232	10	17.83
47	202	0.16	-11.18
47	62	0.16	-14.99
47	11	0.002	8.64
47	222	0.02	-10.3
47	185	125	14.69
47	184	7.5	104.12
47	131	0.08	10.66
47	192	0.002	1.54
47	197	0.16	-14.32
47	168	1	19.16
47	216	0.02	8.75
47	140	0.16	15.13
47	248	0.16	17.38
47	190	1.25	17.53
47	200	10	102.48
47	189	1.25	16.63
47	215	0.002	-11.28
47	174	0.16	17.46
47	23	10	100.47
47	201	10	-9.54
47	174	1.25	35.26
47	90	0.002	-20.68
47	76	0.16	87.87
47	191	10	60.41
47	254	0.16	0.76
47	189	10	44.61
47	246	0.02	23.84
47	133	0.16	7.06
47	36	0.02	-8.32
47	45	0.002	43.28
47	169	1.25	47.72
47	232	0.002	-3.88
47	176	0.002	9.62
47	178	0.02	16.92
47	50	0.02	21.7
47	112	10	61.04
47	211	0.002	14.01
47	105	0.02	31.37
47	88	0.02	-0.08
47	110	10	102.74
47	90	10	8.84
47	236	1.25	3.84
47	211	0.16	4.64
47	202	10	12.91
47	196	0.16	9.07
47	235	0.002	14.37
47	247	0.002	-12.29
47	245	0.02	1.4
47	215	1.25	102.88
47	170	0.002	7.09
47	168	10	66.34
47	219	0.16	1.75
47	166	10	80.98
47	135	0.16	-6.29
47	24	0.02	-0.81
47	177	0.16	44.68
47	251	1.25	18.28
47	105	10	88.24
47	205	5	13.36
47	23	0.02	100.72
47	164	0.08	73.53
47	34	0.02	6.23
47	165	0.002	10.16
47	246	0.002	11.3
47	256	10	24.59
47	208	0.16	21.21
47	234	0.02	16.44
47	164	5	88.03
47	209	0.02	-0.38
47	68	0.002	-2.92
47	258	0.16	-13.74
47	224	0.002	-9.88
47	243	10	26.58
47	36	10	64.49
47	206	0.02	-2.87
47	75	10	13.84
47	2	10	98.39
47	112	0.16	23.49
47	233	10	31.46
47	218	1.25	-0.92
47	182	2.5	5.53
47	211	1.25	-5.32
47	227	0.16	-1.07
47	240	0.002	13.92
47	214	10	2.66
47	186	10	14.45
47	201	0.02	-23.6
47	140	0.02	1.16
47	182	0.04	14.43
47	234	0.002	14.7
47	166	0.16	6.45
47	180	0.002	17.14
47	203	10	2.59
47	227	1.25	13.59
47	239	10	69.64
47	237	0.02	-5.23
47	87	0.02	48.48
47	26	1.25	7.65
47	180	10	101.87
47	221	0.02	-27.01
47	171	0.002	8.67
47	240	0.02	1.14
47	225	0.02	3.66
47	177	0.02	-8.4
47	230	1.25	-4.82
47	254	10	27.5
47	239	0.002	6.19
47	48	0.16	5.66
47	248	0.002	2.5
47	174	10	98.06
47	249	0.002	31.33
47	178	100	36.4
47	26	0.002	11.1
47	258	0.002	5.93
47	204	0.16	7.28
47	207	10	11
47	223	0.16	-1.35
47	254	10	8.51
47	2	1.25	89.82
47	181	1.25	71.3
47	193	0.02	15.44
47	175	0.02	7.63
47	217	0.002	-10.39
47	175	10	77.6
47	213	0.16	71.59
47	231	0.002	11.52
47	86	0.002	44.28
47	205	0.001	8.14
47	205	0.08	11.24
47	241	0.16	-0.26
47	222	0.16	-12.64
47	194	1.25	6.04
47	228	0.002	4.67
47	212	0.002	18.44
47	195	1.25	10.56
47	202	1.25	13.02
47	253	0.16	-1.26
47	228	0.16	27.23
47	255	0.02	5.85
47	209	0.16	1.87
47	225	0.16	2.74
47	119	10	102.82
47	199	0.16	8.7
47	211	0.02	-29.93
47	211	10	17.47
47	210	0.002	-8.86
47	112	1.25	21.61
47	194	0.002	2.44
47	212	0.02	14.25
47	52	10	50.05
47	207	0.02	-0.7
47	182	0.005	5.03
47	242	0.002	37.72
47	234	10	94.26
47	221	0.16	-11.29
47	170	1.25	100.87
47	164	0.001	-11.18
47	217	0.16	-1.58
47	258	1.25	0.4
47	140	10	44.15
47	247	1.25	33.47
47	210	10	103.49
47	191	0.002	19.23
47	175	0.002	-5.1
47	256	0.16	-8.19
47	220	0.002	-9.48
47	171	1.25	53.55
47	252	1.25	8.83
47	110	0.16	102.66
47	247	0.16	-15.3
47	168	1.25	16.37
47	65	0.16	46.4
47	119	0.002	-11.84
47	76	10	94.73
47	207	1.25	12.12
47	227	0.002	-10.47
47	226	10	33
47	228	1.25	28.14
47	48	10	1.93
47	250	0.16	102.9
47	165	1.25	63.4
47	219	1.25	9.91
47	34	1.25	17.09
47	198	1.25	10.95
47	220	10	14.66
47	199	0.02	15.2
47	168	0.02	2.95
47	102	0.02	2.38
47	88	10	28.94
47	200	0.02	-17.66
47	199	0.002	0.41
47	232	0.02	-25.11
47	176	10	86.95
47	105	0.002	-2.25
47	166	1.25	69.09
47	220	0.02	4.34
47	237	0.002	9.4
47	133	1.25	33.8
47	179	0.002	0
47	77	10	7.39
47	36	0.002	10.98
47	236	0.02	5.96
47	65	10	102.47
47	247	10	53.82
47	217	10	68.51
47	241	1.25	-21.8
47	248	0.02	3.76
47	110	1.25	102.77
47	198	0.16	-9.64
47	76	0.002	18.15
47	133	0.02	10.88
47	97	0.002	5.9
47	208	0.02	-5.09
47	184	0.02	33.89
47	204	0.02	16.25
47	102	1.25	7.8
47	48	0.02	11.74
47	201	0.16	-18.38
47	180	1.25	31.91
47	119	1.25	96.64
47	164	0.01	45.25
47	254	0.002	-0.93
47	225	10	3.38
47	24	1.25	55.05
47	26	10	34.77
47	244	0.16	22.05
47	36	0.16	25.24
47	87	10	98.4
47	193	10	65.76
47	41	0.002	-10.3
47	238	0.002	9.73
47	213	1.25	81.37
47	196	10	17.19
47	194	10	48.12
47	195	0.16	-0.71
47	252	0.02	-13.67
47	229	0.16	-13.65
47	181	10	81.46
47	191	1.25	18.5
47	128	0.002	-15.59
47	197	10	38.59
47	230	0.02	2.5
47	32	0.002	77.82
47	106	0.02	16.39
