156	183	0.001	13.88
156	34	0.038	18.23
156	181	2	84.04
156	173	1.1269	-1.09
156	34	0.1161	17.31
157	34	3.1599	12.26
158	76	2.5	58.88
158	76	1.25	58.85
158	43	5	13.95
158	45	10	68.43
158	184	0.0005	6.74
158	105	0.08	52.39
158	164	0.0003	-7.07
158	45	0.01	0.55
158	34	5	6.92
158	106	0.16	-4.18
158	110	0.0006	-11.44
158	165	0.02	-2.86
157	41	0.002	-1.75
157	181	0.16	-12.83
156	34	0.002	-9.16
158	140	0.16	2.41
157	119	1.25	7.19
157	14	1.25	34.32
157	133	0.16	-3.54
157	32	0.0003	-4.67
158	87	10	88.64
159	167	2.0724	4.68
159	110	0.01	89.36
159	110	0.09	99.04
159	24	0.2157	48.94
157	119	0.16	3.47
159	170	0.2181	60.64
159	171	0.2066	-5.89
159	140	0.6	14.82
159	131	0.0083	19.47
159	172	0.1007	2.84
159	173	0.5955	1.22
159	45	0.0416	44.78
159	45	0.1	48.14
159	45	0.5	56.84
159	174	1.13	84.04
159	175	0.2087	13.55
156	166	6.7498	85.74
159	2	0.3239	44.99
159	2	0.5941	78.97
159	176	1.3	81.77
159	178	0.3089	78.57
159	178	1.6151	83.69
157	102	0.01	-7.05
157	68	0.0003	-6.93
159	77	0.0504	24.98
157	50	0.002	-4.42
157	184	7.5	99.97
159	87	0.0332	32.12
159	87	0.0567	45.2
159	182	0.25	80.62
159	183	0.001	4.86
159	183	0.01	72.14
157	106	2.5	4.68
159	184	0.0021	45.13
159	162	0.0307	57.88
159	162	0.0674	78.3
159	41	7.904	42.95
159	132	3	-4.47
156	179	0.16	-12.3
159	119	0.552	91.32
157	77	0.16	-2.43
158	32	0.0006	1.55
159	165	0.3071	-1.74
157	169	0.001	15.13
159	110	0.03	99.13
159	168	2.63	22.18
159	24	0.0139	-0.19
159	24	0.0294	9.12
159	169	1	-1.87
159	34	0.1161	6.48
159	34	3.1599	14.46
157	76	10	39.49
159	171	0.5699	3.53
159	140	0.154	4.32
159	131	0.0239	24.47
159	172	0.551	3.55
159	172	8.616	0.15
159	173	2.1931	0.58
159	174	0.5	24.32
157	133	5	14.5
159	68	0.1602	-4.95
157	164	0.04	36.71
159	177	0.0162	2.44
159	177	0.6658	27.69
159	177	4	37.98
159	178	7.4095	87.94
159	179	0.9533	75.57
159	76	0.0059	46.42
159	180	2.5	11.39
159	180	5	40.03
159	181	0.67	18.95
159	181	2	75.96
159	182	4	59.93
158	23	0.002	30
159	184	0.0013	25.63
159	184	0.0042	63.71
156	130	1.5396	19.75
157	162	0.0006	-4.67
157	162	0.0003	-11.93
157	43	0.0006	-2.38
157	178	0.02	-0.25
157	11	0.02	31.59
157	52	5	3.01
157	90	0.0006	-3.34
157	52	0.0006	-0.73
157	102	0.002	-5.46
158	88	0.0006	-10.76
157	43	0.08	-2
157	169	0.002	12.69
157	90	0.3	-6.98
157	52	0.63	-7.69
157	88	0.16	-7.2
157	102	0.0006	0.03
157	50	0.004	1.48
157	45	0.04	-5.96
157	11	0.0006	-3.93
157	166	0.005	-2.19
157	169	0.0003	16.14
157	68	2.5	5.76
156	52	2.5	-6.43
156	168	0.002	-2.2
156	184	0.002	35.06
156	184	0.47	98.58
156	165	0.04	-1.18
156	11	0.04	84.38
156	165	1.25	4.44
156	90	2.5	10.56
156	11	1.25	92.74
156	164	0.002	-0.29
156	76	0.02	12.27
156	169	0.04	9.77
156	106	1.25	26.89
156	76	5	61.25
158	119	0.552	61.76
158	116	0.0212	18.37
158	163	5	-14.21
158	132	3	-21.21
158	41	7.904	20.06
158	162	0.0674	79.58
158	41	2.1871	4.81
158	162	0.0307	64.74
158	87	0.0567	75.44
158	182	0.25	4.24
158	183	0.001	-11.64
158	183	0.004	-17.52
158	183	0.01	-14.38
158	106	2.08	14.95
158	184	0.0021	15.74
158	178	0.3089	6.24
158	45	0.0003	-8.51
158	179	4.3128	21.06
158	76	0.0119	57.04
158	77	0.0184	-10.62
158	77	0.0504	-6.38
158	77	1	13.82
158	180	1	-12.74
156	180	0.04	-8.53
158	87	0.0332	69.19
158	2	0.3239	17.08
158	2	0.5941	43.28
156	164	0.005	-1.29
158	68	5	16.97
158	176	0.5	60.85
158	45	0.5	80.07
158	174	1.13	41.52
158	175	0.2087	-8.11
156	26	0.001	7.96
158	131	0.0083	59.64
158	172	0.1007	-13.43
158	173	0.5955	-19.74
158	45	0.0416	58.53
158	45	0.1	75.88
158	171	0.2066	4.25
158	170	0.2181	22.73
158	131	0.0017	28.55
158	24	0.2157	71.31
158	169	2.6008	3.5
158	170	0.0804	12.57
156	170	0.08	-3.62
158	110	0.09	103.4
158	167	0.9872	-11.58
158	167	2.0724	-15.17
158	130	3.9734	28.56
158	68	0.16	1.63
158	166	2.5956	67.23
158	130	0.3639	3.38
158	133	0.0143	-3.76
158	133	0.0569	6.99
158	133	0.5021	18.07
158	34	0.04	-5.69
158	164	0.0192	56.91
158	116	0.0511	39.56
158	163	0.2	-16.18
158	163	1	-16.13
158	162	0.0162	26.7
158	41	0.926	-4.43
158	132	1	-15.34
158	116	0.2649	68.11
158	164	0.0062	3.89
158	88	0.63	-15.83
158	165	1.2531	20.41
158	166	6.7498	57.5
158	168	0.87	-17.25
158	24	0.0139	5.59
158	110	1.25	97.96
158	169	0.1165	-25.72
158	169	1	-19.51
158	34	0.1161	0.61
158	170	0.1381	5.92
158	171	0.5699	21.55
158	171	1.4244	54.8
156	166	0.02	0.13
158	140	1.1616	44.4
158	174	0.13	-21.5
158	131	0.0239	65.26
158	172	8.616	32.29
158	173	2.1931	-8.62
158	175	0.9389	16.94
158	68	1.521	9.62
158	177	0.0162	-24.69
158	177	0.6658	26.46
158	177	4	26.7
158	178	7.4095	16.48
158	179	2.143	33.88
158	180	2.5	7.73
158	14	0.02	-28.36
158	181	0.22	-14.22
158	181	0.67	-9.64
158	181	2	38.57
158	106	0.7687	-21.78
158	184	0.0013	0.04
158	184	0.0042	48.58
159	97	0.02	-16.19
156	52	0.02	-4.47
159	178	0.02	-0.19
156	110	0.005	-11.7
159	97	0.002	-7.1
156	102	0.005	-2.33
159	23	0.002	4.12
159	179	0.16	1.43
159	52	0.002	-0.34
156	24	0.16	-13.17
159	177	0.02	-10.73
156	168	5	13.71
156	169	0.01	10.16
156	43	0.16	1.92
156	76	0.01	-9.98
156	105	0.01	-0.01
159	2	0.16	-4.6
156	50	0.06	8.96
156	106	5	85.07
159	174	0.16	9.41
156	168	0.08	-6.99
156	43	1.25	0.61
159	14	0.002	-11.24
159	140	1.25	10.27
156	32	0.63	54.87
159	140	10	37.32
159	181	1.25	1.39
156	184	0.03	76.64
159	171	1.25	8.35
156	164	0.001	-2.39
159	62	10	-12.87
156	110	0.63	87.13
159	176	0.16	2.46
159	41	1.25	0.62
156	77	0.08	20.2
159	41	0.002	-5.96
159	175	0.02	-13.96
159	87	1.25	94.05
159	174	0.02	-0.78
156	14	0.16	0.76
156	164	0.02	33.19
159	171	0.02	-16.45
156	180	0.16	-0.16
156	102	2.5	3.58
159	87	10	89.3
159	179	0.02	4.47
156	166	0.0003	-2.86
156	106	0.16	5.04
159	175	0.16	-5.42
159	23	0.16	83.95
159	45	0.02	2.82
159	62	0.16	-11.34
159	24	10	59.34
159	110	1.25	99.83
159	2	0.02	-0.5
156	133	0.01	-8.56
156	176	0.5	87.96
159	179	0.002	0.67
159	97	1.25	85.07
159	110	0.002	-7.48
159	14	0.02	-14.37
159	41	0.02	-5.81
159	178	0.2	-0.12
156	36	0.63	3.56
159	140	0.002	-3.94
159	110	10	99.83
159	34	0.02	-5.21
156	11	5	94.8
159	175	0.002	-13.2
159	34	0.16	-7.86
156	102	10	10.68
159	62	1.25	-5.1
159	178	12.5	47.73
159	171	10	62.6
159	174	1.25	51.12
159	41	10	17.46
156	166	0.16	-0.85
156	182	20	74.64
159	178	100	47.81
159	2	1.25	60.92
159	45	10	53.56
159	24	0.002	-2.9
159	97	10	90.02
159	23	10	93.69
159	140	0.16	-7.89
156	119	0.0006	1.59
159	171	0.16	-3.1
159	23	1.25	92.8
159	2	0.002	-7.63
159	14	1.25	-13.91
159	181	0.002	-1.85
159	52	1.25	-5.55
157	140	0.02	-27.61
159	177	10	14.97
159	176	1.25	53.78
159	41	0.16	-9.51
159	177	0.002	-12.12
159	177	1.25	-0.11
159	52	0.16	-7.48
156	168	0.63	2.78
159	176	0.002	-11.78
159	14	10	-12.28
159	176	0.02	-9.72
156	14	0.002	1.75
156	11	0.3	89.85
159	178	1.56	49.89
159	179	10	82.72
159	175	10	28.72
159	171	0.002	-10.33
159	87	0.02	23.53
156	180	0.3	-3.19
159	140	0.02	-9
156	45	0.0003	-1.27
156	14	0.01	-5.99
156	88	2.5	-4.68
156	162	5	61.52
156	68	5	-2.46
156	110	0.01	-9.92
156	169	0.02	11.73
156	90	10	17.77
156	34	0.001	-4.56
156	32	0.005	13.27
156	140	0.02	-3.13
156	133	0.0006	3.66
156	68	1.25	14.84
156	170	0.002	-2.02
157	179	1.25	-20.63
156	90	0.16	-2.41
156	119	5	59.14
156	102	0.04	-1.57
156	90	0.005	-12.49
156	170	0.001	9.53
156	102	0.16	3.8
156	52	0.0003	4.99
156	106	0.001	3.08
156	34	0.01	-25.5
156	178	12.5	33.7
156	34	0.005	-5.7
156	166	2.5	43.16
156	168	10	22.84
157	164	0.0089	57.46
156	184	0.004	68.64
156	162	0.16	41.65
156	76	0.63	66.24
156	165	0.02	0.02
156	168	1.25	9.94
156	36	5	22.29
156	182	0.0006	-5.75
156	32	0.02	29.83
157	181	0.002	-5.89
156	182	0.005	5
156	164	0.08	53.66
156	36	0.005	-8.9
156	110	5	95.73
156	165	0.16	-0.57
156	168	0.16	-2.85
156	14	0.08	-8.05
156	106	0.005	-9.33
156	32	0.001	-1.65
156	162	2.5	59.31
156	88	5	3.33
156	110	1.25	91.62
156	77	10	68.06
157	45	0.1	38.21
156	105	0.63	50.12
156	32	2.5	49.28
156	52	0.3	-5.93
156	45	0.3	38.52
156	166	1.25	20.01
158	175	0.02	-24.9
156	166	10	53.86
159	116	0.0511	15.4
156	43	0.001	-0.73
156	165	0.3	-4.35
157	45	0.002	-2.19
156	184	0.0002	6.92
158	14	0.08	-4.36
156	184	0.94	98.79
156	32	0.0006	0.55
156	184	0.01	84.67
158	165	0.16	-2.12
156	105	0.04	2
156	45	0.02	3.17
156	50	0.03	10.32
156	76	0.001	-4.48
156	36	0.001	2.44
156	182	0.01	-3.27
156	45	5	29.57
156	168	0.04	-6.06
156	52	10	-10.19
156	162	0.02	-1.14
156	105	0.001	5.08
156	90	0.002	4.84
156	45	0.001	-0.77
156	52	0.001	1.09
156	180	0.005	-0.35
156	110	0.16	31.51
156	11	0.0003	-8.75
156	14	0.3	4.41
156	45	0.16	29.59
156	45	0.005	-11.31
156	165	10	37.13
156	165	0.6297	17.37
156	182	0.002	-4.18
158	36	0.3	-5.43
156	170	10	80.26
156	90	0.08	-10.04
156	50	0.001	-7.25
156	167	0.9872	16.97
156	2	10	92.27
156	133	2.5	7.12
156	170	0.0003	-10.32
156	34	10	-2.24
156	34	5	-5.05
156	14	0.0003	5.27
156	165	0.0006	5.98
156	119	0.02	-6.64
156	36	0.3	7.67
156	26	0.002	0.47
158	41	0.16	-18.55
156	165	0.005	-3.15
156	162	1.25	59.52
156	2	0.3239	42.48
156	32	0.04	41.9
156	170	0.005	-7.62
156	166	0.01	-2.18
156	88	0.08	-10.55
156	68	0.3	8.6
156	168	0.0003	-4.68
156	164	0.63	64.05
156	165	0.63	6.34
156	110	2.5	93.79
156	11	0.002	1.09
156	170	0.16	-1
156	41	0.002	1.54
156	45	0.01	-9.51
156	45	2.5	36.84
156	62	0.16	-14.9
156	119	0.0003	-2.96
158	105	0.16	60.35
158	68	1.25	21.1
156	119	0.005	-6.04
156	164	5	81.51
158	50	0.25	71.12
156	164	2.5	78.18
156	11	2.5	93.56
156	32	1.25	45.83
156	45	0.63	42.07
156	102	0.001	4.39
158	14	1.25	26.15
156	162	10	66.11
156	133	10	62.07
156	50	0.00003	-2.59
156	162	0.001	2.72
156	36	0.002	0.22
158	184	0.03	93.02
156	52	0.002	7.5
156	166	0.04	-1.73
156	164	0.3	59.5
156	106	0.02	0.37
156	180	10	25.61
156	68	0.01	-15.75
156	106	0.0003	-14.79
156	102	5	-1.46
156	68	0.08	-0.9
156	180	0.0006	1.24
156	168	0.02	-8.53
156	119	0.04	-0.27
156	106	0.3	6.07
156	52	0.01	-11.86
156	169	0.08	7.83
156	26	1.25	0.77
156	168	0.3	-3.1
158	11	10	98.17
156	43	0.02	0.83
156	102	1.25	-0.63
156	26	0.005	0.58
156	105	0.3	49.64
156	180	0.02	-5.2
158	175	1.25	17.99
156	26	10	-10.01
156	11	0.63	90.84
156	164	0.0006	8.81
156	182	2.5	53.94
156	182	0.04	-6.35
156	68	0.63	4.43
156	76	0.04	40.24
156	162	0.63	58.67
156	164	0.16	56.65
157	175	0.002	-13.26
156	169	0.16	14.84
156	165	0.01	-5.35
158	178	0.2	0.6
156	119	0.001	-3.5
156	165	0.002	4.98
156	119	2.5	47.45
156	32	5	40.7
156	26	0.04	-2.08
156	181	0.02	-12.8
156	184	0.0009	10.34
156	165	0.3071	-3.24
156	34	0.04	-0.85
156	110	0.3	62.47
156	182	1.25	29
156	26	0.0003	-0.42
156	180	0.001	8.96
157	177	4	43.31
156	36	0.0006	4.64
156	105	0.002	-0.88
156	11	10	96.18
158	88	0.0003	-4.45
156	14	0.005	-4.47
156	171	0.5699	40.27
156	170	0.02	-2.6
156	168	0.01	-6.74
156	88	0.001	-1.04
156	77	2.5	54.53
156	77	5	65.76
156	182	0.3	-6.98
156	168	0.0006	3.35
156	182	0.08	-4.85
157	119	0.2079	54.55
156	32	0.01	18.93
156	45	1.25	37.52
157	177	10	10.52
156	90	0.63	-0.05
156	26	0.0006	6.31
156	50	0.0002	3.53
156	110	0.0006	2.06
159	164	0.0089	18.47
156	90	0.0003	-5.88
156	68	10	-13.22
158	14	0.02	-7.99
156	182	0.02	-10.07
158	23	10	81.65
156	32	0.16	49.17
156	26	0.3	-1.74
156	133	0.0003	8.61
158	168	0.0006	-10.1
158	110	0.3	96.34
156	169	0.3	10.55
159	119	0.1322	58.61
156	140	0.002	-2.97
156	184	0.007	83.91
156	32	0.002	8.98
156	170	0.01	-11.25
156	110	0.002	-1.63
156	76	0.3	62.67
156	50	0.5	15.09
156	41	10	15.9
156	119	0.002	-3.72
156	170	0.3	47.66
156	106	0.002	-5.69
156	133	0.04	-3.79
156	180	1.25	-17.51
158	164	0.02	53.36
158	180	0.005	-7.15
156	14	0.63	6.51
156	106	0.0006	7.34
156	182	0.63	-2.77
156	184	0.12	97.42
156	165	0.001	-0.38
156	106	10	98.54
156	77	0.01	-7.94
156	162	0.002	-10.1
156	68	0.02	-5.6
156	34	0.02	-2.23
156	77	0.04	6.39
156	50	0.25	26.51
156	50	0.01	1.05
156	105	0.16	39.02
156	26	0.02	-2.93
156	110	10	89.4
156	34	0.0003	2.81
156	180	5	6.11
156	165	0.0003	-6.47
156	133	1.25	5.01
156	105	0.08	11.08
158	68	0.01	-5.68
156	36	0.08	1.14
156	50	0.0005	-5.19
156	164	1.25	65.76
156	26	5	-4.43
156	184	0.23	98.34
158	11	0.08	95.52
156	170	2.5	82.03
156	43	0.63	2.96
156	102	0.3	2.81
156	166	0.08	-7.12
156	133	0.02	-3.67
156	36	10	54.19
156	162	0.3	62.77
156	14	0.02	-4.07
156	14	2.5	23.4
156	119	0.3	8.98
156	77	0.001	-8.14
159	133	0.0143	1.5
156	34	0.3	4.36
156	167	2.0724	3.2
156	76	0.16	61.03
156	43	0.01	-8.14
156	180	0.08	-4.01
156	169	0.0006	10.09
156	36	0.0003	0.4
156	166	0.001	6.26
156	36	1.25	15.96
156	88	10	85.59
156	45	0.0006	2.68
156	90	0.04	-9.24
156	43	5	-12.09
156	166	0.3	0.89
156	164	0.0002	0.13
156	165	5	38.35
156	182	0.16	-10.02
158	36	1.25	5.39
156	180	0.002	-6
156	180	0.01	-0.35
156	50	0.13	14.96
156	162	0.005	-17.44
156	88	0.01	-11.56
156	52	0.08	-6.15
156	68	0.005	-1.28
156	171	0.002	-15.2
156	77	0.02	-0.65
156	88	0.002	-1.61
156	110	0.02	-5.71
156	34	0.63	2.19
156	43	0.005	0.17
156	170	1.25	79.46
156	45	0.08	14.16
158	77	5	-4.87
156	102	0.08	4.84
157	68	0.1602	6.64
156	166	5	44.45
156	110	0.0003	-2.01
156	50	0.02	7.48
158	166	5	59.74
157	23	1.25	88.3
156	169	2.5	18.54
156	110	0.001	-5.41
157	62	0.02	-13.59
158	50	0.004	3.61
156	169	1.25	10.37
156	68	0.16	-1.92
157	181	0.22	63.22
156	184	3.75	99.35
156	176	0.16	29.76
156	102	0.0003	2.08
156	36	0.16	1.66
156	32	10	42.65
156	133	0.63	-0.12
156	166	0.63	3.22
157	173	0.5955	6.54
157	133	0.0569	-1.56
156	180	0.63	-7.55
156	32	0.3	53.66
156	168	2.5	8.08
158	184	0.47	96.13
156	105	0.0003	0.84
158	11	0.01	85.06
156	36	0.01	-5.59
156	166	0.002	2.8
156	164	0.0003	4.9
156	165	0.08	-6.81
156	133	0.08	-1.54
158	169	0.08	9.49
156	162	0.0006	2.17
156	162	0.0003	-4.48
156	52	0.63	-6.06
156	88	0.16	-5.25
156	102	0.0006	3.86
156	50	0.004	-1.2
156	43	0.08	-3.16
156	169	0.002	10.56
156	90	0.3	-5.38
156	45	10	31.08
158	34	0.63	3
158	165	1.25	7.11
156	88	0.02	-7.47
156	68	0.0006	1.66
156	45	0.04	14.54
156	11	0.0006	-1.19
156	166	0.005	-6.17
156	169	0.0003	7.19
156	68	2.5	3.86
156	133	0.002	1.75
156	43	0.002	-18.73
156	180	2.5	3
156	26	2.5	9.37
156	34	2.5	8.6
156	132	3	6.33
156	14	5	66.59
156	11	0.001	1.59
156	169	0.63	8.1
156	43	0.0003	5.13
156	110	0.08	1.94
158	34	0.16	-6.18
156	106	0.63	13.59
156	11	0.08	87.23
156	166	0.0006	-0.06
156	26	0.16	2.31
156	52	0.04	-4.37
156	88	0.005	-15.52
156	174	0.5	-7.85
156	170	5	81.78
156	184	0.06	93.54
156	52	0.005	1.34
156	106	0.08	-16.6
156	105	2.5	66.88
156	11	0.16	87.76
156	102	0.02	-3.51
156	36	0.02	0.06
156	50	0.00006	6.48
156	76	0.002	1.62
156	50	1	10.15
156	43	10	-9.47
157	175	0.9389	41.79
156	169	0.005	11.55
156	76	0.005	-3.75
156	90	0.001	7.4
156	34	0.0006	-3.22
156	77	0.63	25.19
156	133	0.005	-4.89
158	14	0.002	-0.79
156	90	1.25	-10.04
156	76	1.25	65.42
156	26	0.01	-3.55
156	43	0.04	-6.15
156	26	0.63	6.02
158	181	0.16	-14.07
156	162	0.01	-22.31
156	14	0.0006	5.28
156	171	0.16	-10.78
156	76	0.08	54.81
156	77	0.0003	4.61
157	77	0.0184	9.26
157	166	0.845	19.31
156	106	0.01	-14.14
156	11	0.01	-17.26
156	90	0.02	-7.36
156	170	0.63	73.9
156	32	0.08	47
156	88	0.63	-5.92
156	76	0.0003	1.82
156	14	10	86.24
156	164	0.01	12.96
156	36	0.04	-2.21
158	76	0.16	53.15
156	162	0.04	-0.97
156	34	0.08	-3.11
156	52	0.0006	1.16
156	102	0.002	2.14
156	52	0.16	-0.97
156	52	5	-4.76
156	182	5	66.49
156	43	0.0006	-7.1
156	50	0.002	-3.67
156	68	0.0003	-11
156	102	0.01	-5.79
156	36	2.5	15.62
156	119	0.16	1.2
156	68	0.002	-3.8
156	164	0.04	47.83
156	133	0.001	-0.82
156	169	0.001	14.39
156	76	2.5	62.77
156	76	0.0006	2.38
156	106	0.04	-1.97
156	32	0.0003	-1.99
156	133	0.16	0.46
156	88	0.3	-6.3
156	184	0.0005	6.1
156	43	0.3	3.64
156	88	0.0003	-0.03
156	105	0.02	-2.18
156	50	0.0001	-2.99
156	26	0.08	6.64
156	77	0.3	25.55
156	180	0.0003	5.25
156	88	0.0006	1.59
156	119	0.08	-2.9
156	11	0.005	-1.38
156	119	10	74.93
156	105	0.0006	5.64
156	170	0.0006	0.78
158	162	0.02	37.97
156	168	0.001	-5.61
156	162	0.08	13.82
156	90	0.01	-3.66
156	110	0.04	-5.89
156	105	10	67.33
156	177	0.6658	68.14
156	23	10	94.55
156	119	0.01	-7.15
156	169	5	13.29
156	169	10	19.6
156	88	0.04	-7.55
156	34	1.25	-1.45
156	43	2.5	3.92
156	77	0.0006	-2.13
156	77	0.002	-1.93
156	34	0.16	2.4
156	68	0.001	-5.66
156	45	0.002	3.65
156	76	0.001	25.78
157	52	1.25	-7.77
156	168	0.005	-7.11
156	170	0.04	-8.45
156	184	1.88	99.08
158	50	0.01	6.92
158	45	10	72.8
158	106	10	85.46
158	182	5	-13.52
156	88	1.25	-10.72
156	133	0.3	3.14
156	105	1.25	54.42
156	105	5	70.88
156	105	0.005	1.26
156	165	2.5	38.92
156	14	0.001	-1.95
156	77	0.005	-6.99
156	102	0.63	2.13
156	182	10	70.49
156	34	0.002	-4.79
156	119	0.63	29.66
157	110	0.16	99.89
156	14	0.04	4.46
158	119	2.5	85.66
156	68	0.04	-0.05
156	90	5	5.03
156	182	0.001	6.88
156	52	10	2.87
156	77	1.25	37.69
156	52	1.25	-20.83
156	14	1.25	7.11
156	106	0.7687	20.18
158	162	0.3	67
158	14	1.25	-30.44
156	119	1.25	46.53
156	76	10	56.84
156	133	5	2.92
157	176	0.16	8.46
156	184	7.5	99.53
156	106	2.5	52.09
156	77	0.16	18.21
156	11	0.02	41.89
156	90	0.0006	-0.24
158	180	5	50.45
157	132	1	-2.68
158	180	0.01	-9.78
156	177	1.25	20.92
157	174	10	85.37
158	43	0.01	-3.53
156	23	0.16	87.78
158	77	10	9.01
158	14	0.04	-1.14
158	26	2.5	11.33
157	24	0.2157	28.52
158	52	0.01	-4.65
158	11	5	97.75
158	52	0.02	-3.25
157	171	1.25	13.29
157	169	0.1165	7.17
156	77	0.0184	13.91
156	179	4.3128	75.27
158	11	0.0003	-4.88
156	45	10	50.64
158	106	0.01	-9.08
158	88	5	-4.21
156	171	0.02	-14.71
158	26	0.63	6.58
158	68	0.63	18.15
158	36	0.04	-9.12
158	43	0.002	-5.24
158	106	0.001	-4.08
157	163	1	6.23
158	164	0.63	47.14
158	162	0.0003	-11.81
158	11	1.25	97.47
158	165	0.005	-8.08
158	165	0.002	-8.12
158	32	0.0003	-6.38
157	131	0.0239	27.04
158	110	0.002	72.02
157	97	1.25	46.52
157	14	0.002	-21.27
158	169	0.002	16.43
158	182	0.02	-10.23
157	174	1.13	69.43
156	97	0.02	-7.64
158	52	0.0006	-3.86
157	41	0.02	-16.13
156	175	0.16	3.23
156	68	0.1602	-11.27
158	170	0.0006	-6.18
158	184	0.06	94.18
158	36	10	58.4
157	24	0.02	-6.02
156	87	0.0332	67.3
157	179	0.9533	28.43
158	170	0.001	-10.92
158	36	0.02	-10.11
158	97	0.16	40.09
158	23	1.25	81.51
158	52	10	47.07
157	106	2.08	-7.24
158	164	0.0002	-5.24
156	131	0.0083	48.4
159	130	3.9734	19.93
158	45	0.3	56.54
157	179	0.16	-8.15
158	110	0.63	97.33
158	26	0.0003	-2.03
156	170	0.2181	57.61
157	130	1.5396	17.61
158	76	0.01	41.53
158	184	0.12	95.35
158	168	5	73.55
157	24	0.0294	16.6
158	76	0.02	45.38
156	62	0.002	-14.95
158	90	0.3	-18.89
156	116	0.0212	2.01
158	119	0.04	-1.83
156	172	0.1007	-5.25
158	34	0.08	-11.9
158	184	3.75	97.88
158	26	1.25	9.09
158	164	5	63.67
156	76	0.0059	64.19
158	32	0.01	50.62
156	176	1.25	69.22
156	34	0.02	-6.83
156	52	0.02	-14.17
157	76	0.0006	-1.57
157	90	5	6.29
157	77	0.3	-3.98
157	119	0.08	-2.1
157	88	0.3	-9.81
157	184	0.0005	9.01
157	52	1.25	-1.24
157	77	1.25	-1.83
157	182	0.001	-1.47
156	169	1	14.4
157	88	0.0003	-2.52
157	105	0.0006	-1.88
157	102	0.63	-7.64
157	11	0.005	-11.68
157	119	0.63	2.74
157	182	10	0.52
157	90	0.01	-4.42
157	14	0.001	-3.75
157	105	0.005	1.16
157	105	1.25	38.93
157	77	0.005	-11.65
157	162	0.08	-2.97
157	105	0.08	8.78
157	133	1.25	6.75
157	77	0.04	-11.01
157	34	0.02	-4.59
157	34	0.0003	-8.79
157	26	0.02	-2.08
157	50	0.01	4.1
157	50	0.25	26.6
157	133	0.3	-0.63
157	68	0.02	-7.18
157	77	0.01	-10.98
158	106	5	71.21
157	34	1.25	4.02
157	88	1.25	-3.99
157	169	5	23.29
157	88	0.04	-7.14
159	167	0.9872	2.77
157	168	0.005	-12.42
157	68	0.001	-4.45
157	26	0.08	6.35
157	50	0.0001	-0.49
157	110	0.04	6.11
158	180	1.25	-0.35
157	168	0.001	-3.65
157	52	0.16	-2.21
157	34	0.08	-13.95
157	162	0.04	-7.98
157	43	0.3	-0.49
157	133	0.001	-10.27
157	76	2.5	39.64
157	68	0.002	-7.83
156	164	0.0192	83.26
157	76	0.0003	-10.61
157	36	0.04	-9.95
157	14	0.02	-19.27
158	14	0.0003	-0.84
157	77	0.0003	-6.85
157	76	0.08	29.35
157	162	0.01	-9.5
157	88	0.63	-6.8
157	32	0.08	34.8
157	174	0.002	-6.26
158	11	0.001	-5.74
157	26	0.01	-3.43
157	90	1.25	0.64
157	133	0.005	-9.71
157	171	0.16	-16.87
157	77	0.63	-1.3
157	43	0.04	-4.58
157	43	10	7.76
157	34	0.0006	-5.29
157	90	0.001	-0.77
157	76	0.005	-0.7
157	169	0.005	15.48
157	11	0.16	91.59
157	105	2.5	42.89
157	106	0.08	-3.48
157	52	0.005	-2.53
157	184	0.06	98.46
157	170	5	87.15
157	102	0.02	-6.21
157	11	0.08	87.64
157	88	0.005	-6.59
157	52	0.04	-4.13
157	26	0.16	1.61
157	34	2.5	2.56
156	176	0.002	-15.89
157	180	2.5	-6.82
157	169	0.63	15.78
157	11	0.001	-11.56
157	68	0.0006	-6.06
157	88	0.02	-6.31
157	45	10	20.64
157	164	0.0003	-5.69
157	166	0.002	-9.03
157	36	0.01	-8.18
157	133	0.08	1.38
157	180	0.63	-8.54
157	168	2.5	6.21
157	110	0.001	-4.97
157	169	2.5	18.83
157	166	0.63	-7.17
157	32	10	24.12
158	119	0.001	-11.67
157	68	0.16	0.41
157	50	0.02	2.9
157	166	5	1.94
157	102	0.08	-5.2
156	178	1.56	3.72
158	14	0.002	-36.77
156	45	0.1	81.42
157	131	0.0083	24.97
157	43	0.005	-15.54
157	34	0.63	-11.13
157	110	0.02	-2.94
158	14	0.3	3.04
157	170	1.25	73.81
157	162	0.005	-16.11
157	50	0.13	18.48
157	88	0.002	-9.09
157	77	0.02	-5.47
157	68	0.005	-7.96
157	52	0.08	0.3
157	88	10	27.06
157	36	1.25	4.53
157	166	0.001	-5.11
157	180	0.01	-5.87
157	182	0.16	-6.42
157	165	5	40.93
157	164	0.0002	-0.82
157	166	0.3	-3.45
157	43	5	-12.79
157	90	0.04	-6.65
156	110	0.03	97.08
157	43	0.01	-8.5
158	166	2.5	61.44
157	77	0.001	-0.83
157	119	0.3	1.16
157	36	0.0003	1.44
157	169	0.0006	13.41
157	162	0.3	23.45
157	36	10	17.38
157	14	2.5	76.93
157	14	0.02	-8.32
157	184	0.23	98.61
157	26	5	5.62
157	164	1.25	66.44
157	133	0.02	-2.85
157	166	0.08	0.37
157	43	0.63	-2.93
156	41	7.904	47.43
157	36	0.08	0.61
157	50	0.0005	-0.77
157	14	0.005	-6.01
157	11	10	99.75
157	77	5	10.56
157	88	0.001	-6.86
157	170	0.02	-4.35
156	181	1.25	19.47
157	180	0.001	-0.59
157	182	1.25	-4.73
157	36	0.0006	-3.61
157	34	0.04	-5
157	184	0.0009	39.9
157	119	2.5	10.12
157	165	0.002	-7.7
157	119	0.001	-3.08
157	164	0.0006	-4.85
157	162	0.63	30.97
157	76	0.04	24.9
157	182	0.04	-5.19
157	102	1.25	0.36
157	177	1.25	35.36
157	168	0.3	-0.33
157	169	0.08	17.72
158	62	0.16	-13.63
157	11	0.63	96.26
157	180	0.02	-7.83
157	26	0.005	-0.08
157	88	0.08	0.1
157	45	2.5	19.15
157	176	10	50.79
157	32	0.04	20.85
157	162	1.25	34.73
157	165	0.005	-6.29
157	166	0.01	-9.77
157	34	5	-6.9
158	76	0.08	59.91
157	170	0.0003	-4.48
157	50	0.001	10.51
157	90	0.08	-17.7
157	26	0.002	-3.93
157	119	0.02	-6.17
157	165	0.0006	-4.22
157	165	10	39.81
157	45	0.005	-3.03
157	11	0.0003	-11.78
157	162	0.02	-11.55
157	52	10	6.33
157	168	0.04	-4.05
157	45	5	18.67
157	180	0.005	-3.25
157	45	0.001	-2.15
157	184	0.94	98.71
158	11	0.63	96.99
157	76	0.001	20.79
157	76	0.001	-7.93
158	170	10	82.46
157	105	0.04	1.68
157	45	0.3	0.51
157	166	1.25	0.3
157	52	0.3	-4.47
157	32	2.5	32.53
157	110	1.25	98.32
157	162	2.5	39.36
157	165	0.3	-2.1
157	43	0.001	-15.04
157	166	10	1.72
157	168	0.16	-1.02
157	165	0.16	-2.59
157	110	5	99.7
157	36	0.005	-4.27
157	164	0.08	44.79
157	32	0.001	-5.91
157	106	0.005	0.21
157	165	0.02	-0.63
157	76	0.63	36.42
157	162	0.16	1.89
157	36	5	4.63
157	2	1.3714	63.77
157	182	0.63	-8.37
158	97	0.02	-15.64
157	14	0.63	16.16
157	162	0.0674	38.45
157	173	1.1269	7.71
157	168	10	27.85
157	34	0.005	-11.18
157	34	0.01	-9.69
157	106	0.001	-7.1
157	110	0.002	-7.41
157	32	0.002	-4.08
157	106	0.002	-3.07
157	170	0.3	1.28
157	119	0.002	-5.96
157	76	0.3	36.37
157	32	0.16	34.5
157	182	0.02	-14.73
157	169	0.3	15.44
157	133	0.0003	2.1
157	90	0.63	-4.35
157	45	1.25	14.96
157	182	0.08	-10
157	182	0.3	-7.15
157	90	0.0003	-5.27
157	110	0.0006	-5.95
157	26	0.0006	-4.93
157	102	0.04	-6.06
158	162	0.005	-7.72
157	110	0.01	-6.35
157	170	0.002	-5.14
157	68	1.25	12.74
157	32	0.005	-0.88
157	34	0.001	-10.38
157	90	10	13.96
157	169	0.02	13.71
157	11	0.3	94.54
157	68	5	11.78
158	165	0.04	-11.77
157	14	0.01	-6.61
157	166	0.16	-2.15
157	14	0.002	-6.12
157	119	0.0006	-0.97
157	11	5	99.12
157	133	0.01	-14.57
157	102	10	3.32
158	169	0.0003	27.34
157	77	0.08	-4.92
157	110	0.63	96.96
157	179	0.02	-26.7
157	184	0.03	98.25
157	180	0.16	-3.75
157	164	0.02	18.3
157	76	0.01	-6.94
158	62	1.25	-11.89
157	168	5	3.24
157	62	0.16	-11.4
157	32	0.63	32.57
157	168	0.08	-7.11
158	119	0.3	36.09
157	105	0.01	-1.48
157	97	0.002	-8.06
157	26	0.001	-3.55
157	102	0.005	-9.4
157	110	0.005	-9.83
157	52	0.02	-5.51
157	164	0.002	1.1
157	164	0.005	-4.58
157	180	0.04	-10.5
158	23	0.02	93.55
157	169	0.04	13.16
157	165	0.04	-4.84
157	184	0.002	78.59
157	168	0.002	-8.44
157	11	1.25	97.71
157	68	0.08	-1.7
157	102	5	-0.15
156	140	0.154	-18.09
157	106	0.02	-2.98
157	164	0.3	56.93
158	165	5	61.06
157	52	0.002	-4.14
157	162	0.001	-4.34
157	133	10	52.44
157	11	2.5	98.25
157	164	2.5	71.69
157	119	0.005	-17.55
157	45	0.63	12.04
158	168	0.001	-11.52
157	11	0.002	-9.66
157	110	2.5	99.01
157	165	0.63	-0.95
157	164	0.63	63.74
157	168	0.0003	-1.43
159	166	0.16	-6.67
158	76	0.001	0.56
159	14	0.002	-6.47
159	180	0.3	-7.81
159	11	0.3	97.7
159	162	5	44.61
159	90	0.16	-5.27
159	170	0.002	-10.6
159	133	0.0006	-9.88
159	90	10	1.03
158	140	0.02	-15.1
159	90	0.005	-8.07
159	102	0.04	-15.41
156	174	1.13	38.6
159	102	0.005	-7.05
159	52	0.02	-11.23
159	166	0.02	-8.39
159	76	0.01	-1.38
159	43	0.16	-2.74
159	169	0.01	7.53
159	168	5	-0.85
159	43	1.25	1.84
159	106	5	48.11
159	77	0.08	0.08
159	164	0.001	-9.5
159	184	0.03	93.93
158	170	0.3	39.08
159	166	0.0003	-10.23
159	106	0.16	-5.51
159	180	0.16	-6.01
156	62	1.25	-16.44
159	11	5	98.17
159	133	0.01	-6.89
159	36	0.002	-10.08
159	50	0.00003	-6.52
156	52	1.25	-5.93
159	102	5	-5.79
159	68	0.01	-6.17
159	180	10	7.83
159	106	0.02	-9.51
159	164	0.3	16.35
159	52	2.5	-0.63
159	119	0.04	-1.95
158	102	0.002	-3.56
159	180	0.0006	-6.2
159	168	0.002	-4.66
159	165	1.25	2.36
159	11	0.04	97.15
159	164	0.002	-5.73
159	76	5	38.71
159	106	1.25	12.53
159	169	0.04	8.59
159	14	0.0003	-3.99
159	34	10	7.32
158	45	0.02	32.9
159	170	0.0003	-6.87
156	173	2.1931	-22.35
159	36	0.3	-2.84
158	2	10	62.71
159	165	0.0006	-11.45
159	170	0.005	-11.02
159	162	1.25	33.17
159	165	0.005	-6.39
159	170	0.16	10.82
159	165	0.63	-6.08
156	168	2.63	80.51
159	88	0.08	-5.19
157	168	0.87	23.6
159	45	0.01	-10.91
159	32	1.25	22.24
159	164	5	28.3
159	162	10	80.3
159	102	0.001	-3.57
159	166	1.25	-0.38
159	52	0.3	-4.38
159	110	1.25	98.02
159	88	5	13.05
159	43	0.001	-4.27
159	184	0.01	77.92
159	32	0.0006	-10.45
159	184	0.94	97.78
159	184	0.0002	-5.92
159	76	0.001	-4.55
159	50	0.03	-3.79
159	105	0.04	-4.46
156	177	0.02	-14.25
159	90	0.002	-6.43
159	105	0.001	-0.01
159	52	10	15.33
159	168	0.04	-11.39
159	182	0.01	-3.99
159	110	0.16	97.52
158	34	0.0003	-3.05
159	52	0.001	-6.12
157	97	0.16	13.42
159	11	0.0003	-4.06
159	170	10	65.73
159	182	0.002	-2.87
159	110	0.002	-7.21
159	170	0.01	-19.15
159	32	0.002	-3.89
156	140	1.1616	31.71
159	133	0.04	-6.09
159	119	0.002	-3.69
159	50	0.5	-1.61
159	76	0.3	33.27
159	182	0.63	-7.82
159	14	0.63	-3.58
159	34	0.005	-8.6
159	106	0.001	-4.06
159	52	0.0003	-8.31
159	182	0.0006	-5.48
159	168	1.25	-6.59
157	45	0.02	-2.97
159	165	0.16	-7.63
159	36	0.005	-5.28
159	106	0.005	-1.97
159	14	0.08	-6.06
159	180	0.001	-3.71
159	26	0.0003	-4.67
159	182	1.25	-8.74
159	36	0.0006	-10.73
159	14	0.005	-7.55
159	11	10	98.46
159	77	5	-0.94
159	77	2.5	32.27
159	88	0.001	-9.03
159	168	0.01	-6.43
159	170	0.02	-13.64
159	90	0.63	-13.57
159	32	0.01	3.79
159	182	0.08	-21.1
159	168	0.0006	-2.22
159	182	0.3	-8.11
159	90	0.0003	-7.97
159	50	0.0002	-8.03
159	32	0.16	20.08
156	166	2.5956	81.57
159	182	0.02	-14.13
158	14	0.001	0.59
159	133	0.0003	-4.64
157	41	7.904	32.81
159	26	0.3	3.97
159	102	1.25	-7.8
159	43	0.02	-13.1
159	168	0.3	-13.16
159	26	1.25	1.97
159	169	0.08	13.27
159	52	0.01	-5.71
159	106	0.3	-3.67
159	26	10	3.5
159	105	0.3	21.02
159	26	0.005	-5.71
159	182	2.5	0.46
159	68	0.63	-6.69
159	169	0.16	12.68
157	52	10	16.68
159	119	2.5	59
159	119	0.001	-2.86
159	165	0.01	-11.51
156	179	2.143	75.47
159	26	0.04	-6.66
159	34	0.04	-17.03
159	184	0.0009	6.33
159	50	0.02	-3.32
159	166	5	0.33
159	102	0.08	-5.86
156	131	0.0017	28.15
156	132	1	11.27
159	133	0.63	0.73
159	166	0.63	-7.06
159	32	10	13.62
159	102	0.0003	-4.84
159	184	3.75	98.56
159	68	0.16	-4.39
159	180	0.63	-9.2
159	168	2.5	-8.76
159	32	0.3	23.31
159	164	0.0003	-13.09
157	140	0.6	24.11
159	36	0.01	-12.68
159	165	0.001	-5.66
159	133	0.08	-0.2
158	133	0.04	2.32
159	76	0.16	34.43
159	77	0.001	-2.74
159	180	0.08	-5.18
159	36	1.25	-7.26
159	166	0.001	0.34
158	52	0.16	-13.21
159	180	0.002	-4.15
159	164	0.0002	-7.74
158	162	5	89.87
159	166	0.3	-5.33
159	45	0.0006	-16.83
156	174	0.16	18.67
159	162	0.005	-10.71
159	50	0.13	-8.64
158	52	10	63.28
159	77	0.02	-8.32
159	52	0.08	-5.37
159	43	0.005	-6.24
159	110	0.02	3.83
158	166	0.0003	-6.08
159	41	0.926	10.42
159	45	0.08	6.63
159	170	1.25	59.85
159	34	0.02	-15.24
159	180	5	0.07
159	110	10	98.89
159	105	0.16	4.94
158	182	0.08	-13.31
159	50	0.25	-6.98
159	165	0.0003	-9.57
159	36	0.08	-1.87
159	133	1.25	5.39
159	184	0.23	97.41
159	164	1.25	10.59
159	133	0.02	-4.29
159	162	0.3	30.68
159	36	10	9.5
159	14	2.5	32.68
159	14	0.02	-6.91
159	26	0.08	4.1
159	110	0.04	48.28
158	168	0.16	-13.4
159	77	0.0006	-7.91
159	43	2.5	4.4
159	77	0.002	-5.73
158	105	0.63	51.73
159	168	0.005	-8.34
159	34	0.16	-2.51
159	45	0.002	-9.92
159	34	1.25	1.52
159	170	0.04	-23.42
159	88	1.25	-7.37
159	169	5	15.7
159	88	0.04	-10.69
159	68	0.02	-15.25
159	162	0.002	-14.12
159	77	0.01	-7.51
157	87	0.0332	13.29
159	106	10	97.14
159	105	10	43.53
159	26	0.01	-5.1
159	76	1.25	35.57
159	133	0.005	-4.59
158	184	0.23	95.34
159	26	0.63	0.34
159	77	0.0003	-3.88
159	76	0.08	34.37
159	162	0.01	-13.85
159	88	0.63	-8.27
159	170	0.63	56.7
159	14	10	43.19
159	76	0.0003	-3.98
159	164	0.01	-5.07
159	182	5	1.58
159	52	0.16	-12.05
159	43	0.3	1.09
159	76	2.5	29.1
159	133	0.001	-4.4
159	36	2.5	-4.82
159	26	2.5	-1.3
159	11	0.001	-4.98
159	14	5	39.16
159	11	0.08	97.55
159	52	0.04	-8.45
159	166	0.0006	-10.52
159	105	2.5	24.62
159	106	0.08	-5.24
159	52	0.005	-1.49
159	184	0.06	96.65
159	50	1	2.5
159	76	0.002	-4.65
159	50	0.00006	-7.16
159	36	0.02	-4.3
159	43	10	6.97
157	97	10	69.01
159	76	0.005	-2.99
159	133	5	11.83
159	76	10	37.26
158	166	0.005	-3.07
159	77	0.16	0.43
159	50	0.002	-10.22
159	119	0.16	3.73
159	102	0.002	-6.12
159	162	0.0003	-7.1
159	162	0.0006	-15.56
159	50	0.004	-13.15
159	52	0.63	-2.41
159	90	0.3	-15.46
159	169	0.002	9.81
157	180	5	50.1
159	45	10	48.85
159	133	0.002	-10.05
159	166	0.005	-6
159	11	0.0006	-5.22
159	45	0.04	-7.99
159	14	0.001	-3.7
159	165	2.5	22.93
159	162	0.08	-1.94
159	14	0.04	-11.54
159	119	0.63	36.07
159	90	5	0.84
159	68	0.04	-10.08
159	180	0.0003	-7.7
159	77	0.3	5.55
159	52	1.25	2.89
159	77	1.25	7.4
159	182	0.001	-8.83
159	88	0.0003	-7.65
159	119	1.25	53.14
159	106	0.04	-11.82
159	76	0.0006	-4.76
157	24	1.25	13.1
158	170	0.002	-9.55
157	171	0.002	-9.42
158	14	0.16	4.08
156	2	0.002	-9.89
157	68	1.521	24.77
158	43	0.0006	-9.39
159	163	1	-4.27
158	102	5	14.99
158	36	0.005	-11.48
158	119	0.08	13.37
158	88	0.16	-19.31
158	24	0.002	-11.41
158	87	1.25	86.76
156	179	0.9533	73.87
157	183	0.001	5.35
158	88	1.25	-22.54
158	105	0.005	-4.68
158	26	5	22.82
158	2	1.25	49.34
158	87	0.002	-8.22
158	174	0.002	1.79
158	164	0.01	44.85
158	68	0.002	-7.84
159	165	0.6297	4.59
158	184	0.007	76.89
158	168	0.3	-20.25
158	23	0.16	81.59
156	181	10	59.99
158	77	0.0006	-12.43
157	116	0.0511	21.01
157	177	0.16	5.04
156	87	10	86.27
157	179	10	41.27
157	62	0.002	-4.39
158	164	0.005	10.45
158	164	1.25	48.9
158	76	10	62.16
158	181	1.25	17.57
156	110	0.01	47.21
158	88	0.01	-8.66
156	24	10	4.16
158	77	0.0003	-9.17
158	182	0.01	-7.57
157	34	0.16	-9.93
158	174	1.25	51.46
157	52	0.16	1.16
158	165	0.0006	-10.47
158	11	2.5	98.04
156	24	1.25	-5.92
158	169	2.5	20.52
156	41	1.25	-6.06
158	169	0.005	13.3
157	41	1.25	-5.73
158	52	0.3	-9.47
158	34	0.005	-14.21
158	140	0.002	-20.35
158	11	0.002	13.6
158	162	0.0006	-6.28
157	110	0.03	96.83
156	175	0.4894	71.49
156	24	0.002	-11.33
158	165	0.0003	-9.29
157	180	2.5	8.36
158	165	10	56.35
156	14	1.25	-4.49
156	110	0.16	98.11
157	168	2.63	42.9
158	110	0.08	95.53
156	165	1.2531	42.08
157	174	0.16	-2.89
158	52	0.005	-2.12
158	45	0.16	57.73
158	168	10	93.3
159	76	0.001	11.31
158	164	0.16	47.89
158	133	0.005	3.78
158	36	5	38.72
158	110	0.16	95.92
156	179	0.002	-8.27
157	34	1.25	0.93
158	77	0.01	-6.79
158	119	0.002	-6.17
158	11	0.3	96.55
158	168	0.02	-22.35
156	106	2.08	64.49
157	24	10	14.49
156	52	0.16	-7.36
156	180	2.5	80.73
156	41	0.02	-6.73
158	119	0.005	-8.35
158	34	1.25	7.58
158	45	0.002	-19.37
156	179	1.25	4.01
157	175	0.02	-11.87
158	102	0.02	-8.8
157	140	0.16	-4.79
158	168	1.25	3.43
158	164	2.5	59.38
158	34	2.5	6.44
158	177	10	27.3
158	34	10	11.23
158	177	1.25	21.33
158	166	0.001	-2.63
157	52	0.002	-5.22
158	88	0.08	-7.71
156	179	0.02	-4.75
158	110	1.25	99.28
158	50	0.13	51.72
156	110	10	99.48
156	166	0.845	71.32
157	45	1.25	30.14
158	43	0.005	-13.81
158	32	0.3	60.78
158	162	1.25	71.56
156	171	0.2066	19.89
158	133	2.5	35.34
158	181	0.02	-16.65
158	175	0.002	-11.75
156	45	0.16	56.69
157	165	0.6297	14.4
157	14	10	-14.49
156	170	0.1381	43.66
158	166	0.3	-6.81
157	45	10	35.93
157	166	6.7498	43.36
157	52	0.02	-8.55
158	180	0.0006	-9.32
156	45	0.002	-8.12
157	174	1.25	63.48
157	131	0.0017	19.18
158	165	0.01	-10.58
158	162	2.5	73.75
156	87	1.25	88.75
158	11	0.02	91.89
157	177	0.0162	0.38
158	184	0.002	39.85
158	50	0.5	60.43
158	166	0.01	-12.12
157	2	0.5941	52.17
158	52	0.02	-12.26
158	11	0.16	95.79
157	110	10	99.8
158	110	0.04	93.66
156	181	0.16	-8.53
158	90	0.08	-21.4
158	106	0.04	-11.71
158	169	0.04	9.97
158	169	0.001	22.04
158	170	1.25	80.39
156	177	0.0162	-1.51
158	52	0.04	-7.77
158	106	0.005	-5.44
156	110	1.25	99.38
158	90	0.002	-10.44
157	140	0.002	-28.96
158	34	1.25	0.36
158	77	0.005	-17.06
158	177	0.16	-12.86
158	11	0.0006	-3.77
156	162	0.0307	92.34
158	102	0.16	1.57
158	119	5	94.77
157	173	2.1931	-3.08
156	14	0.002	-9.78
158	106	0.0003	6.46
157	176	1.25	24.06
156	171	1.25	21.06
157	110	0.02	61.81
158	32	0.04	55.82
157	140	10	37.32
157	171	1.4244	44.16
158	77	0.63	6.05
159	164	0.0192	39.47
158	88	0.002	-12.43
158	26	0.04	-3.25
158	166	0.04	-6.24
158	68	0.0006	-4.87
158	43	0.04	-3.37
158	50	0.0001	-8.17
157	176	0.002	-3.24
158	180	0.04	-12.39
158	36	0.0006	-5.98
156	140	1.25	4.16
158	181	10	59.73
156	14	10	-1.33
156	23	0.002	30.93
158	36	0.001	1.59
156	110	0.02	30.38
156	174	0.02	13.57
158	119	0.0006	-5.05
158	77	0.001	-5.66
158	110	5	99.46
156	62	10	-17.04
158	170	0.01	-10.36
158	14	0.0006	-6.08
158	90	0.001	-9.99
158	90	0.63	-18.93
158	170	2.5	79.7
158	182	0.002	-2.68
158	133	0.0003	0.46
158	90	1.25	-17.12
158	34	0.002	-9.38
158	119	0.0003	3.56
158	26	0.005	-2.02
158	26	0.001	-5.77
158	34	10	14.98
158	106	0.3	-3.75
159	166	0.845	2.77
158	184	0.0002	3.79
158	90	0.01	-15.94
158	43	0.02	-9.16
157	2	0.002	-27.65
159	132	1	2.68
156	175	0.002	-7.27
158	24	0.16	64.16
157	23	0.002	13.98
157	14	1.25	-16.47
157	62	10	-21.61
157	2	10	76.21
158	178	0.02	1.32
157	110	0.01	57.15
158	179	0.02	-3.88
158	26	10	19.14
156	140	0.16	-8.14
158	34	0.02	-3.9
159	163	0.2	1.96
158	184	0.0009	19.74
158	182	0.63	-3.61
158	166	0.0006	-12.96
158	110	0.16	98.89
156	23	0.02	91.45
158	178	1.56	22.02
158	162	0.001	-6.73
158	97	10	84.58
157	62	1.25	-14.82
158	36	0.08	-4.87
158	162	0.08	72.27
158	174	0.16	2.67
158	164	0.3	40.43
157	119	0.1322	32.23
158	88	10	16.35
158	88	0.3	-20.29
158	119	0.63	64.73
156	2	1.25	41.04
157	181	0.67	52.11
158	52	1.25	-9.65
158	181	0.002	-10
158	140	1.25	40.71
158	45	0.16	60.09
158	164	0.04	53.5
157	183	0.01	-1.43
157	106	0.7687	-8.35
157	181	1.25	-6.72
158	133	0.0006	-5.29
157	97	0.02	3.51
158	175	0.16	-7.42
156	130	3.9734	31.5
158	166	1.25	41.8
156	177	10	24.18
156	177	0.16	1.18
159	174	0.002	0.82
157	132	10	21.74
158	110	10	100.01
159	179	1.25	18.52
156	174	1.25	65.75
158	171	0.002	-16.45
157	184	0.0021	93.77
157	23	0.16	87.26
158	32	1.25	58.06
159	23	0.02	96.99
159	34	0.002	-1.33
159	87	0.002	3.12
157	116	0.2649	41.09
159	24	0.16	17.28
158	76	0.005	20.33
159	176	10	78.34
159	175	1.25	14.5
157	76	0.0119	58.26
157	169	2.6008	35.98
159	181	0.02	-9.76
159	181	0.16	2.43
157	184	0.0013	79.85
158	102	0.63	-7.17
158	174	0.02	-3.81
159	24	0.02	-6.5
159	110	0.02	92.82
156	176	1.3	89.41
159	45	0.002	-18.13
159	34	1.25	3.23
158	77	0.02	-8.96
158	11	0.005	67.21
156	41	0.16	-6.27
156	181	0.002	0.36
158	32	0.16	56.63
158	68	0.001	-7.24
159	62	0.002	-9.04
156	34	3.1599	-17
159	181	10	45.46
159	52	10	38.6
159	110	0.16	99.88
159	45	0.16	20.49
159	87	0.16	69.69
159	174	10	60.49
159	2	10	81.41
158	133	0.16	16.05
158	162	10	93.32
158	180	0.08	-5.16
159	45	1.25	24.51
159	52	0.02	-7.35
159	24	1.25	46.25
159	62	0.02	-4.69
159	14	0.16	-14.65
158	32	0.002	33.27
159	34	10	19.16
156	45	0.5	83.12
159	97	0.16	7.91
158	36	0.0003	-3.06
159	177	0.16	6.63
158	133	0.02	5.98
158	26	0.01	-6.6
158	45	0.02	14.92
158	182	4	-4.15
158	45	0.0006	-7.84
158	180	5	52
158	76	0.0059	52.29
158	179	0.9533	9.2
158	68	0.1602	-6.58
158	174	0.5	-4.74
158	173	1.1269	-7.76
158	172	0.551	-5.33
157	168	0.3	14.8
158	140	0.154	-4.06
158	50	0.06	42.36
158	34	3.1599	6.8
158	24	0.0294	18.47
158	34	0.02	-30.84
158	168	2.63	22.04
158	167	4.2459	-0.68
158	110	0.03	102.51
158	176	0.002	-18.77
157	178	1.56	0.71
158	165	0.3071	-8.07
158	132	10	-19.11
158	119	0.1322	24.5
158	164	0.0089	38.34
158	130	1.5396	7.3
158	165	0.6297	-14.32
158	166	0.845	43.63
158	168	0.3	-24.93
158	110	0.01	88.42
158	34	0.038	-3.48
158	45	0.001	-5.76
158	140	0.6	27.37
157	176	0.5	80.99
158	175	0.4894	7.16
158	176	1.3	74.67
158	176	0.27	24.65
158	2	1.3714	64.87
158	87	0.009	10.31
158	52	0.002	-4.38
158	76	0.001	13.91
158	178	1.6151	6.47
156	133	0.5021	-1.84
158	106	0.4261	-16.32
157	110	0.002	-9.21
156	140	0.6	23.26
156	162	0.0162	80.33
158	179	1.25	-4.84
157	179	4.3128	38.78
158	32	0.63	61.35
158	133	0.001	-6.24
158	133	0.002	-4.46
158	77	1.25	7.69
158	102	2.5	-5.43
158	182	0.0006	-7.55
157	23	10	91.49
158	41	10	17.05
158	177	0.02	-23.82
158	41	0.02	-8.05
158	182	1	-6.28
158	76	0.002	7.16
158	106	0.002	-11.87
158	105	0.04	32.36
159	168	0.3	1.58
159	169	2.6008	20.89
159	34	0.038	0.43
159	131	0.0017	4.04
159	176	0.5	46.71
159	175	0.4894	41.36
159	2	1.3714	89.99
159	68	5	5.31
159	179	4.3128	49.14
159	76	0.0119	62.81
159	77	1	57.84
159	180	1	1.31
159	182	1	5.93
159	183	0.004	51.24
159	106	2.08	43.15
159	41	2.1871	38.35
159	163	5	6.06
159	119	0.2079	65.53
159	116	0.0212	-2.83
159	116	0.2649	42.82
159	165	1.2531	17.4
159	166	6.7498	45.14
159	168	0.87	3.07
159	169	0.1165	1.58
159	170	0.1381	40.26
159	171	1.4244	36.03
159	140	1.1616	27.5
158	176	1.25	55.6
159	173	1.1269	-1.88
159	174	0.13	-1.57
159	175	0.9389	57.96
159	68	1.521	-2.16
159	179	2.143	72.63
159	181	0.22	-0.17
159	106	0.7687	9.06
156	178	0.2	-2.74
157	2	0.16	-1.47
159	162	0.0162	26.99
156	171	10	56.76
158	68	0.0003	-6
157	179	2.143	30.57
158	68	2.5	28.75
156	97	0.16	26.2
158	179	0.002	-12.35
158	171	1.25	52.52
157	175	0.16	-12.16
158	184	7.5	98.99
157	184	0.0042	99.57
157	178	100	21.17
158	170	5	81.39
158	45	0.04	41.03
158	119	0.01	-3.77
158	162	0.16	69.58
158	119	0.2079	37.58
157	167	4.2459	73.04
156	182	0.25	75.14
156	132	10	-20.67
158	43	2.5	11.46
156	184	0.0013	25.1
157	175	1.25	19.29
158	26	0.02	-0.34
156	175	0.9389	92.22
156	87	0.0567	64.1
158	182	0.16	-13.22
159	167	4.2459	6.69
159	164	0.0062	4.51
159	87	0.009	20.78
159	77	0.0184	3.22
159	170	0.0804	17.23
157	87	1.25	56.16
159	106	0.4261	6.34
156	177	0.002	-14.7
158	76	0.63	60.42
158	180	0.16	-10.93
158	45	2.5	63.69
158	77	0.08	2.29
156	181	0.67	16.34
156	181	0.22	22.77
158	52	2.5	3.57
158	68	0.005	-9.24
156	34	10	-2.99
157	164	0.0062	26.76
158	105	0.02	3.85
156	110	0.09	98.7
158	170	0.04	-6.58
158	43	0.0003	-3.74
157	87	0.02	7.26
158	26	0.16	2.79
158	50	0.03	36
157	87	10	57.78
158	165	0.001	1.03
158	169	0.01	10.94
158	77	2.5	10.51
158	24	1.25	61.33
158	50	0.02	19.85
158	88	0.001	-8.42
158	32	2.5	60.18
158	168	2.5	16.57
158	102	0.08	-6.66
158	110	0.01	72.83
158	68	0.08	-6.49
158	76	0.3	60.6
158	14	2.5	60.43
158	175	10	34.35
158	180	0.0003	-8.16
156	184	0.0042	61.17
158	165	0.08	0.09
158	179	0.16	-7.04
158	90	10	46.39
158	166	0.02	-9.58
158	26	0.08	9.39
156	171	1.4244	63.86
158	34	0.3	3.84
159	133	0.5021	11.69
158	77	0.3	-2.94
157	119	0.552	36.02
156	2	0.02	-11.39
158	162	0.04	63.73
158	52	0.0003	-5.67
158	43	0.16	4.83
158	2	0.16	-5.04
158	90	5	12.24
157	34	10	-4.5
157	110	0.09	101.2
158	168	0.0003	-2.79
158	32	0.005	43.31
158	168	0.08	-18.37
158	105	2.5	42.11
157	171	10	59.18
158	102	10	16.02
159	166	2.5956	10.24
158	178	12.5	21.33
156	174	0.002	6.88
157	178	12.5	21.71
158	52	0.001	-1.4
156	45	0.02	4.22
156	183	0.01	-17.57
157	181	0.02	-16.63
156	45	1.25	57.28
156	62	0.02	-18.37
157	34	0.02	-16.23
158	169	1.25	9.82
158	50	0.002	-4.58
158	133	5	68.75
158	77	0.002	-11.91
157	2	1.25	31.4
157	176	0.27	40.86
157	179	0.002	-19.54
158	174	10	85.47
156	169	2.6008	53.26
158	87	0.02	52.32
156	140	10	46.79
157	171	0.2066	27.55
156	116	0.0511	23.2
158	88	0.04	-21.71
156	110	0.002	-3.72
158	68	0.04	-4.12
156	68	5	1.18
158	34	0.0006	-6.86
158	2	0.002	-17.53
156	133	0.0569	5.81
156	174	10	96.23
158	41	0.002	-8.9
158	166	0.08	-12.06
158	110	0.005	29.86
158	14	0.63	19.12
158	170	0.005	-13.99
158	43	1.25	1.3
157	174	0.13	15.83
157	176	0.02	-4.79
157	68	5	35.42
157	45	0.5	73.56
156	119	0.1322	87.08
158	184	1.88	97.56
157	132	3	-1.06
158	169	0.02	14.61
158	90	0.005	-10.25
156	87	0.02	30.25
158	164	0.0006	-5
158	50	0.0005	-1.6
158	182	1.25	-5.08
158	106	0.63	9.12
156	162	0.0674	92.51
156	2	0.16	-5.4
158	182	0.001	-2.68
158	26	0.3	2.91
158	105	0.3	56.35
158	76	0.0006	-3.26
158	32	5	60.72
158	43	0.3	11.74
158	176	0.02	-20.52
158	166	0.002	-6.36
156	130	0.3639	15.29
158	170	0.16	14.78
158	90	0.16	-4.12
156	182	1	16.69
157	167	2.0724	54.9
158	102	0.04	-2.66
158	50	0.00003	-2.87
157	24	0.002	9.59
157	175	0.4894	28.26
156	167	4.2459	3.08
158	182	20	17.09
158	166	0.63	11.05
158	119	10	97.66
156	24	0.0294	33.66
158	168	0.01	-5.21
156	175	1.25	76.81
158	162	0.002	0.8
157	162	0.0307	22.55
157	171	0.5699	37.37
156	175	0.2087	37.29
157	140	1.1616	35.66
157	181	10	41.27
158	168	0.005	-14.21
158	24	0.02	11.11
156	163	1	2.91
156	169	0.1165	12.48
156	24	0.0139	-11.78
158	165	0.63	-1.84
158	45	0.005	-15.33
158	14	0.005	-5.24
158	36	0.63	-4.94
158	119	1.25	80.57
158	180	0.02	-12.17
158	52	5	23.36
157	182	4	2.33
158	170	0.02	-1.03
158	32	0.001	20.32
156	77	0.0504	29.21
156	41	2.1871	9.19
158	182	0.005	-12.37
157	24	0.0139	0.74
158	133	10	75.47
158	162	0.01	6.87
158	45	0.002	-15.81
158	102	0.01	0.43
158	34	0.001	-7.18
156	173	0.5955	-5.23
158	180	0.63	-8.26
157	140	1.25	12.7
156	68	1.521	-3.68
158	119	0.16	19.39
158	184	0.94	96.33
157	77	0.0504	16.06
158	133	1.25	22.11
158	36	0.002	-11.58
157	87	0.0567	19.27
158	165	2.5	44.5
156	133	0.0143	9.96
156	34	0.16	-10.84
157	172	0.551	11.21
158	88	2.5	-16.84
156	97	1.25	79.72
157	177	0.02	1.77
157	180	1	-1.52
157	110	1.25	99.83
156	97	0.002	-7.02
158	14	5	78.2
157	177	0.6658	32.74
156	176	0.02	-8.78
158	165	0.3	-1.89
156	87	0.009	44.7
158	184	0.004	62.65
158	76	5	61.7
158	52	0.16	-8.58
158	133	0.08	11.83
158	102	0.0006	-2.82
156	76	0.0119	71.19
158	180	0.001	-4.62
159	132	10	-7.42
157	163	0.2	6.2
158	32	10	60.7
156	178	0.02	3.5
156	163	5	17.06
157	133	0.0143	18.23
158	97	0.002	-14.45
158	105	10	50.06
157	164	0.0192	47.97
158	36	0.01	-16.07
158	180	0.002	-2.44
158	133	0.63	22.04
158	90	2.5	-8.07
156	163	0.2	1.65
157	178	7.4095	31.1
158	68	10	50.58
157	130	0.3639	17.53
157	14	0.16	-12.83
157	166	2.5956	26.19
158	105	0.002	3.93
156	182	4	46.22
158	133	0.3	14.78
156	131	0.0239	58.3
158	76	0.04	58.03
156	168	0.87	47.39
157	162	0.0162	27.57
156	2	0.5941	78.16
158	34	0.16	-5
156	176	10	79.53
156	52	0.002	-3.55
156	176	0.27	72.55
157	34	0.1161	11.51
156	45	0.0416	84.73
156	175	0.02	-10.56
157	174	0.5	27
158	102	0.0003	-12.4
158	169	5	24.09
158	102	0.001	-4.35
156	175	10	93.52
158	90	0.04	-18.58
158	105	0.01	5.39
157	172	0.1007	-4.48
158	26	0.002	-7.28
158	106	1.25	14.45
158	2	0.02	-18.89
156	119	0.2079	90.62
158	77	0.04	-1.72
158	105	5	49.43
158	168	0.002	-14.2
158	180	2.5	6.3
157	106	0.04	-14.19
157	68	0.04	-1.13
157	180	0.0003	-1.1
157	88	0.0006	-7.24
157	119	10	45.42
157	170	0.0006	-6.59
157	14	0.04	-4.19
157	34	0.002	-10.1
158	90	0.0006	-10.77
157	165	2.5	20.08
157	105	5	48.13
158	68	0.3	5.3
157	180	5	-3.87
157	110	10	99.24
157	105	0.16	30.61
157	162	0.002	-8.69
157	105	10	48.23
157	184	1.88	99.08
157	170	0.04	-11.03
157	119	0.01	-7.28
157	169	10	27.33
157	77	0.0006	-7.08
157	43	2.5	3.28
157	77	0.002	-5.8
157	34	0.16	-5.62
157	45	0.002	-7.03
157	105	0.02	-0.69
157	182	5	-12.09
157	36	2.5	2.89
157	34	0.002	-29.45
157	14	10	98.58
156	23	1.25	94.16
157	164	0.01	2.1
157	14	0.0006	-1.95
157	170	0.63	27.67
157	90	0.02	-7.39
157	106	0.01	-17.5
157	76	1.25	40.38
157	26	0.63	1.48
158	168	0.63	-17.63
157	50	1	20.17
157	76	0.002	1.52
157	50	0.00006	1.64
157	36	0.02	-3.51
157	106	0.63	-7.04
157	110	0.08	29.64
157	43	0.0003	3.85
158	43	0.08	0.13
159	176	0.27	27.94
157	166	0.0006	-10.22
157	26	2.5	2.89
157	43	0.002	-5.1
158	24	10	63.09
157	14	5	94.97
157	133	0.002	-6.02
157	105	0.0003	-0.82
157	165	0.08	1.6
157	32	0.3	36.46
157	133	0.63	-7.32
157	36	0.16	-4.96
157	102	0.0003	-1.14
157	184	3.75	99.59
157	169	1.25	15.95
157	110	0.0003	-2.61
158	169	0.3	11.16
158	110	0.02	96.18
157	45	0.08	-2.67
157	88	0.01	-5.27
158	166	0.16	-7.53
157	180	0.002	-10.86
159	130	0.3639	5.39
157	45	0.0006	-5.53
157	76	0.16	31.56
157	34	0.3	-4.28
157	180	0.08	0.74
158	110	0.001	-6.69
157	170	0.0804	1.46
157	102	0.3	-6.06
157	170	2.5	85.38
158	170	0.0003	-6.58
157	77	2.5	3.17
157	168	0.01	-5.51
157	26	0.0003	-0.7
157	105	0.002	-1.74
157	26	0.04	-2.8
157	169	0.16	16.69
157	164	0.16	55.1
157	32	5	30.11
157	165	0.01	-6.31
157	182	2.5	1.9
157	68	0.63	5.9
158	62	10	-5.84
157	43	0.02	-6.86
157	26	1.25	3.53
157	52	0.01	-8.65
157	106	0.3	-13
157	26	10	-1.56
157	105	0.3	45.48
157	119	0.0003	0.08
157	45	0.01	-6.37
157	170	0.005	-4.96
157	14	0.0003	-3.41
157	34	10	13.77
157	133	2.5	2.49
157	36	0.3	-1.22
157	45	0.16	-1.61
157	14	0.3	-0.83
157	170	10	90.3
157	182	0.002	-4.59
157	90	0.002	-5.91
157	182	0.01	-6.75
157	52	0.001	-4.24
157	184	0.01	97.74
157	32	0.0006	-4.21
157	184	0.0002	8.79
157	36	0.001	-4.06
157	50	0.03	3.92
158	140	10	65.71
158	176	0.16	-6.95
157	105	0.63	47.85
157	77	10	14.5
157	88	5	-0.7
158	110	2.5	98.73
157	14	0.08	-9.19
157	182	0.005	-4.78
157	32	0.02	19.69
157	168	1.25	7.74
157	106	0.0006	-2.33
157	184	0.004	93.68
157	166	2.5	1.85
157	52	0.0003	-2.84
158	50	0.001	1.06
157	170	0.01	-10.98
157	184	0.007	95.88
157	180	1.25	-2.77
157	133	0.04	-4.62
157	50	0.5	16.52
157	26	0.3	2.18
157	32	0.01	11.68
157	168	0.0006	-0.84
157	68	10	24.82
157	50	0.0002	-2.25
157	90	0.005	-11.79
157	102	0.16	-6.45
158	176	10	68.82
157	119	5	16.51
157	90	0.16	-0.27
157	133	0.0006	-3.05
158	133	0.01	0.24
157	45	0.0003	-4.34
157	180	0.3	-6.96
157	162	5	46.85
157	88	2.5	-2.9
157	182	20	26.27
158	41	1.25	-2.45
157	168	0.63	-0.51
157	36	0.63	-1.25
156	179	10	64.87
157	164	0.001	-3.3
157	102	2.5	-1.38
157	106	0.16	-12.26
157	14	0.16	-3.41
157	43	0.16	-0.5
157	169	0.01	12.35
157	43	1.25	2.37
157	106	5	24.6
157	50	0.06	10.91
157	170	0.08	-3.23
157	166	0.02	-5.23
157	76	0.02	2.54
158	34	0.002	-9.94
157	76	5	43.76
157	184	0.47	98.43
157	90	2.5	2.85
157	11	0.04	74.22
157	177	0.002	-5.83
157	106	0.0003	-6.36
157	68	0.01	-2.13
157	166	0.04	-6.26
157	52	2.5	-6.21
157	119	0.04	-1.07
157	168	0.02	-7.31
157	180	0.0006	-4.87
157	36	0.002	-6.89
157	50	0.00003	-3.39
156	97	10	90.57
157	32	1.25	26.82
157	164	5	72.33
158	88	0.02	-17.11
157	162	10	87.86
157	102	0.001	-1.94
157	170	0.16	-7.46
157	68	0.3	2.62
159	182	20	24.05
159	168	0.63	-8.31
159	119	0.0006	-3.99
159	45	0.0003	-12.78
159	68	5	1.96
159	130	1.5396	11.75
159	14	0.01	-7.78
159	110	0.01	-7.06
159	119	5	61.24
159	68	1.25	-11.28
159	32	0.005	1.6
159	34	0.001	-4.4
159	169	0.02	11.87
156	24	0.02	-4.91
159	170	0.001	-3.7
159	102	0.16	-4.46
159	170	0.08	-2.12
159	26	0.001	-2.59
159	110	0.005	-7.88
157	87	0.16	33.38
159	32	0.63	20.7
159	168	0.08	-9.19
159	50	0.06	-9.76
159	105	0.01	-3.51
159	110	0.63	97.84
158	45	5	68.53
159	102	2.5	-15.46
159	164	0.02	1.95
159	36	0.63	-8.68
159	102	10	-9.71
158	43	0.63	3.67
159	162	0.001	-8.54
159	133	10	22.27
158	168	0.04	-3.92
159	68	0.08	-7.74
159	106	0.0003	3.2
159	166	0.04	-11.2
159	52	0.002	-6.54
159	168	0.02	-15.48
159	165	0.04	-10.98
159	184	0.47	97.44
159	11	1.25	97.86
159	90	2.5	-6.44
159	76	0.02	2.89
159	164	0.005	-10.8
158	105	0.001	2.31
159	34	5	7.7
159	133	2.5	4.68
159	90	0.08	-7.41
159	26	0.002	-6.73
157	41	10	18.71
159	32	0.04	23.64
159	166	0.01	-6.74
159	11	0.002	-0.4
159	110	2.5	98.29
159	164	0.63	11.25
159	68	0.3	-9.18
157	133	0.5021	-4.28
159	119	0.0003	-4.17
159	45	2.5	34.29
159	11	2.5	98.07
159	164	2.5	15.15
159	119	0.005	-4.99
159	45	0.63	17.99
159	45	0.3	19.62
159	32	2.5	16.74
159	105	0.63	24.74
159	77	10	0.15
159	162	2.5	35.58
159	165	0.3	-3.53
158	105	0.0006	3.9
159	166	10	3.26
159	36	0.001	-3.5
157	41	0.926	17.86
159	45	0.02	-8.41
159	162	0.02	-13.12
159	45	5	43.19
159	180	0.005	-6.2
159	165	10	33.64
159	45	0.005	-11.94
159	14	0.3	-8.81
158	179	10	81.49
157	87	0.002	-8.36
159	184	0.007	47.45
159	180	1.25	-3.4
159	106	0.002	-4.34
159	170	0.3	55.76
156	34	1.25	-8.15
159	184	0.12	96.91
159	106	0.0006	-6.43
159	168	10	16.61
159	34	0.01	-9.76
159	165	0.02	-9.91
159	76	0.63	31.35
159	182	0.005	-10.05
159	32	0.02	10.09
159	36	5	3.87
159	168	0.16	-4.28
159	110	5	98.65
159	164	0.08	17.38
159	32	0.001	-1.78
158	106	0.0006	-3.19
159	105	0.002	-3.01
158	87	0.16	75.09
159	45	1.25	24.59
159	68	10	11.57
159	110	0.0006	-9.74
159	26	0.0006	-10.62
159	169	0.3	11.66
159	11	0.63	97.77
159	180	0.02	-6.5
159	164	0.0006	-6.65
159	162	0.63	36.68
159	76	0.04	18.89
159	182	0.04	-8.58
159	164	0.16	16.33
159	32	5	17.46
159	165	0.002	-7.56
159	110	0.3	97.66
159	110	0.0003	-8.31
159	110	0.001	-5.65
159	169	2.5	12.92
158	182	0.04	-17.55
159	36	0.16	-6.05
158	45	1.25	60.81
159	169	1.25	12.54
158	11	0.04	94.6
158	45	0.63	60.44
159	166	0.002	-6.02
159	105	0.0003	-3.89
159	165	0.08	-4.83
159	43	0.01	-11.02
159	34	0.3	-4.11
159	36	0.0003	-5.57
159	169	0.0006	7.33
159	88	10	98.33
157	178	1.6151	31.56
159	180	0.01	-10.89
159	182	0.16	-4.86
159	165	5	29.8
159	43	5	8.16
159	90	0.04	-10.01
159	88	0.01	-7.97
159	88	0.002	-9.66
158	97	1.25	77.26
159	34	0.63	2.25
159	77	0.04	-5.97
159	34	0.0003	-5.73
159	26	0.02	-4.3
159	50	0.01	-5.82
159	50	0.0005	-7.64
159	105	0.08	-1.2
158	14	10	-10.21
159	26	5	2.54
159	166	0.08	-10.02
159	43	0.63	-4.97
159	102	0.3	-8.69
159	170	2.5	61.7
159	50	0.0001	-4.8
159	105	0.02	-4.37
159	168	0.001	-3.78
159	68	0.001	-6.04
159	184	1.88	98.08
159	119	0.01	-3.75
159	169	10	25.42
159	133	0.3	3.23
159	90	1.25	-3.9
159	77	0.63	4.45
158	76	0.0003	-13.56
159	14	0.0006	-7.98
159	32	0.08	23.46
159	90	0.02	-12.59
159	106	0.01	-7.84
158	178	100	22.94
159	36	0.04	-14.44
159	34	0.08	-2.83
159	68	0.002	-5.18
159	180	2.5	-5.91
159	43	0.002	-9.77
159	169	0.63	9.84
159	106	0.63	4.65
159	43	0.0003	-1.68
159	26	0.16	2.16
159	11	0.16	97.63
159	170	5	65.28
159	102	0.02	-9.59
159	34	0.0006	-12.45
159	90	0.001	-5.79
159	169	0.005	9.95
159	164	0.04	12.2
159	169	0.001	10.47
159	106	2.5	12.45
159	68	0.0003	-3.83
158	43	10	23.94
159	52	0.0006	-2.22
158	171	10	87.26
159	90	0.0006	-7.64
159	52	5	7.95
159	43	0.0006	-9.42
159	102	0.0006	-1.93
159	88	0.16	-5.15
159	43	0.08	-2.43
159	68	0.0006	-8.22
157	178	0.2	-16.52
159	68	2.5	-4.64
159	169	0.0003	14.73
158	50	0.00006	-5.5
159	90	0.01	-7.74
159	105	0.005	-3.07
159	105	5	39.05
159	119	10	64.61
159	105	0.0006	-1.83
159	170	0.0006	-12.31
159	102	0.63	-15.88
159	11	0.005	-0.53
159	34	0.002	-10.78
158	177	0.002	-25.67
159	88	0.0006	-10.82
159	119	0.08	1.02
159	88	0.3	-5.66
159	184	0.0005	-2.94
159	32	0.0003	-6.82
159	133	0.16	0.06
159	14	1.25	2.86
157	41	0.16	-8.35
158	50	0.0002	-4.98
158	36	2.5	15.36
158	32	0.02	55.79
156	87	0.16	70.8
158	166	10	61.56
158	119	0.02	0.19
157	77	1	19.92
157	182	0.25	29.6
157	165	1.2531	18.42
158	14	0.16	-17.49
158	68	5	26.32
158	106	0.02	-3.97
156	77	1	77.12
157	34	0.038	18.26
158	110	0.0003	-5.31
157	165	0.3071	0.14
157	167	0.9872	36.97
158	50	1	63.1
158	102	0.005	-8.55
156	164	0.0089	77.14
158	102	1.25	-4.92
158	171	0.02	-10.34
157	183	0.004	-10.67
158	164	0.08	51.79
157	176	1.3	40.99
159	182	10	15.53
159	77	0.005	-6.15
159	105	1.25	25.65
158	182	0.3	-18.98
157	170	0.2181	16.76
159	88	0.02	-9.57
156	116	0.2649	62.72
159	11	0.02	95.67
159	102	0.01	-10.77
159	184	7.5	98.93
157	169	1	10.9
156	172	0.551	-2.45
158	36	0.16	-2.89
156	41	0.926	18.96
159	88	0.005	-3.74
159	110	0.08	90.54
157	116	0.0212	10.1
158	26	0.0006	-7.28
159	34	2.5	1.98
158	52	0.002	-8.97
159	162	0.04	-11.83
156	170	0.0804	4.96
159	11	0.01	40.13
156	24	0.2157	31.57
158	110	10	99.59
159	43	0.04	-12.56
156	178	1.6151	82.62
157	175	0.2087	6.69
157	24	0.16	12.04
156	177	4	71.07
156	184	0.0021	23.16
158	77	0.16	-9.37
158	169	0.63	6.45
159	68	0.005	-9.05
156	172	8.616	13.77
158	52	0.08	-6.89
159	119	0.3	11.27
156	178	100	20.62
158	90	0.0003	-3.21
157	171	0.02	4.44
157	23	0.02	40.54
159	133	0.0569	1.07
158	170	0.08	8.04
157	175	10	46.37
158	62	0.002	-12.26
158	32	0.08	57.46
157	174	0.02	5.21
159	162	0.16	1.38
159	166	2.5	-7.11
159	184	0.004	36.06
156	2	1.3714	91.53
157	170	0.1381	22.35
159	45	0.16	20.67
159	45	0.001	-7.63
156	180	1	2.95
159	168	0.0003	-4.03
157	2	0.3239	5.99
159	119	0.02	-6.24
159	50	0.001	-7.01
156	180	5	95.86
156	164	0.0062	41.81
159	180	0.04	-10.76
158	34	0.01	-8.31
159	184	0.002	18.6
158	170	0.63	71.98
157	45	0.0416	29.97
158	110	0.02	86.89
158	68	0.02	-11.81
159	14	0.16	-4.64
156	168	0.3	23.95
157	130	3.9734	24.45
158	169	0.16	7.19
159	88	2.5	-4.05
157	76	0.0059	43.2
158	182	2.5	-5.17
156	178	7.4095	85.47
157	2	0.02	-6.92
158	162	0.63	70.62
156	87	0.002	1.75
157	180	10	0.12
157	45	0.16	12.4
157	165	1.25	1.74
158	105	1.25	46.44
157	106	1.25	-3.6
157	172	8.616	29.12
157	106	0.4261	-14.42
158	184	0.01	87.64
157	166	0.0003	-7.63
158	106	0.08	-13.72
158	52	0.63	-3.17
157	163	5	21.51
157	140	0.154	5.16
156	14	0.02	-5.65
158	169	0.0006	19.99
158	45	1.25	58.53
157	170	0.001	-3.67
158	105	0.0003	-5.49
157	182	1	4.71
157	184	0.12	98.42
157	182	0.0006	-1.54
156	174	0.13	-4.96
157	45	0.02	-6.01
157	110	0.16	74.57
157	105	0.001	-2.15
158	171	0.16	-11.68
158	45	0.08	52.13
158	62	0.02	-10.57
157	41	2.1871	29.02
156	14	0.16	-1.54
157	110	0.3	93.5
156	178	0.3089	75.81
158	106	2.5	42.87
157	165	0.0003	-3.62
158	52	1.25	7.77
158	88	0.005	-15.17
156	106	0.4261	-4.78
157	178	0.3089	44.82
158	90	0.02	-18.43
158	43	0.001	-6.22
158	14	10	90.39
157	181	2	80.49
158	182	10	25.01
158	169	10	42.79
157	165	0.001	-5.77
158	180	0.3	-14.65
158	110	0.002	-2.22
156	183	0.004	-8.22
158	14	0.01	-10.92
157	11	0.01	-10.87
158	164	0.001	-10.93
158	164	0.002	-0.88
158	180	10	93.05
157	106	10	37.46
158	102	0.3	-3.12
156	119	0.552	96.52
157	87	0.009	20.8
