name	drugA	drugB	concA	concB	loewe
197	164	2015	0	0	0
197	164	2015	0	1e-07	0
197	164	2015	0	2.5e-07	0
197	164	2015	0	5e-07	0
197	164	2015	0	1e-06	0
197	164	2015	0	2e-06	0
197	164	2015	0	4e-06	0
197	164	2015	0	6e-06	-0.0296690959445122
197	164	2015	0	1e-05	-0.0159797405962745
197	164	2015	0	1.4e-05	-0.015181921326859
197	164	2015	1e-09	0	0.14297534583153
197	164	2015	1e-09	1e-07	-0.0222760005160784
197	164	2015	1e-09	2.5e-07	0
197	164	2015	1e-09	5e-07	0.00139361387427996
197	164	2015	1e-09	1e-06	-0.0226338795303066
197	164	2015	1e-09	2e-06	-0.0214659629351281
197	164	2015	1e-09	4e-06	0.053462834251943
197	164	2015	1e-09	6e-06	-0.119926292768393
197	164	2015	1e-09	1e-05	0
197	164	2015	1e-09	1.4e-05	-0.00054081384300062
197	164	2015	2.5e-09	0	-0.0281984460268312
197	164	2015	2.5e-09	1e-07	-0.0105833301469579
197	164	2015	2.5e-09	2.5e-07	0.11492730685123
197	164	2015	2.5e-09	5e-07	-0.132839470617694
197	164	2015	2.5e-09	1e-06	0
197	164	2015	2.5e-09	2e-06	-0.00661366753066758
197	164	2015	2.5e-09	4e-06	-0.0246864064172156
197	164	2015	2.5e-09	6e-06	0.0357798947642829
197	164	2015	2.5e-09	1e-05	0.0361462082465843
197	164	2015	2.5e-09	1.4e-05	-0.174813387491125
197	164	2015	5e-09	0	0
197	164	2015	5e-09	1e-07	0.0146320407888413
197	164	2015	5e-09	2.5e-07	0.0458576750347366
197	164	2015	5e-09	5e-07	0.0597203718328281
197	164	2015	5e-09	1e-06	-0.0791832523646681
197	164	2015	5e-09	2e-06	-0.190425544255447
197	164	2015	5e-09	4e-06	0
197	164	2015	5e-09	6e-06	0.0249825369572706
197	164	2015	5e-09	1e-05	-0.046567041328744
197	164	2015	5e-09	1.4e-05	-0.152862624390018
197	164	2015	7.5e-09	0	-0.249592314189452
197	164	2015	7.5e-09	1e-07	-0.698226820862407
197	164	2015	7.5e-09	2.5e-07	0
197	164	2015	7.5e-09	5e-07	0.0411670750317254
197	164	2015	7.5e-09	1e-06	-0.0851036132021885
197	164	2015	7.5e-09	2e-06	-0.240538125143038
197	164	2015	7.5e-09	4e-06	-0.510603816833123
197	164	2015	7.5e-09	6e-06	-0.518136447147618
197	164	2015	7.5e-09	1e-05	0
197	164	2015	7.5e-09	1.4e-05	-0.114473706699859
197	164	2015	1e-08	0	-0.262396793699859
197	164	2015	1e-08	1e-07	-0.295633392699859
197	164	2015	1e-08	2.5e-07	-0.296842901699859
197	164	2015	1e-08	5e-07	-0.295462425699859
197	164	2015	1e-08	1e-06	0
197	164	2015	1e-08	2e-06	-0.217931124699859
197	164	2015	1e-08	4e-06	-0.285585355699859
197	164	2015	1e-08	6e-06	-0.295829166699859
197	164	2015	1e-08	1e-05	-0.300373364699859
197	164	2015	1e-08	1.4e-05	-0.298726458699859
5	164	2015	0	0	0
5	164	2015	0	1e-07	0
5	164	2015	0	2.5e-07	0
5	164	2015	0	5e-07	0
5	164	2015	0	1e-06	0
5	164	2015	0	2e-06	0
5	164	2015	0	4e-06	0
5	164	2015	0	6e-06	0.0216369346519949
5	164	2015	0	1e-05	0.00126930745134104
5	164	2015	0	1.4e-05	0.0051312761646561
5	164	2015	1e-09	0	-0.023415305047691
5	164	2015	1e-09	1e-07	0.012410306583355
5	164	2015	1e-09	2.5e-07	0
5	164	2015	1e-09	5e-07	-0.00861163111455298
5	164	2015	1e-09	1e-06	-0.0175407524487117
5	164	2015	1e-09	2e-06	0.0370421716513376
5	164	2015	1e-09	4e-06	0.0499774329133494
5	164	2015	1e-09	6e-06	0.0359597742599197
5	164	2015	1e-09	1e-05	0
5	164	2015	1e-09	1.4e-05	-0.0205640411169563
5	164	2015	2.5e-09	0	-0.010440146648089
5	164	2015	2.5e-09	1e-07	0.0657726365559354
5	164	2015	2.5e-09	2.5e-07	0.0410705324385447
5	164	2015	2.5e-09	5e-07	0.0171185132184704
5	164	2015	2.5e-09	1e-06	0
5	164	2015	2.5e-09	2e-06	-0.0224491363739084
5	164	2015	2.5e-09	4e-06	-0.00124090377372596
5	164	2015	2.5e-09	6e-06	0.135334368029695
5	164	2015	2.5e-09	1e-05	0.0423555176097728
5	164	2015	2.5e-09	1.4e-05	0.0185631166185908
5	164	2015	5e-09	0	0
5	164	2015	5e-09	1e-07	0.00496541223339833
5	164	2015	5e-09	2.5e-07	0.0965006125109807
5	164	2015	5e-09	5e-07	0.103381495639045
5	164	2015	5e-09	1e-06	0.0210253473494814
5	164	2015	5e-09	2e-06	0.0152764571861023
5	164	2015	5e-09	4e-06	0
5	164	2015	5e-09	6e-06	0.0315663951339516
5	164	2015	5e-09	1e-05	0.0102514240646325
5	164	2015	5e-09	1.4e-05	0.00612531078619291
5	164	2015	7.5e-09	0	-0.0131366530415161
5	164	2015	7.5e-09	1e-07	-0.0480925148885069
5	164	2015	7.5e-09	2.5e-07	0
5	164	2015	7.5e-09	5e-07	0.0202794982637631
5	164	2015	7.5e-09	1e-06	-0.00235701160061545
5	164	2015	7.5e-09	2e-06	-0.0165978639527218
5	164	2015	7.5e-09	4e-06	-0.0392092321921509
5	164	2015	7.5e-09	6e-06	-0.126266837304637
5	164	2015	7.5e-09	1e-05	0
5	164	2015	7.5e-09	1.4e-05	-0.0121432369253137
5	164	2015	1e-08	0	-0.0438329526441243
5	164	2015	1e-08	1e-07	-0.049727751782355
5	164	2015	1e-08	2.5e-07	-0.0693476029112066
5	164	2015	1e-08	5e-07	-0.0941947130099595
5	164	2015	1e-08	1e-06	0
5	164	2015	1e-08	2e-06	-0.0241203684777462
5	164	2015	1e-08	4e-06	-0.0302056944777462
5	164	2015	1e-08	6e-06	-0.0521541614777462
5	164	2015	1e-08	1e-05	-0.0614285614777462
5	164	2015	1e-08	1.4e-05	-0.0829175754777462
198	164	2015	0	0	0
198	164	2015	0	1e-07	0
198	164	2015	0	2.5e-07	0
198	164	2015	0	5e-07	0
198	164	2015	0	1e-06	0
198	164	2015	0	2e-06	0
198	164	2015	0	4e-06	0
198	164	2015	0	6e-06	0.0490221358939972
198	164	2015	0	1e-05	0.0449160869740707
198	164	2015	0	1.4e-05	0.190452535886563
198	164	2015	1e-09	0	0.0132749067932472
198	164	2015	1e-09	1e-07	-0.972446632336313
198	164	2015	1e-09	2.5e-07	0
198	164	2015	1e-09	5e-07	0.0267818227283607
198	164	2015	1e-09	1e-06	0.0725434998633209
198	164	2015	1e-09	2e-06	0.0697541036906063
198	164	2015	1e-09	4e-06	-0.0264363201865621
198	164	2015	1e-09	6e-06	-0.973052826320306
198	164	2015	1e-09	1e-05	0
198	164	2015	1e-09	1.4e-05	0.0315994232143757
198	164	2015	2.5e-09	0	0.0316017492890914
198	164	2015	2.5e-09	1e-07	0.024001175603771
198	164	2015	2.5e-09	2.5e-07	-0.0326126965697566
198	164	2015	2.5e-09	5e-07	-0.975097542495725
198	164	2015	2.5e-09	1e-06	0
198	164	2015	2.5e-09	2e-06	0.0522975430349256
198	164	2015	2.5e-09	4e-06	0.0875858276466143
198	164	2015	2.5e-09	6e-06	-0.119737657209753
198	164	2015	2.5e-09	1e-05	-0.0298744614650363
198	164	2015	2.5e-09	1.4e-05	-0.956197828694197
198	164	2015	5e-09	0	0
198	164	2015	5e-09	1e-07	0.191486344432152
198	164	2015	5e-09	2.5e-07	-0.0978203167364806
198	164	2015	5e-09	5e-07	-0.0920535443672171
198	164	2015	5e-09	1e-06	-0.0170182594128886
198	164	2015	5e-09	2e-06	-0.825348303217336
198	164	2015	5e-09	4e-06	0
198	164	2015	5e-09	6e-06	0.0897535174550744
198	164	2015	5e-09	1e-05	-0.105346572375359
198	164	2015	5e-09	1.4e-05	-0.028450429353271
198	164	2015	7.5e-09	0	-0.0122697807773097
198	164	2015	7.5e-09	1e-07	-0.354452902318547
198	164	2015	7.5e-09	2.5e-07	0
198	164	2015	7.5e-09	5e-07	-0.0105022496193274
198	164	2015	7.5e-09	1e-06	-0.0462361094421261
198	164	2015	7.5e-09	2e-06	-0.0142101944895759
198	164	2015	7.5e-09	4e-06	-0.00631118170222897
198	164	2015	7.5e-09	6e-06	-0.131326045339991
198	164	2015	7.5e-09	1e-05	0
198	164	2015	7.5e-09	1.4e-05	-0.012275653125639
198	164	2015	1e-08	0	-0.0103681625043401
198	164	2015	1e-08	1e-07	-0.00263392261230066
198	164	2015	1e-08	2.5e-07	-0.00293550461756073
198	164	2015	1e-08	5e-07	-0.0236497587562133
198	164	2015	1e-08	1e-06	0
198	164	2015	1e-08	2e-06	0.00109786859331663
198	164	2015	1e-08	4e-06	-0.00443069466359159
198	164	2015	1e-08	6e-06	-0.00184609691202022
198	164	2015	1e-08	1e-05	-0.00102961346654317
198	164	2015	1e-08	1.4e-05	-0.00813051043471075
94	164	2015	0	0	0
94	164	2015	0	1e-07	0
94	164	2015	0	2.5e-07	0
94	164	2015	0	5e-07	0
94	164	2015	0	1e-06	0
94	164	2015	0	2e-06	0
94	164	2015	0	4e-06	0
94	164	2015	0	6e-06	0.0232195257625801
94	164	2015	0	1e-05	0.00126156447783274
94	164	2015	0	1.4e-05	0.0212079818796632
94	164	2015	1e-09	0	0.0710023117091775
94	164	2015	1e-09	1e-07	0.156246394309174
94	164	2015	1e-09	2.5e-07	0
94	164	2015	1e-09	5e-07	0.0145907463325896
94	164	2015	1e-09	1e-06	0.00517119639725593
94	164	2015	1e-09	2e-06	-0.0295750316385487
94	164	2015	1e-09	4e-06	0.162737914069794
94	164	2015	1e-09	6e-06	-0.0856980651754908
94	164	2015	1e-09	1e-05	0
94	164	2015	1e-09	1.4e-05	-0.0143081706860492
94	164	2015	2.5e-09	0	-0.00557480940481568
94	164	2015	2.5e-09	1e-07	0.0451235643951946
94	164	2015	2.5e-09	2.5e-07	0.223891449725587
94	164	2015	2.5e-09	5e-07	-0.246933604921717
94	164	2015	2.5e-09	1e-06	0
94	164	2015	2.5e-09	2e-06	0.0136782771052682
94	164	2015	2.5e-09	4e-06	0.0228748483675281
94	164	2015	2.5e-09	6e-06	0.0961164616990325
94	164	2015	2.5e-09	1e-05	0.00155268245803768
94	164	2015	2.5e-09	1.4e-05	-0.484381186400263
94	164	2015	5e-09	0	0
94	164	2015	5e-09	1e-07	0.0756369491602639
94	164	2015	5e-09	2.5e-07	0.119066524383322
94	164	2015	5e-09	5e-07	-0.221633626962208
94	164	2015	5e-09	1e-06	-0.476895772391958
94	164	2015	5e-09	2e-06	-0.611341517958171
94	164	2015	5e-09	4e-06	0
94	164	2015	5e-09	6e-06	-0.0336415754617386
94	164	2015	5e-09	1e-05	-0.146458847461739
94	164	2015	5e-09	1.4e-05	-0.385547347461739
94	164	2015	7.5e-09	0	-0.472133964461739
94	164	2015	7.5e-09	1e-07	-0.489570524461739
94	164	2015	7.5e-09	2.5e-07	0
94	164	2015	7.5e-09	5e-07	-0.374830891461739
94	164	2015	7.5e-09	1e-06	-0.410835667461739
94	164	2015	7.5e-09	2e-06	-0.506126212461739
94	164	2015	7.5e-09	4e-06	-0.534797674461739
94	164	2015	7.5e-09	6e-06	-0.520391913461739
94	164	2015	7.5e-09	1e-05	0
94	164	2015	7.5e-09	1.4e-05	-0.492093810461739
94	164	2015	1e-08	0	-0.538019235461739
94	164	2015	1e-08	1e-07	-0.564893208461739
94	164	2015	1e-08	2.5e-07	-0.560486792461739
94	164	2015	1e-08	5e-07	-0.579302925461739
94	164	2015	1e-08	1e-06	0
94	164	2015	1e-08	2e-06	-0.520587419461739
94	164	2015	1e-08	4e-06	-0.529315986461739
94	164	2015	1e-08	6e-06	-0.566290314461739
94	164	2015	1e-08	1e-05	-0.575658047461739
94	164	2015	1e-08	1.4e-05	-0.571645009461739
199	164	2015	0	0	0
199	164	2015	0	1e-07	0
199	164	2015	0	2.5e-07	0
199	164	2015	0	5e-07	0
199	164	2015	0	1e-06	0
199	164	2015	0	2e-06	0
199	164	2015	0	4e-06	0
199	164	2015	0	6e-06	-0.0154565679426423
199	164	2015	0	1e-05	0.0662403473856
199	164	2015	0	1.4e-05	0.0613300425974884
199	164	2015	1e-09	0	0.0351899893057127
199	164	2015	1e-09	1e-07	-0.01480082119006
199	164	2015	1e-09	2.5e-07	0
199	164	2015	1e-09	5e-07	-0.0492911046748719
199	164	2015	1e-09	1e-06	0.041025177687431
199	164	2015	1e-09	2e-06	-0.0750808955013103
199	164	2015	1e-09	4e-06	-0.0535502779768952
199	164	2015	1e-09	6e-06	-0.0271298805337446
199	164	2015	1e-09	1e-05	0
199	164	2015	1e-09	1.4e-05	-0.0444137701324222
199	164	2015	2.5e-09	0	-0.0574922837893961
199	164	2015	2.5e-09	1e-07	-0.212339603178563
199	164	2015	2.5e-09	2.5e-07	-0.0539551512889058
199	164	2015	2.5e-09	5e-07	-0.0242118134585613
199	164	2015	2.5e-09	1e-06	0
199	164	2015	2.5e-09	2e-06	-0.0320723037146783
199	164	2015	2.5e-09	4e-06	-0.286385191364204
199	164	2015	2.5e-09	6e-06	-0.203175397040805
199	164	2015	2.5e-09	1e-05	-0.0415086511456336
199	164	2015	2.5e-09	1.4e-05	-0.0231784807831919
199	164	2015	5e-09	0	0
199	164	2015	5e-09	1e-07	-0.0910254137345188
199	164	2015	5e-09	2.5e-07	-0.230544731448485
199	164	2015	5e-09	5e-07	-0.0995182136773289
199	164	2015	5e-09	1e-06	-0.0358429517944557
199	164	2015	5e-09	2e-06	-0.0244497260919448
199	164	2015	5e-09	4e-06	0
199	164	2015	5e-09	6e-06	-0.0914831231946184
199	164	2015	5e-09	1e-05	-0.103229949950164
199	164	2015	5e-09	1.4e-05	-0.0394836393500584
199	164	2015	7.5e-09	0	-0.0240236287961957
199	164	2015	7.5e-09	1e-07	-0.0252622253289904
199	164	2015	7.5e-09	2.5e-07	0
199	164	2015	7.5e-09	5e-07	-0.0486930956550437
199	164	2015	7.5e-09	1e-06	-0.0485906337789426
199	164	2015	7.5e-09	2e-06	-0.0271052717117305
199	164	2015	7.5e-09	4e-06	-0.0228185280538874
199	164	2015	7.5e-09	6e-06	-0.109557801604401
199	164	2015	7.5e-09	1e-05	0
199	164	2015	7.5e-09	1.4e-05	-0.014681498935302
199	164	2015	1e-08	0	-0.0240155412124298
199	164	2015	1e-08	1e-07	-0.0220890297673506
199	164	2015	1e-08	2.5e-07	-0.0197382495877079
199	164	2015	1e-08	5e-07	-0.0226325486532961
199	164	2015	1e-08	1e-06	0
199	164	2015	1e-08	2e-06	-0.016197257589518
199	164	2015	1e-08	4e-06	-0.019039498589518
199	164	2015	1e-08	6e-06	-0.015742216589518
199	164	2015	1e-08	1e-05	-0.015700432589518
199	164	2015	1e-08	1.4e-05	-0.012236194589518
200	164	2015	0	0	0
200	164	2015	0	1e-07	0
200	164	2015	0	2.5e-07	0
200	164	2015	0	5e-07	0
200	164	2015	0	1e-06	0
200	164	2015	0	2e-06	0
200	164	2015	0	4e-06	0
200	164	2015	0	6e-06	-0.0289141517561541
200	164	2015	0	1e-05	0.0438743039238092
200	164	2015	0	1.4e-05	-0.00754697777626902
200	164	2015	1e-09	0	-0.112126397638475
200	164	2015	1e-09	1e-07	-0.0647206098303304
200	164	2015	1e-09	2.5e-07	0
200	164	2015	1e-09	5e-07	-0.0122235379597814
200	164	2015	1e-09	1e-06	-0.0425342615785775
200	164	2015	1e-09	2e-06	0.052142329660325
200	164	2015	1e-09	4e-06	-0.0585872964867321
200	164	2015	1e-09	6e-06	-0.0842472195835973
200	164	2015	1e-09	1e-05	0
200	164	2015	1e-09	1.4e-05	-0.0461077606211813
200	164	2015	2.5e-09	0	-0.0544348216714719
200	164	2015	2.5e-09	1e-07	-0.00554729158420436
200	164	2015	2.5e-09	2.5e-07	-0.122566784162195
200	164	2015	2.5e-09	5e-07	-0.0819764766233358
200	164	2015	2.5e-09	1e-06	0
200	164	2015	2.5e-09	2e-06	0.00469794033038752
200	164	2015	2.5e-09	4e-06	0.00452962562320735
200	164	2015	2.5e-09	6e-06	-0.0673089044950494
200	164	2015	2.5e-09	1e-05	-0.0994224933792389
200	164	2015	2.5e-09	1.4e-05	-0.0893654969124765
200	164	2015	5e-09	0	0
200	164	2015	5e-09	1e-07	0.154419712738405
200	164	2015	5e-09	2.5e-07	0.0878958249594614
200	164	2015	5e-09	5e-07	-0.0895570156972571
200	164	2015	5e-09	1e-06	-0.0919189503235427
200	164	2015	5e-09	2e-06	-0.0920449436501701
200	164	2015	5e-09	4e-06	0
200	164	2015	5e-09	6e-06	-0.0346723598986978
200	164	2015	5e-09	1e-05	-0.0750641473687169
200	164	2015	5e-09	1.4e-05	-0.148437004028787
200	164	2015	7.5e-09	0	-0.150411597947017
200	164	2015	7.5e-09	1e-07	-0.145359700668774
200	164	2015	7.5e-09	2.5e-07	0
200	164	2015	7.5e-09	5e-07	-0.0778426823500284
200	164	2015	7.5e-09	1e-06	-0.0863710853500284
200	164	2015	7.5e-09	2e-06	-0.100310451350028
200	164	2015	7.5e-09	4e-06	-0.0935392273500284
200	164	2015	7.5e-09	6e-06	-0.0982112323500284
200	164	2015	7.5e-09	1e-05	0
200	164	2015	7.5e-09	1.4e-05	-0.0976930323500284
200	164	2015	1e-08	0	-0.104006074350028
200	164	2015	1e-08	1e-07	-0.104533270350028
200	164	2015	1e-08	2.5e-07	-0.100799294350028
200	164	2015	1e-08	5e-07	-0.102378666350028
200	164	2015	1e-08	1e-06	0
200	164	2015	1e-08	2e-06	-0.106133255350028
200	164	2015	1e-08	4e-06	-0.115179090350028
200	164	2015	1e-08	6e-06	-0.116266466350028
200	164	2015	1e-08	1e-05	-0.115841436350028
200	164	2015	1e-08	1.4e-05	-0.112806861350028
201	164	2015	0	0	0
201	164	2015	0	1e-07	0
201	164	2015	0	2.5e-07	0
201	164	2015	0	5e-07	0
201	164	2015	0	1e-06	0
201	164	2015	0	2e-06	0
201	164	2015	0	4e-06	0
201	164	2015	0	6e-06	0.0741146637185392
201	164	2015	0	1e-05	0.0831576594764788
201	164	2015	0	1.4e-05	0.168984560491355
201	164	2015	1e-09	0	0.223435843134695
201	164	2015	1e-09	1e-07	0.0927736769404009
201	164	2015	1e-09	2.5e-07	0
201	164	2015	1e-09	5e-07	0.102986438311419
201	164	2015	1e-09	1e-06	0.091761020209648
201	164	2015	1e-09	2e-06	0.181354756875863
201	164	2015	1e-09	4e-06	0.193251731904224
201	164	2015	1e-09	6e-06	0.0961718176231296
201	164	2015	1e-09	1e-05	0
201	164	2015	1e-09	1.4e-05	0.0747810059125203
201	164	2015	2.5e-09	0	0.0559932877710202
201	164	2015	2.5e-09	1e-07	0.183369491508244
201	164	2015	2.5e-09	2.5e-07	0.0877291513118936
201	164	2015	2.5e-09	5e-07	0.0546772117366274
201	164	2015	2.5e-09	1e-06	0
201	164	2015	2.5e-09	2e-06	0.0782496837877156
201	164	2015	2.5e-09	4e-06	0.103472500436734
201	164	2015	2.5e-09	6e-06	0.11932998013965
201	164	2015	2.5e-09	1e-05	0.0489666466016446
201	164	2015	2.5e-09	1.4e-05	-0.00186452438000046
201	164	2015	5e-09	0	0
201	164	2015	5e-09	1e-07	0.0468308409515012
201	164	2015	5e-09	2.5e-07	0.0640814048376094
201	164	2015	5e-09	5e-07	-0.0897485036021584
201	164	2015	5e-09	1e-06	-0.0697920660126454
201	164	2015	5e-09	2e-06	-0.0389250539020765
201	164	2015	5e-09	4e-06	0
201	164	2015	5e-09	6e-06	0.0463962827570477
201	164	2015	5e-09	1e-05	0.0764092922033609
201	164	2015	5e-09	1.4e-05	-0.0592100851706062
201	164	2015	7.5e-09	0	-0.0491334537035227
201	164	2015	7.5e-09	1e-07	-0.0578186112018554
201	164	2015	7.5e-09	2.5e-07	0
201	164	2015	7.5e-09	5e-07	0.0722851194150017
201	164	2015	7.5e-09	1e-06	0.0620289284912876
201	164	2015	7.5e-09	2e-06	-0.0423839753550686
201	164	2015	7.5e-09	4e-06	-0.0774334370516782
201	164	2015	7.5e-09	6e-06	-0.0750286028700918
201	164	2015	7.5e-09	1e-05	0
201	164	2015	7.5e-09	1.4e-05	0.0725192810013595
201	164	2015	1e-08	0	0.0415700914752448
201	164	2015	1e-08	1e-07	-0.0684962334547382
201	164	2015	1e-08	2.5e-07	-0.160544701350212
201	164	2015	1e-08	5e-07	-0.0770456006333055
201	164	2015	1e-08	1e-06	0
201	164	2015	1e-08	2e-06	0.0389375684940217
201	164	2015	1e-08	4e-06	-0.107756103683266
201	164	2015	1e-08	6e-06	-0.132185707440407
201	164	2015	1e-08	1e-05	-0.139663052825384
201	164	2015	1e-08	1.4e-05	-0.130397599836729
202	164	2015	0	0	0
202	164	2015	0	1e-07	0
202	164	2015	0	2.5e-07	0
202	164	2015	0	5e-07	0
202	164	2015	0	1e-06	0
202	164	2015	0	2e-06	0
202	164	2015	0	4e-06	0
202	164	2015	0	6e-06	0.039193864818226
202	164	2015	0	1e-05	0.044883397173342
202	164	2015	0	1.4e-05	0.0307031731292788
202	164	2015	1e-09	0	0.0612949806340268
202	164	2015	1e-09	1e-07	-0.0652626942642668
202	164	2015	1e-09	2.5e-07	0
202	164	2015	1e-09	5e-07	0.0260224021810433
202	164	2015	1e-09	1e-06	0.0258244871775859
202	164	2015	1e-09	2e-06	0.0867540034582731
202	164	2015	1e-09	4e-06	-0.00760649115988073
202	164	2015	1e-09	6e-06	-0.00368170223006075
202	164	2015	1e-09	1e-05	0
202	164	2015	1e-09	1.4e-05	0.0181766422451732
202	164	2015	2.5e-09	0	0.0584277253121941
202	164	2015	2.5e-09	1e-07	0.0818626374623848
202	164	2015	2.5e-09	2.5e-07	-0.0143110924339196
202	164	2015	2.5e-09	5e-07	-0.0451134795725771
202	164	2015	2.5e-09	1e-06	0
202	164	2015	2.5e-09	2e-06	0.0833075111212402
202	164	2015	2.5e-09	4e-06	0.0396110347843154
202	164	2015	2.5e-09	6e-06	0.0114668347602958
202	164	2015	2.5e-09	1e-05	-0.00784858916431744
202	164	2015	2.5e-09	1.4e-05	-0.0793964284008365
202	164	2015	5e-09	0	0
202	164	2015	5e-09	1e-07	-0.0742638749086682
202	164	2015	5e-09	2.5e-07	-0.0386063199086681
202	164	2015	5e-09	5e-07	-0.140771639908668
202	164	2015	5e-09	1e-06	-0.168974468908668
202	164	2015	5e-09	2e-06	-0.174432331908668
202	164	2015	5e-09	4e-06	0
202	164	2015	5e-09	6e-06	-0.0720236389086681
202	164	2015	5e-09	1e-05	-0.146473469908668
202	164	2015	5e-09	1.4e-05	-0.203206072908668
202	164	2015	7.5e-09	0	-0.227791137908668
202	164	2015	7.5e-09	1e-07	-0.249544229908668
202	164	2015	7.5e-09	2.5e-07	0
202	164	2015	7.5e-09	5e-07	-0.218291768908668
202	164	2015	7.5e-09	1e-06	-0.247988046908668
202	164	2015	7.5e-09	2e-06	-0.242267060908668
202	164	2015	7.5e-09	4e-06	-0.295395206908668
202	164	2015	7.5e-09	6e-06	-0.314767146908668
202	164	2015	7.5e-09	1e-05	0
202	164	2015	7.5e-09	1.4e-05	-0.238644072908668
202	164	2015	1e-08	0	-0.266416815908668
202	164	2015	1e-08	1e-07	-0.311469663908668
202	164	2015	1e-08	2.5e-07	-0.353167085908668
202	164	2015	1e-08	5e-07	-0.342508703908668
202	164	2015	1e-08	1e-06	0
202	164	2015	1e-08	2e-06	-0.346346099908668
202	164	2015	1e-08	4e-06	-0.365982995908668
202	164	2015	1e-08	6e-06	-0.356370693908668
202	164	2015	1e-08	1e-05	-0.376834112908668
202	164	2015	1e-08	1.4e-05	-0.331911791908668
203	164	2015	0	0	NA
203	164	2015	0	1e-07	NA
203	164	2015	0	2.5e-07	NA
203	164	2015	0	5e-07	NA
203	164	2015	0	1e-06	NA
203	164	2015	0	2e-06	NA
203	164	2015	0	4e-06	NA
203	164	2015	0	6e-06	NA
203	164	2015	0	1e-05	NA
203	164	2015	0	1.4e-05	NA
203	164	2015	1e-09	0	NA
203	164	2015	1e-09	1e-07	NA
203	164	2015	1e-09	2.5e-07	NA
203	164	2015	1e-09	5e-07	NA
203	164	2015	1e-09	1e-06	NA
203	164	2015	1e-09	2e-06	NA
203	164	2015	1e-09	4e-06	NA
203	164	2015	1e-09	6e-06	NA
203	164	2015	1e-09	1e-05	NA
203	164	2015	1e-09	1.4e-05	NA
203	164	2015	2.5e-09	0	NA
203	164	2015	2.5e-09	1e-07	NA
203	164	2015	2.5e-09	2.5e-07	NA
203	164	2015	2.5e-09	5e-07	NA
203	164	2015	2.5e-09	1e-06	NA
203	164	2015	2.5e-09	2e-06	NA
203	164	2015	2.5e-09	4e-06	NA
203	164	2015	2.5e-09	6e-06	NA
203	164	2015	2.5e-09	1e-05	NA
203	164	2015	2.5e-09	1.4e-05	NA
203	164	2015	5e-09	0	NA
203	164	2015	5e-09	1e-07	NA
203	164	2015	5e-09	2.5e-07	NA
203	164	2015	5e-09	5e-07	NA
203	164	2015	5e-09	1e-06	NA
203	164	2015	5e-09	2e-06	NA
203	164	2015	5e-09	4e-06	NA
203	164	2015	5e-09	6e-06	NA
203	164	2015	5e-09	1e-05	NA
203	164	2015	5e-09	1.4e-05	NA
203	164	2015	7.5e-09	0	NA
203	164	2015	7.5e-09	1e-07	NA
203	164	2015	7.5e-09	2.5e-07	NA
203	164	2015	7.5e-09	5e-07	NA
203	164	2015	7.5e-09	1e-06	NA
203	164	2015	7.5e-09	2e-06	NA
203	164	2015	7.5e-09	4e-06	NA
203	164	2015	7.5e-09	6e-06	NA
203	164	2015	7.5e-09	1e-05	NA
203	164	2015	7.5e-09	1.4e-05	NA
203	164	2015	1e-08	0	NA
203	164	2015	1e-08	1e-07	NA
203	164	2015	1e-08	2.5e-07	NA
203	164	2015	1e-08	5e-07	NA
203	164	2015	1e-08	1e-06	NA
203	164	2015	1e-08	2e-06	NA
203	164	2015	1e-08	4e-06	NA
203	164	2015	1e-08	6e-06	NA
203	164	2015	1e-08	1e-05	NA
203	164	2015	1e-08	1.4e-05	NA
16	164	2015	0	0	0
16	164	2015	0	1e-07	0
16	164	2015	0	2.5e-07	0
16	164	2015	0	5e-07	0
16	164	2015	0	1e-06	0
16	164	2015	0	2e-06	0
16	164	2015	0	4e-06	0
16	164	2015	0	6e-06	0.0242679701393247
16	164	2015	0	1e-05	-0.0597955520141486
16	164	2015	0	1.4e-05	-0.918654981088257
16	164	2015	1e-09	0	-0.913617451139511
16	164	2015	1e-09	1e-07	-0.910267232010981
16	164	2015	1e-09	2.5e-07	0
16	164	2015	1e-09	5e-07	-0.0363919652701587
16	164	2015	1e-09	1e-06	0.00532451210328027
16	164	2015	1e-09	2e-06	-0.91710980438283
16	164	2015	1e-09	4e-06	-0.912648483354923
16	164	2015	1e-09	6e-06	-0.912938415261818
16	164	2015	1e-09	1e-05	0
16	164	2015	1e-09	1.4e-05	-0.0172475066269266
16	164	2015	2.5e-09	0	-0.142418691653309
16	164	2015	2.5e-09	1e-07	-0.919786022434061
16	164	2015	2.5e-09	2.5e-07	-0.91083558149322
16	164	2015	2.5e-09	5e-07	-0.906460732798662
16	164	2015	2.5e-09	1e-06	0
16	164	2015	2.5e-09	2e-06	-0.00670721020559242
16	164	2015	2.5e-09	4e-06	-0.199564952464881
16	164	2015	2.5e-09	6e-06	-0.917970155064321
16	164	2015	2.5e-09	1e-05	-0.912407785491811
16	164	2015	2.5e-09	1.4e-05	-0.904007676812154
16	164	2015	5e-09	0	0
16	164	2015	5e-09	1e-07	-0.190238959933414
16	164	2015	5e-09	2.5e-07	-0.0980928866817126
16	164	2015	5e-09	5e-07	-0.8953695564684
16	164	2015	5e-09	1e-06	-0.885528099753086
16	164	2015	5e-09	2e-06	-0.882752871996476
16	164	2015	5e-09	4e-06	0
16	164	2015	5e-09	6e-06	-0.170278884840149
16	164	2015	5e-09	1e-05	-0.0389271353096223
16	164	2015	5e-09	1.4e-05	-0.544203756391004
16	164	2015	7.5e-09	0	-0.542319975092881
16	164	2015	7.5e-09	1e-07	-0.534679592757895
16	164	2015	7.5e-09	2.5e-07	0
16	164	2015	7.5e-09	5e-07	-0.0624881212043035
16	164	2015	7.5e-09	1e-06	-0.0339682970836012
16	164	2015	7.5e-09	2e-06	-0.172279131202985
16	164	2015	7.5e-09	4e-06	-0.1668959091774
16	164	2015	7.5e-09	6e-06	-0.15920457357763
16	164	2015	7.5e-09	1e-05	0
16	164	2015	7.5e-09	1.4e-05	-0.0332305161168104
16	164	2015	1e-08	0	-0.0338487633945921
16	164	2015	1e-08	1e-07	-0.0394232087295239
16	164	2015	1e-08	2.5e-07	-0.0301378444141547
16	164	2015	1e-08	5e-07	-0.0287754476367511
16	164	2015	1e-08	1e-06	0
16	164	2015	1e-08	2e-06	-0.031271651514213
16	164	2015	1e-08	4e-06	-0.0315980627823321
16	164	2015	1e-08	6e-06	-0.0302196911233077
16	164	2015	1e-08	1e-05	-0.0184021876165691
16	164	2015	1e-08	1.4e-05	-0.019161627846126
116	164	2015	0	0	0
116	164	2015	0	1e-07	0
116	164	2015	0	2.5e-07	0
116	164	2015	0	5e-07	0
116	164	2015	0	1e-06	0
116	164	2015	0	2e-06	0
116	164	2015	0	4e-06	0
116	164	2015	0	6e-06	0.0255976399806582
116	164	2015	0	1e-05	0.0268146781238953
116	164	2015	0	1.4e-05	0.0434965072795858
116	164	2015	1e-09	0	0.0680187653416913
116	164	2015	1e-09	1e-07	0.0319232784510376
116	164	2015	1e-09	2.5e-07	0
116	164	2015	1e-09	5e-07	0.0319522226992858
116	164	2015	1e-09	1e-06	0.0235218970810203
116	164	2015	1e-09	2e-06	0.053271500043559
116	164	2015	1e-09	4e-06	0.0330283732248886
116	164	2015	1e-09	6e-06	-0.0511681422051372
116	164	2015	1e-09	1e-05	0
116	164	2015	1e-09	1.4e-05	0.0176257575215732
116	164	2015	2.5e-09	0	0.026442835833149
116	164	2015	2.5e-09	1e-07	0.0499963753577323
116	164	2015	2.5e-09	2.5e-07	-0.0182587635566608
116	164	2015	2.5e-09	5e-07	-0.0862942179866305
116	164	2015	2.5e-09	1e-06	0
116	164	2015	2.5e-09	2e-06	-0.0128731613920452
116	164	2015	2.5e-09	4e-06	-0.0189735100612164
116	164	2015	2.5e-09	6e-06	-0.00399414345944706
116	164	2015	2.5e-09	1e-05	-0.100422169812018
116	164	2015	2.5e-09	1.4e-05	-0.118641730273707
116	164	2015	5e-09	0	0
116	164	2015	5e-09	1e-07	0.0231212993029013
116	164	2015	5e-09	2.5e-07	-0.0106472200203547
116	164	2015	5e-09	5e-07	-0.124460383056731
116	164	2015	5e-09	1e-06	-0.144405899425523
116	164	2015	5e-09	2e-06	-0.113577645780005
116	164	2015	5e-09	4e-06	0
116	164	2015	5e-09	6e-06	-0.0296411499282061
116	164	2015	5e-09	1e-05	-0.0905933651694381
116	164	2015	5e-09	1.4e-05	-0.079681752604611
116	164	2015	7.5e-09	0	-0.0871540541587709
116	164	2015	7.5e-09	1e-07	-0.0537893812993371
116	164	2015	7.5e-09	2.5e-07	0
116	164	2015	7.5e-09	5e-07	-0.0395525637027055
116	164	2015	7.5e-09	1e-06	-0.072250235277824
116	164	2015	7.5e-09	2e-06	-0.0430853289503758
116	164	2015	7.5e-09	4e-06	-0.0424096651220474
116	164	2015	7.5e-09	6e-06	-0.0470328042232888
116	164	2015	7.5e-09	1e-05	0
116	164	2015	7.5e-09	1.4e-05	0.00470458584546311
116	164	2015	1e-08	0	-0.0569651858102561
116	164	2015	1e-08	1e-07	-0.0504340117471231
116	164	2015	1e-08	2.5e-07	-0.0349298442039108
116	164	2015	1e-08	5e-07	-0.0282098084084144
116	164	2015	1e-08	1e-06	0
116	164	2015	1e-08	2e-06	-0.0176935189291323
116	164	2015	1e-08	4e-06	-0.0466445689982664
116	164	2015	1e-08	6e-06	-0.0367680164733993
116	164	2015	1e-08	1e-05	-0.0188147691628678
116	164	2015	1e-08	1.4e-05	-0.042122208375517
20	164	2015	0	0	0
20	164	2015	0	1e-07	0
20	164	2015	0	2.5e-07	0
20	164	2015	0	5e-07	0
20	164	2015	0	1e-06	0
20	164	2015	0	2e-06	0
20	164	2015	0	4e-06	0
20	164	2015	0	6e-06	-0.0133573396235437
20	164	2015	0	1e-05	0.0110267199736175
20	164	2015	0	1.4e-05	0.0537148055026513
20	164	2015	1e-09	0	0.0506517825675672
20	164	2015	1e-09	1e-07	0.0635310936428631
20	164	2015	1e-09	2.5e-07	0
20	164	2015	1e-09	5e-07	0.00723075410840991
20	164	2015	1e-09	1e-06	0.0194241468382674
20	164	2015	1e-09	2e-06	0.0575967770035534
20	164	2015	1e-09	4e-06	-0.0366490037573342
20	164	2015	1e-09	6e-06	0.00611561005248674
20	164	2015	1e-09	1e-05	0
20	164	2015	1e-09	1.4e-05	-0.0151178810877211
20	164	2015	2.5e-09	0	0.0373214199249679
20	164	2015	2.5e-09	1e-07	0.0453539221808158
20	164	2015	2.5e-09	2.5e-07	0.0113953041414926
20	164	2015	2.5e-09	5e-07	0.066089322436557
20	164	2015	2.5e-09	1e-06	0
20	164	2015	2.5e-09	2e-06	-0.00277128606325775
20	164	2015	2.5e-09	4e-06	0.0656969255227055
20	164	2015	2.5e-09	6e-06	0.0566129614097407
20	164	2015	2.5e-09	1e-05	0.0821179014492623
20	164	2015	2.5e-09	1.4e-05	0.121837234248618
20	164	2015	5e-09	0	0
20	164	2015	5e-09	1e-07	0.00802848152138523
20	164	2015	5e-09	2.5e-07	0.036201101465988
20	164	2015	5e-09	5e-07	-0.0108028496241326
20	164	2015	5e-09	1e-06	0.0561862284886324
20	164	2015	5e-09	2e-06	0.16485864909726
20	164	2015	5e-09	4e-06	0
20	164	2015	5e-09	6e-06	0.0466240225799824
20	164	2015	5e-09	1e-05	-0.114757688030106
20	164	2015	5e-09	1.4e-05	-0.0287321014838058
20	164	2015	7.5e-09	0	0.0333766261784234
20	164	2015	7.5e-09	1e-07	0.0585368531950348
20	164	2015	7.5e-09	2.5e-07	0
20	164	2015	7.5e-09	5e-07	-0.0119474745018842
20	164	2015	7.5e-09	1e-06	-0.0200617537230767
20	164	2015	7.5e-09	2e-06	-0.00634750568687494
20	164	2015	7.5e-09	4e-06	-0.00236191243524642
20	164	2015	7.5e-09	6e-06	-0.0130962551780858
20	164	2015	7.5e-09	1e-05	0
20	164	2015	7.5e-09	1.4e-05	0.0290851756200498
20	164	2015	1e-08	0	0.000768800452876537
20	164	2015	1e-08	1e-07	-0.0346238266854974
20	164	2015	1e-08	2.5e-07	-0.0410056506460795
20	164	2015	1e-08	5e-07	-0.0443051553301583
20	164	2015	1e-08	1e-06	0
20	164	2015	1e-08	2e-06	0.0208894130482424
20	164	2015	1e-08	4e-06	-0.00139441395175755
20	164	2015	1e-08	6e-06	-0.0431074079517576
20	164	2015	1e-08	1e-05	-0.0485917479517576
20	164	2015	1e-08	1.4e-05	-0.0637579509517576
23	164	2015	0	0	0
23	164	2015	0	1e-07	0
23	164	2015	0	2.5e-07	0
23	164	2015	0	5e-07	0
23	164	2015	0	1e-06	0
23	164	2015	0	2e-06	0
23	164	2015	0	4e-06	0
23	164	2015	0	6e-06	-0.0165403780483678
23	164	2015	0	1e-05	-0.134584011114243
23	164	2015	0	1.4e-05	-0.00968631588343911
23	164	2015	1e-09	0	0.000171770075897761
23	164	2015	1e-09	1e-07	0.00152177211193269
23	164	2015	1e-09	2.5e-07	0
23	164	2015	1e-09	5e-07	0.0280495152644269
23	164	2015	1e-09	1e-06	-0.0444302464264148
23	164	2015	1e-09	2e-06	-0.00592820270610288
23	164	2015	1e-09	4e-06	-0.0046387543913564
23	164	2015	1e-09	6e-06	0.000366822329567444
23	164	2015	1e-09	1e-05	0
23	164	2015	1e-09	1.4e-05	0.000629910564187242
23	164	2015	2.5e-09	0	-0.276300610566522
23	164	2015	2.5e-09	1e-07	-0.0151165746585751
23	164	2015	2.5e-09	2.5e-07	-0.00286635907238297
23	164	2015	2.5e-09	5e-07	-0.00418434432033381
23	164	2015	2.5e-09	1e-06	0
23	164	2015	2.5e-09	2e-06	-0.0296977639954434
23	164	2015	2.5e-09	4e-06	-0.287936219097624
23	164	2015	2.5e-09	6e-06	-0.0208259293298143
23	164	2015	2.5e-09	1e-05	-0.00159559431257311
23	164	2015	2.5e-09	1.4e-05	-0.00371111987946536
23	164	2015	5e-09	0	0
23	164	2015	5e-09	1e-07	-0.0857533666264853
23	164	2015	5e-09	2.5e-07	-0.154290580907777
23	164	2015	5e-09	5e-07	-0.0138114966192631
23	164	2015	5e-09	1e-06	-0.00323490422756265
23	164	2015	5e-09	2e-06	-0.00442390024288155
23	164	2015	5e-09	4e-06	0
23	164	2015	5e-09	6e-06	-0.176036379812385
23	164	2015	5e-09	1e-05	-0.0548484090884716
23	164	2015	5e-09	1.4e-05	-0.00848499432908309
23	164	2015	7.5e-09	0	-0.00283293113315491
23	164	2015	7.5e-09	1e-07	-0.445050790430078
23	164	2015	7.5e-09	2.5e-07	0
23	164	2015	7.5e-09	5e-07	-0.081749325365674
23	164	2015	7.5e-09	1e-06	-0.0240691305880453
23	164	2015	7.5e-09	2e-06	-0.0131679164659431
23	164	2015	7.5e-09	4e-06	-0.174379669308519
23	164	2015	7.5e-09	6e-06	-0.164958012984171
23	164	2015	7.5e-09	1e-05	0
23	164	2015	7.5e-09	1.4e-05	-0.0155858678007632
23	164	2015	1e-08	0	-0.000545911007936937
23	164	2015	1e-08	1e-07	-0.0184894292338894
23	164	2015	1e-08	2.5e-07	-0.0259401749328098
23	164	2015	1e-08	5e-07	-0.0303166295171928
23	164	2015	1e-08	1e-06	0
23	164	2015	1e-08	2e-06	-0.0083910371553055
23	164	2015	1e-08	4e-06	0.00331198284469449
23	164	2015	1e-08	6e-06	-0.0035287031553055
23	164	2015	1e-08	1e-05	-0.00900468115530549
23	164	2015	1e-08	1.4e-05	-0.00584035915530549
204	164	2015	0	0	0
204	164	2015	0	1e-07	0
204	164	2015	0	2.5e-07	0
204	164	2015	0	5e-07	0
204	164	2015	0	1e-06	0
204	164	2015	0	2e-06	0
204	164	2015	0	4e-06	0
204	164	2015	0	6e-06	-0.00531486329493589
204	164	2015	0	1e-05	-0.0418298882526867
204	164	2015	0	1.4e-05	-0.85685745622573
204	164	2015	1e-09	0	-0.921378968760956
204	164	2015	1e-09	1e-07	-0.927153738152485
204	164	2015	1e-09	2.5e-07	0
204	164	2015	1e-09	5e-07	-0.035773561213861
204	164	2015	1e-09	1e-06	0.0151175938887523
204	164	2015	1e-09	2e-06	-0.865465181264836
204	164	2015	1e-09	4e-06	-0.921030166640661
204	164	2015	1e-09	6e-06	-0.926964282999367
204	164	2015	1e-09	1e-05	0
204	164	2015	1e-09	1.4e-05	-0.0255947797858751
204	164	2015	2.5e-09	0	-0.0657576550956971
204	164	2015	2.5e-09	1e-07	-0.906027191517186
204	164	2015	2.5e-09	2.5e-07	-0.91583756446316
204	164	2015	2.5e-09	5e-07	-0.931032268711846
204	164	2015	2.5e-09	1e-06	0
204	164	2015	2.5e-09	2e-06	-0.0122821692375977
204	164	2015	2.5e-09	4e-06	-0.155911146728081
204	164	2015	2.5e-09	6e-06	-0.891498956842713
204	164	2015	2.5e-09	1e-05	-0.922588819792806
204	164	2015	2.5e-09	1.4e-05	-0.930139570512747
204	164	2015	5e-09	0	0
204	164	2015	5e-09	1e-07	0.0865718086829531
204	164	2015	5e-09	2.5e-07	-0.0748768196349719
204	164	2015	5e-09	5e-07	-0.888693922999214
204	164	2015	5e-09	1e-06	-0.892554920448552
204	164	2015	5e-09	2e-06	-0.896198226892337
204	164	2015	5e-09	4e-06	0
204	164	2015	5e-09	6e-06	-0.0819379763639285
204	164	2015	5e-09	1e-05	-0.0806561968276303
204	164	2015	5e-09	1.4e-05	-0.459884526913632
204	164	2015	7.5e-09	0	-0.46710758647758
204	164	2015	7.5e-09	1e-07	-0.454185245088674
204	164	2015	7.5e-09	2.5e-07	0
204	164	2015	7.5e-09	5e-07	-0.0640223775193239
204	164	2015	7.5e-09	1e-06	-0.084768809517295
204	164	2015	7.5e-09	2e-06	-0.174147806385672
204	164	2015	7.5e-09	4e-06	-0.172990586763154
204	164	2015	7.5e-09	6e-06	-0.162537941041321
204	164	2015	7.5e-09	1e-05	0
204	164	2015	7.5e-09	1.4e-05	-0.0547115532221236
204	164	2015	1e-08	0	-0.080186221489632
204	164	2015	1e-08	1e-07	-0.0959472366503376
204	164	2015	1e-08	2.5e-07	-0.0988943868951143
204	164	2015	1e-08	5e-07	-0.0940760892614925
204	164	2015	1e-08	1e-06	0
204	164	2015	1e-08	2e-06	-0.0597541067876663
204	164	2015	1e-08	4e-06	-0.0742416167889833
204	164	2015	1e-08	6e-06	-0.0820927809755856
204	164	2015	1e-08	1e-05	-0.0861650406822743
204	164	2015	1e-08	1.4e-05	-0.0892094955588201
205	164	2015	0	0	0
205	164	2015	0	1e-07	0
205	164	2015	0	2.5e-07	0
205	164	2015	0	5e-07	0
205	164	2015	0	1e-06	0
205	164	2015	0	2e-06	0
205	164	2015	0	4e-06	0
205	164	2015	0	6e-06	-0.019668494128847
205	164	2015	0	1e-05	0.0669534983600388
205	164	2015	0	1.4e-05	-0.0294705817514094
205	164	2015	1e-09	0	0.116900599860146
205	164	2015	1e-09	1e-07	0.121949721212715
205	164	2015	1e-09	2.5e-07	0
205	164	2015	1e-09	5e-07	0.0167933995580266
205	164	2015	1e-09	1e-06	0.00581143846075975
205	164	2015	1e-09	2e-06	0.0190174101222388
205	164	2015	1e-09	4e-06	0.329331904035859
205	164	2015	1e-09	6e-06	0.290151918393708
205	164	2015	1e-09	1e-05	0
205	164	2015	1e-09	1.4e-05	0.000441311009964664
205	164	2015	2.5e-09	0	0.0796469957733305
205	164	2015	2.5e-09	1e-07	0.139451214632798
205	164	2015	2.5e-09	2.5e-07	0.378401336450094
205	164	2015	2.5e-09	5e-07	0.365750409355815
205	164	2015	2.5e-09	1e-06	0
205	164	2015	2.5e-09	2e-06	0.0893674722754115
205	164	2015	2.5e-09	4e-06	0.254367157678041
205	164	2015	2.5e-09	6e-06	0.392626283497466
205	164	2015	2.5e-09	1e-05	0.623338110328754
205	164	2015	2.5e-09	1.4e-05	0.368552404854297
205	164	2015	5e-09	0	0
205	164	2015	5e-09	1e-07	-0.0189081900717401
205	164	2015	5e-09	2.5e-07	0.0208297999995457
205	164	2015	5e-09	5e-07	0.13009362461564
205	164	2015	5e-09	1e-06	0.190096917342522
205	164	2015	5e-09	2e-06	0.117422930933273
205	164	2015	5e-09	4e-06	0
205	164	2015	5e-09	6e-06	0.0260255090504581
205	164	2015	5e-09	1e-05	0.0756990420864019
205	164	2015	5e-09	1.4e-05	0.0920750572059554
205	164	2015	7.5e-09	0	0.110050222072089
205	164	2015	7.5e-09	1e-07	0.0895289257094225
205	164	2015	7.5e-09	2.5e-07	0
205	164	2015	7.5e-09	5e-07	-0.0096373136164353
205	164	2015	7.5e-09	1e-06	0.0189174230135891
205	164	2015	7.5e-09	2e-06	0.0200545905547387
205	164	2015	7.5e-09	4e-06	0.0566826537262238
205	164	2015	7.5e-09	6e-06	0.0556355131298974
205	164	2015	7.5e-09	1e-05	0
205	164	2015	7.5e-09	1.4e-05	-0.0187495404726543
205	164	2015	1e-08	0	-0.00288210604615312
205	164	2015	1e-08	1e-07	0.00998729010303119
205	164	2015	1e-08	2.5e-07	0.0209434329121892
205	164	2015	1e-08	5e-07	0.016707635782701
205	164	2015	1e-08	1e-06	0
205	164	2015	1e-08	2e-06	-0.0112734171075006
205	164	2015	1e-08	4e-06	-0.0078416780487086
205	164	2015	1e-08	6e-06	-0.000963536662116411
205	164	2015	1e-08	1e-05	-0.00617218072334525
205	164	2015	1e-08	1.4e-05	-0.00118767490892877
21	164	2015	0	0	0
21	164	2015	0	1e-07	0
21	164	2015	0	2.5e-07	0
21	164	2015	0	5e-07	0
21	164	2015	0	1e-06	0
21	164	2015	0	2e-06	0
21	164	2015	0	4e-06	0
21	164	2015	0	6e-06	-0.0124195664222181
21	164	2015	0	1e-05	0.00824509795393524
21	164	2015	0	1.4e-05	0.00646703395654626
21	164	2015	1e-09	0	-0.0065875426314247
21	164	2015	1e-09	1e-07	0.0225115322356719
21	164	2015	1e-09	2.5e-07	0
21	164	2015	1e-09	5e-07	-0.0272900537357799
21	164	2015	1e-09	1e-06	0.0375146331966448
21	164	2015	1e-09	2e-06	0.00948519896509637
21	164	2015	1e-09	4e-06	0.0211191327588861
21	164	2015	1e-09	6e-06	0.0249622366801951
21	164	2015	1e-09	1e-05	0
21	164	2015	1e-09	1.4e-05	-0.0384416795690942
21	164	2015	2.5e-09	0	-0.00646971143478808
21	164	2015	2.5e-09	1e-07	0.00822844046811966
21	164	2015	2.5e-09	2.5e-07	-0.00474338552621447
21	164	2015	2.5e-09	5e-07	-0.0352760584906545
21	164	2015	2.5e-09	1e-06	0
21	164	2015	2.5e-09	2e-06	0.0028950974653992
21	164	2015	2.5e-09	4e-06	0.00941244136506555
21	164	2015	2.5e-09	6e-06	-0.0577710452614141
21	164	2015	2.5e-09	1e-05	-0.0909746559666081
21	164	2015	2.5e-09	1.4e-05	-0.131830592640689
21	164	2015	5e-09	0	0
21	164	2015	5e-09	1e-07	-0.0612015580773917
21	164	2015	5e-09	2.5e-07	-0.149795244262482
21	164	2015	5e-09	5e-07	-0.312451108175362
21	164	2015	5e-09	1e-06	-0.333064693187269
21	164	2015	5e-09	2e-06	-0.391454119191233
21	164	2015	5e-09	4e-06	0
21	164	2015	5e-09	6e-06	-0.436786413507759
21	164	2015	5e-09	1e-05	-0.473528505467661
21	164	2015	5e-09	1.4e-05	-0.516660607400941
21	164	2015	7.5e-09	0	-0.534674844334358
21	164	2015	7.5e-09	1e-07	-0.541567800267913
21	164	2015	7.5e-09	2.5e-07	0
21	164	2015	7.5e-09	5e-07	-0.496428251339285
21	164	2015	7.5e-09	1e-06	-0.521827784328802
21	164	2015	7.5e-09	2e-06	-0.558651525311349
21	164	2015	7.5e-09	4e-06	-0.569024167293919
21	164	2015	7.5e-09	6e-06	-0.563958987276514
21	164	2015	7.5e-09	1e-05	0
21	164	2015	7.5e-09	1.4e-05	-0.520316218757093
21	164	2015	1e-08	0	-0.538828848755159
21	164	2015	1e-08	1e-07	-0.545905821751938
21	164	2015	1e-08	2.5e-07	-0.56215415374872
21	164	2015	1e-08	5e-07	-0.556285641745504
21	164	2015	1e-08	1e-06	0
21	164	2015	1e-08	2e-06	-0.529090129740644
21	164	2015	1e-08	4e-06	-0.531129584740009
21	164	2015	1e-08	6e-06	-0.550626651738951
21	164	2015	1e-08	1e-05	-0.547976053737894
21	164	2015	1e-08	1.4e-05	-0.549472783736837
195	164	2015	0	0	0
195	164	2015	0	1e-07	0
195	164	2015	0	2.5e-07	0
195	164	2015	0	5e-07	0
195	164	2015	0	1e-06	0
195	164	2015	0	2e-06	0
195	164	2015	0	4e-06	0
195	164	2015	0	6e-06	-0.0318959831607508
195	164	2015	0	1e-05	0.0305046759214648
195	164	2015	0	1.4e-05	0.116247524247987
195	164	2015	1e-09	0	0.162106846907055
195	164	2015	1e-09	1e-07	0.0143791461296488
195	164	2015	1e-09	2.5e-07	0
195	164	2015	1e-09	5e-07	-0.0121341674985887
195	164	2015	1e-09	1e-06	0.0334878653603776
195	164	2015	1e-09	2e-06	0.207307768841484
195	164	2015	1e-09	4e-06	0.0924015216527442
195	164	2015	1e-09	6e-06	0.0268099864540654
195	164	2015	1e-09	1e-05	0
195	164	2015	1e-09	1.4e-05	0.0351431171089119
195	164	2015	2.5e-09	0	0.0774584244287247
195	164	2015	2.5e-09	1e-07	0.233840765529724
195	164	2015	2.5e-09	2.5e-07	0.0691073160853713
195	164	2015	2.5e-09	5e-07	-0.0142743681789576
195	164	2015	2.5e-09	1e-06	0
195	164	2015	2.5e-09	2e-06	0.0587730183693256
195	164	2015	2.5e-09	4e-06	0.186776854633237
195	164	2015	2.5e-09	6e-06	0.094143156669701
195	164	2015	2.5e-09	1e-05	-0.0380935438124929
195	164	2015	2.5e-09	1.4e-05	-0.0941250406214144
195	164	2015	5e-09	0	0
195	164	2015	5e-09	1e-07	0.0624667293271401
195	164	2015	5e-09	2.5e-07	0.0111730710392031
195	164	2015	5e-09	5e-07	-0.0814980015118127
195	164	2015	5e-09	1e-06	-0.542801190612419
195	164	2015	5e-09	2e-06	-0.564841646850589
195	164	2015	5e-09	4e-06	0
195	164	2015	5e-09	6e-06	-0.154566509614904
195	164	2015	5e-09	1e-05	-0.164332153614904
195	164	2015	5e-09	1.4e-05	-0.208613821614904
195	164	2015	7.5e-09	0	-0.223007815614904
195	164	2015	7.5e-09	1e-07	-0.227491656614904
195	164	2015	7.5e-09	2.5e-07	0
195	164	2015	7.5e-09	5e-07	-0.215254743614904
195	164	2015	7.5e-09	1e-06	-0.212542410614904
195	164	2015	7.5e-09	2e-06	-0.217616043614904
195	164	2015	7.5e-09	4e-06	-0.240300572614904
195	164	2015	7.5e-09	6e-06	-0.236086296614904
195	164	2015	7.5e-09	1e-05	0
195	164	2015	7.5e-09	1.4e-05	-0.238896650614904
195	164	2015	1e-08	0	-0.236264232614904
195	164	2015	1e-08	1e-07	-0.228990846614904
195	164	2015	1e-08	2.5e-07	-0.235928894614904
195	164	2015	1e-08	5e-07	-0.252396217614904
195	164	2015	1e-08	1e-06	0
195	164	2015	1e-08	2e-06	-0.242104990614904
195	164	2015	1e-08	4e-06	-0.243451919614904
195	164	2015	1e-08	6e-06	-0.244941374614904
195	164	2015	1e-08	1e-05	-0.244859416614904
195	164	2015	1e-08	1.4e-05	-0.237462172614904
206	164	2015	0	0	0
206	164	2015	0	1e-07	0
206	164	2015	0	2.5e-07	0
206	164	2015	0	5e-07	0
206	164	2015	0	1e-06	0
206	164	2015	0	2e-06	0
206	164	2015	0	4e-06	0
206	164	2015	0	6e-06	0.0226315460623596
206	164	2015	0	1e-05	0.00770283206374955
206	164	2015	0	1.4e-05	0.0310517513215071
206	164	2015	1e-09	0	0.0177267616413043
206	164	2015	1e-09	1e-07	0.00339206090831283
206	164	2015	1e-09	2.5e-07	0
206	164	2015	1e-09	5e-07	0.019061758683342
206	164	2015	1e-09	1e-06	-0.00943768608982268
206	164	2015	1e-09	2e-06	0.00806968918448178
206	164	2015	1e-09	4e-06	0.0459724182986386
206	164	2015	1e-09	6e-06	0.0222683652068726
206	164	2015	1e-09	1e-05	0
206	164	2015	1e-09	1.4e-05	0.039241689568601
206	164	2015	2.5e-09	0	-0.00311934672109729
206	164	2015	2.5e-09	1e-07	0.0706070879204404
206	164	2015	2.5e-09	2.5e-07	0.104651530073896
206	164	2015	2.5e-09	5e-07	0.0333268353492948
206	164	2015	2.5e-09	1e-06	0
206	164	2015	2.5e-09	2e-06	-0.00890705423797002
206	164	2015	2.5e-09	4e-06	0.00383339944516138
206	164	2015	2.5e-09	6e-06	0.121337060021677
206	164	2015	2.5e-09	1e-05	0.133599689847624
206	164	2015	2.5e-09	1.4e-05	0.0660795221604288
206	164	2015	5e-09	0	0
206	164	2015	5e-09	1e-07	0.0171301143138032
206	164	2015	5e-09	2.5e-07	0.109829210129635
206	164	2015	5e-09	5e-07	0.183801083139253
206	164	2015	5e-09	1e-06	0.0626068604215509
206	164	2015	5e-09	2e-06	0.0440335394510116
206	164	2015	5e-09	4e-06	0
206	164	2015	5e-09	6e-06	0.0832412446930984
206	164	2015	5e-09	1e-05	0.0756198409605238
206	164	2015	5e-09	1.4e-05	-0.0206698153503782
206	164	2015	7.5e-09	0	-0.035944160395544
206	164	2015	7.5e-09	1e-07	-0.356447761965279
206	164	2015	7.5e-09	2.5e-07	0
206	164	2015	7.5e-09	5e-07	-0.0758160405971729
206	164	2015	7.5e-09	1e-06	-0.0809602475971729
206	164	2015	7.5e-09	2e-06	-0.105801932597173
206	164	2015	7.5e-09	4e-06	-0.0830269175971729
206	164	2015	7.5e-09	6e-06	-0.0755298865971729
206	164	2015	7.5e-09	1e-05	0
206	164	2015	7.5e-09	1.4e-05	-0.156765083597173
206	164	2015	1e-08	0	-0.150430580597173
206	164	2015	1e-08	1e-07	-0.133732137597173
206	164	2015	1e-08	2.5e-07	-0.103720703597173
206	164	2015	1e-08	5e-07	-0.0933557375971728
206	164	2015	1e-08	1e-06	0
206	164	2015	1e-08	2e-06	-0.135371890597173
206	164	2015	1e-08	4e-06	-0.130869402597173
206	164	2015	1e-08	6e-06	-0.116257541597173
206	164	2015	1e-08	1e-05	-0.108204323597173
206	164	2015	1e-08	1.4e-05	-0.0894381995971728
25	164	2015	0	0	0
25	164	2015	0	1e-07	0
25	164	2015	0	2.5e-07	0
25	164	2015	0	5e-07	0
25	164	2015	0	1e-06	0
25	164	2015	0	2e-06	0
25	164	2015	0	4e-06	0
25	164	2015	0	6e-06	-0.0278560672122292
25	164	2015	0	1e-05	-0.0138921632423462
25	164	2015	0	1.4e-05	-0.0108200963828239
25	164	2015	1e-09	0	0.149904350389336
25	164	2015	1e-09	1e-07	-0.106717437357811
25	164	2015	1e-09	2.5e-07	0
25	164	2015	1e-09	5e-07	-0.00407060696629159
25	164	2015	1e-09	1e-06	-0.0240441654956719
25	164	2015	1e-09	2e-06	-0.0102552694647007
25	164	2015	1e-09	4e-06	0.150670239803142
25	164	2015	1e-09	6e-06	-0.527766812610203
25	164	2015	1e-09	1e-05	0
25	164	2015	1e-09	1.4e-05	-0.0168870068522014
25	164	2015	2.5e-09	0	-0.0330208531301157
25	164	2015	2.5e-09	1e-07	-1.55674760124214e-05
25	164	2015	2.5e-09	2.5e-07	0.127739305295468
25	164	2015	2.5e-09	5e-07	-0.701989119339119
25	164	2015	2.5e-09	1e-06	0
25	164	2015	2.5e-09	2e-06	-0.0388353046663821
25	164	2015	2.5e-09	4e-06	-0.0279343766683729
25	164	2015	2.5e-09	6e-06	0.07568058873146
25	164	2015	2.5e-09	1e-05	-0.386134208739276
25	164	2015	2.5e-09	1.4e-05	-0.867351712678346
25	164	2015	5e-09	0	0
25	164	2015	5e-09	1e-07	0.0256608489640122
25	164	2015	5e-09	2.5e-07	0.070907984076031
25	164	2015	5e-09	5e-07	0.0505856839672487
25	164	2015	5e-09	1e-06	-0.701992460832897
25	164	2015	5e-09	2e-06	-0.841337170629336
25	164	2015	5e-09	4e-06	0
25	164	2015	5e-09	6e-06	-0.0297651636308406
25	164	2015	5e-09	1e-05	-0.27489543041861
25	164	2015	5e-09	1.4e-05	-0.523477296446937
25	164	2015	7.5e-09	0	-0.644643037364546
25	164	2015	7.5e-09	1e-07	-0.649623866549831
25	164	2015	7.5e-09	2.5e-07	0
25	164	2015	7.5e-09	5e-07	-0.260266374084492
25	164	2015	7.5e-09	1e-06	-0.474385429084492
25	164	2015	7.5e-09	2e-06	-0.594983076084492
25	164	2015	7.5e-09	4e-06	-0.611604716084492
25	164	2015	7.5e-09	6e-06	-0.611957759084492
25	164	2015	7.5e-09	1e-05	0
25	164	2015	7.5e-09	1.4e-05	-0.501684540084492
25	164	2015	1e-08	0	-0.583831063084492
25	164	2015	1e-08	1e-07	-0.601243648084492
25	164	2015	1e-08	2.5e-07	-0.608736582084492
25	164	2015	1e-08	5e-07	-0.606728541084492
25	164	2015	1e-08	1e-06	0
25	164	2015	1e-08	2e-06	-0.574658839084492
25	164	2015	1e-08	4e-06	-0.597318805084492
25	164	2015	1e-08	6e-06	-0.604085110084492
25	164	2015	1e-08	1e-05	-0.600207861084492
25	164	2015	1e-08	1.4e-05	-0.598580243084492
26	164	2015	0	0	0
26	164	2015	0	1e-07	0
26	164	2015	0	2.5e-07	0
26	164	2015	0	5e-07	0
26	164	2015	0	1e-06	0
26	164	2015	0	2e-06	0
26	164	2015	0	4e-06	0
26	164	2015	0	6e-06	-0.0118125862634722
26	164	2015	0	1e-05	0.0258853014876128
26	164	2015	0	1.4e-05	-0.0161792544239927
26	164	2015	1e-09	0	-0.00171829237933703
26	164	2015	1e-09	1e-07	-0.00471410313592761
26	164	2015	1e-09	2.5e-07	0
26	164	2015	1e-09	5e-07	0.000955146495654304
26	164	2015	1e-09	1e-06	0.10178145047065
26	164	2015	1e-09	2e-06	-0.00172378878008406
26	164	2015	1e-09	4e-06	0.0013597162360064
26	164	2015	1e-09	6e-06	0.000747590309770914
26	164	2015	1e-09	1e-05	0
26	164	2015	1e-09	1.4e-05	0.0410751573464128
26	164	2015	2.5e-09	0	0.0280381977902906
26	164	2015	2.5e-09	1e-07	-0.0356497497678092
26	164	2015	2.5e-09	2.5e-07	-0.00485350004980615
26	164	2015	2.5e-09	5e-07	-0.0062355544237203
26	164	2015	2.5e-09	1e-06	0
26	164	2015	2.5e-09	2e-06	0.0313364988584762
26	164	2015	2.5e-09	4e-06	-0.110040663118139
26	164	2015	2.5e-09	6e-06	-0.0293901867865366
26	164	2015	2.5e-09	1e-05	-0.0106866131377301
26	164	2015	2.5e-09	1.4e-05	-0.00972855986787646
26	164	2015	5e-09	0	0
26	164	2015	5e-09	1e-07	-0.0625317413851712
26	164	2015	5e-09	2.5e-07	-0.17419971001527
26	164	2015	5e-09	5e-07	-0.0340831456490488
26	164	2015	5e-09	1e-06	-0.00819603309504191
26	164	2015	5e-09	2e-06	-0.0153179574699913
26	164	2015	5e-09	4e-06	0
26	164	2015	5e-09	6e-06	-0.142924969422705
26	164	2015	5e-09	1e-05	-0.0968315212648804
26	164	2015	5e-09	1.4e-05	-0.0240537915575806
26	164	2015	7.5e-09	0	-0.0147056021799329
26	164	2015	7.5e-09	1e-07	-0.0156294398637269
26	164	2015	7.5e-09	2.5e-07	0
26	164	2015	7.5e-09	5e-07	-0.101762833291494
26	164	2015	7.5e-09	1e-06	-0.0570818871811788
26	164	2015	7.5e-09	2e-06	-0.0248046530479257
26	164	2015	7.5e-09	4e-06	-0.0183689282209774
26	164	2015	7.5e-09	6e-06	-0.0184579930414488
26	164	2015	7.5e-09	1e-05	0
26	164	2015	7.5e-09	1.4e-05	-0.0436636340832426
26	164	2015	1e-08	0	-0.0284111307924893
26	164	2015	1e-08	1e-07	-0.0157165895803055
26	164	2015	1e-08	2.5e-07	-0.0194161747837988
26	164	2015	1e-08	5e-07	-0.0195612920851768
26	164	2015	1e-08	1e-06	0
26	164	2015	1e-08	2e-06	-0.0186774227123435
26	164	2015	1e-08	4e-06	-0.0201771652787044
26	164	2015	1e-08	6e-06	-0.0349809644222904
26	164	2015	1e-08	1e-05	-0.0346760599632997
26	164	2015	1e-08	1.4e-05	-0.0343693820121626
6	164	2015	0	0	0
6	164	2015	0	1e-07	0
6	164	2015	0	2.5e-07	0
6	164	2015	0	5e-07	0
6	164	2015	0	1e-06	0
6	164	2015	0	2e-06	0
6	164	2015	0	4e-06	0
6	164	2015	0	6e-06	0.0325608799185339
6	164	2015	0	1e-05	0.0226365556365107
6	164	2015	0	1.4e-05	-0.0328609243894312
6	164	2015	1e-09	0	-0.0301641339795746
6	164	2015	1e-09	1e-07	0.00727019398928675
6	164	2015	1e-09	2.5e-07	0
6	164	2015	1e-09	5e-07	0.01710016959339
6	164	2015	1e-09	1e-06	0.0614169214062657
6	164	2015	1e-09	2e-06	-0.0729119257489674
6	164	2015	1e-09	4e-06	-0.0477573199265019
6	164	2015	1e-09	6e-06	-0.0130586834829311
6	164	2015	1e-09	1e-05	0
6	164	2015	1e-09	1.4e-05	0.00188159826502286
6	164	2015	2.5e-09	0	0.0512813727192672
6	164	2015	2.5e-09	1e-07	-0.0754200052232596
6	164	2015	2.5e-09	2.5e-07	-0.0445790898917214
6	164	2015	2.5e-09	5e-07	0.0107587987034879
6	164	2015	2.5e-09	1e-06	0
6	164	2015	2.5e-09	2e-06	0.0251119020724596
6	164	2015	2.5e-09	4e-06	-0.0473686631932169
6	164	2015	2.5e-09	6e-06	-0.0667701214327256
6	164	2015	2.5e-09	1e-05	-0.0271742778669553
6	164	2015	2.5e-09	1.4e-05	-0.0221856591502846
6	164	2015	5e-09	0	0
6	164	2015	5e-09	1e-07	0.0152430335268966
6	164	2015	5e-09	2.5e-07	-0.0849653539383566
6	164	2015	5e-09	5e-07	-0.0228839535017975
6	164	2015	5e-09	1e-06	-0.0185748192317182
6	164	2015	5e-09	2e-06	-0.0071440623783279
6	164	2015	5e-09	4e-06	0
6	164	2015	5e-09	6e-06	-0.0328215510723957
6	164	2015	5e-09	1e-05	-0.0226957315916782
6	164	2015	5e-09	1.4e-05	-0.0202977493865936
6	164	2015	7.5e-09	0	0.0143857411649873
6	164	2015	7.5e-09	1e-07	0.0101251624489786
6	164	2015	7.5e-09	2.5e-07	0
6	164	2015	7.5e-09	5e-07	-0.0420071970409735
6	164	2015	7.5e-09	1e-06	-0.0225114942273234
6	164	2015	7.5e-09	2e-06	-0.00858892463770267
6	164	2015	7.5e-09	4e-06	0.00957382331897229
6	164	2015	7.5e-09	6e-06	-0.0217227764888319
6	164	2015	7.5e-09	1e-05	0
6	164	2015	7.5e-09	1.4e-05	0.00365916603902825
6	164	2015	1e-08	0	0.00482076736051319
6	164	2015	1e-08	1e-07	-0.00100516702001705
6	164	2015	1e-08	2.5e-07	0.0196694047876316
6	164	2015	1e-08	5e-07	0.0140548537752313
6	164	2015	1e-08	1e-06	0
6	164	2015	1e-08	2e-06	-0.00784619956560306
6	164	2015	1e-08	4e-06	-0.0105243957359343
6	164	2015	1e-08	6e-06	-0.0241513638772331
6	164	2015	1e-08	1e-05	-0.00489172555922835
6	164	2015	1e-08	1.4e-05	0.0207272295347819
207	164	2015	0	0	0
207	164	2015	0	1e-07	0
207	164	2015	0	2.5e-07	0
207	164	2015	0	5e-07	0
207	164	2015	0	1e-06	0
207	164	2015	0	2e-06	0
207	164	2015	0	4e-06	0
207	164	2015	0	6e-06	0.0348839782118067
207	164	2015	0	1e-05	0.0297854482742228
207	164	2015	0	1.4e-05	0.0542530513049483
207	164	2015	1e-09	0	0.155550370678541
207	164	2015	1e-09	1e-07	0.0237044924310613
207	164	2015	1e-09	2.5e-07	0
207	164	2015	1e-09	5e-07	0.0637898935214245
207	164	2015	1e-09	1e-06	-0.0269458240743255
207	164	2015	1e-09	2e-06	0.0489022066772101
207	164	2015	1e-09	4e-06	0.102284366533816
207	164	2015	1e-09	6e-06	0.0225082838477895
207	164	2015	1e-09	1e-05	0
207	164	2015	1e-09	1.4e-05	0.0497511765763387
207	164	2015	2.5e-09	0	-0.0341461490578162
207	164	2015	2.5e-09	1e-07	0.0866513135010005
207	164	2015	2.5e-09	2.5e-07	0.139754552476575
207	164	2015	2.5e-09	5e-07	0.0225954801565943
207	164	2015	2.5e-09	1e-06	0
207	164	2015	2.5e-09	2e-06	-0.00163454329976105
207	164	2015	2.5e-09	4e-06	0.00784027912828606
207	164	2015	2.5e-09	6e-06	0.153386712158938
207	164	2015	2.5e-09	1e-05	0.0520247483922781
207	164	2015	2.5e-09	1.4e-05	0.0242972698051214
207	164	2015	5e-09	0	0
207	164	2015	5e-09	1e-07	0.0106877958170008
207	164	2015	5e-09	2.5e-07	0.0624743540423947
207	164	2015	5e-09	5e-07	-0.0230289314355784
207	164	2015	5e-09	1e-06	-0.0215775840721848
207	164	2015	5e-09	2e-06	0.0193089142681321
207	164	2015	5e-09	4e-06	0
207	164	2015	5e-09	6e-06	0.135428183170034
207	164	2015	5e-09	1e-05	0.0376627714512828
207	164	2015	5e-09	1.4e-05	-0.0477405364544057
207	164	2015	7.5e-09	0	0.00605340382014894
207	164	2015	7.5e-09	1e-07	0.0220837625843174
207	164	2015	7.5e-09	2.5e-07	0
207	164	2015	7.5e-09	5e-07	0.0144721895646735
207	164	2015	7.5e-09	1e-06	-0.0417632542619194
207	164	2015	7.5e-09	2e-06	-0.013005915353837
207	164	2015	7.5e-09	4e-06	0.0130809030807396
207	164	2015	7.5e-09	6e-06	0.0187112147536683
207	164	2015	7.5e-09	1e-05	0
207	164	2015	7.5e-09	1.4e-05	-0.0143452017311789
207	164	2015	1e-08	0	-0.0233555923604761
207	164	2015	1e-08	1e-07	0.00269058484447525
207	164	2015	1e-08	2.5e-07	0.0173591949365436
207	164	2015	1e-08	5e-07	0.0287877704113395
207	164	2015	1e-08	1e-06	0
207	164	2015	1e-08	2e-06	0.0173103280876336
207	164	2015	1e-08	4e-06	0.0161092985571323
207	164	2015	1e-08	6e-06	0.00785659740672157
207	164	2015	1e-08	1e-05	0.0257998728969588
207	164	2015	1e-08	1.4e-05	0.0380955022075187
9	164	2015	0	0	0
9	164	2015	0	1e-07	0
9	164	2015	0	2.5e-07	0
9	164	2015	0	5e-07	0
9	164	2015	0	1e-06	0
9	164	2015	0	2e-06	0
9	164	2015	0	4e-06	0
9	164	2015	0	6e-06	0.0261484855353731
9	164	2015	0	1e-05	-0.00517008494570206
9	164	2015	0	1.4e-05	0.0205921246998108
9	164	2015	1e-09	0	0.0263839558898218
9	164	2015	1e-09	1e-07	0.00796084718966668
9	164	2015	1e-09	2.5e-07	0
9	164	2015	1e-09	5e-07	-0.00140971345858929
9	164	2015	1e-09	1e-06	-0.0433219929796962
9	164	2015	1e-09	2e-06	-0.0144306316880312
9	164	2015	1e-09	4e-06	0.0286384298263831
9	164	2015	1e-09	6e-06	0.0073302484777706
9	164	2015	1e-09	1e-05	0
9	164	2015	1e-09	1.4e-05	0.0134641710272071
9	164	2015	2.5e-09	0	-0.0553076158119903
9	164	2015	2.5e-09	1e-07	0.0254854994966888
9	164	2015	2.5e-09	2.5e-07	0.0333663027833747
9	164	2015	2.5e-09	5e-07	0.00711659160384265
9	164	2015	2.5e-09	1e-06	0
9	164	2015	2.5e-09	2e-06	0.0199029715191138
9	164	2015	2.5e-09	4e-06	0.0354760066692626
9	164	2015	2.5e-09	6e-06	0.0634714607015552
9	164	2015	2.5e-09	1e-05	0.0182537977980152
9	164	2015	2.5e-09	1.4e-05	0.00808384605233243
9	164	2015	5e-09	0	0
9	164	2015	5e-09	1e-07	0.0825296647677513
9	164	2015	5e-09	2.5e-07	0.141134122118801
9	164	2015	5e-09	5e-07	0.0835178488725376
9	164	2015	5e-09	1e-06	-0.284908768072523
9	164	2015	5e-09	2e-06	0.0105379125663114
9	164	2015	5e-09	4e-06	0
9	164	2015	5e-09	6e-06	-0.0319811399551259
9	164	2015	5e-09	1e-05	-0.0320232291769698
9	164	2015	5e-09	1.4e-05	-0.0336530768824225
9	164	2015	7.5e-09	0	-0.0145649169379504
9	164	2015	7.5e-09	1e-07	-0.0371309200703731
9	164	2015	7.5e-09	2.5e-07	0
9	164	2015	7.5e-09	5e-07	-0.140476129167463
9	164	2015	7.5e-09	1e-06	-0.098265467167463
9	164	2015	7.5e-09	2e-06	-0.0749076401674631
9	164	2015	7.5e-09	4e-06	-0.00582634616746304
9	164	2015	7.5e-09	6e-06	-0.0771965911674631
9	164	2015	7.5e-09	1e-05	0
9	164	2015	7.5e-09	1.4e-05	-0.182239790167463
9	164	2015	1e-08	0	-0.147489223167463
9	164	2015	1e-08	1e-07	-0.151161848167463
9	164	2015	1e-08	2.5e-07	-0.118947917167463
9	164	2015	1e-08	5e-07	-0.111872528167463
9	164	2015	1e-08	1e-06	0
9	164	2015	1e-08	2e-06	-0.224206649167463
9	164	2015	1e-08	4e-06	-0.158784196167463
9	164	2015	1e-08	6e-06	-0.124016001167463
9	164	2015	1e-08	1e-05	-0.128266982167463
9	164	2015	1e-08	1.4e-05	-0.091138931167463
208	164	2015	0	0	0
208	164	2015	0	1e-07	0
208	164	2015	0	2.5e-07	0
208	164	2015	0	5e-07	0
208	164	2015	0	1e-06	0
208	164	2015	0	2e-06	0
208	164	2015	0	4e-06	0
208	164	2015	0	6e-06	0.021487719967255
208	164	2015	0	1e-05	0.0631805977683865
208	164	2015	0	1.4e-05	0.0460763427905599
208	164	2015	1e-09	0	0.00265702508423715
208	164	2015	1e-09	1e-07	-0.0045996200927614
208	164	2015	1e-09	2.5e-07	0
208	164	2015	1e-09	5e-07	0.0309810988364741
208	164	2015	1e-09	1e-06	0.00511652364622492
208	164	2015	1e-09	2e-06	0.0284943843615346
208	164	2015	1e-09	4e-06	-0.000154033696133666
208	164	2015	1e-09	6e-06	-0.0373308608574126
208	164	2015	1e-09	1e-05	0
208	164	2015	1e-09	1.4e-05	0.0120721003474851
208	164	2015	2.5e-09	0	0.0280456687390286
208	164	2015	2.5e-09	1e-07	0.0086791732841148
208	164	2015	2.5e-09	2.5e-07	-0.0110943226482357
208	164	2015	2.5e-09	5e-07	-0.01045809680518
208	164	2015	2.5e-09	1e-06	0
208	164	2015	2.5e-09	2e-06	0.0310382069150204
208	164	2015	2.5e-09	4e-06	-0.00764261134257865
208	164	2015	2.5e-09	6e-06	-0.0278482525523442
208	164	2015	2.5e-09	1e-05	-0.0285056557349281
208	164	2015	2.5e-09	1.4e-05	0.00357341397372416
208	164	2015	5e-09	0	0
208	164	2015	5e-09	1e-07	-0.0239655106660386
208	164	2015	5e-09	2.5e-07	-0.0608325489808186
208	164	2015	5e-09	5e-07	-0.0885553977646196
208	164	2015	5e-09	1e-06	-0.057328621981986
208	164	2015	5e-09	2e-06	-0.0104416918619368
208	164	2015	5e-09	4e-06	0
208	164	2015	5e-09	6e-06	-0.0157783868360817
208	164	2015	5e-09	1e-05	-0.0514120128368374
208	164	2015	5e-09	1.4e-05	-0.0204211511206704
208	164	2015	7.5e-09	0	0.00478072234127737
208	164	2015	7.5e-09	1e-07	-0.00133392508768061
208	164	2015	7.5e-09	2.5e-07	0
208	164	2015	7.5e-09	5e-07	-0.0169841688625191
208	164	2015	7.5e-09	1e-06	-0.052030025833545
208	164	2015	7.5e-09	2e-06	-0.057125726921324
208	164	2015	7.5e-09	4e-06	-0.0424725898057522
208	164	2015	7.5e-09	6e-06	-0.0244119769475905
208	164	2015	7.5e-09	1e-05	0
208	164	2015	7.5e-09	1.4e-05	-0.0145888098638819
208	164	2015	1e-08	0	-0.033138793170293
208	164	2015	1e-08	1e-07	-0.0278632312568889
208	164	2015	1e-08	2.5e-07	-0.0263208795666987
208	164	2015	1e-08	5e-07	-0.0222496756310365
208	164	2015	1e-08	1e-06	0
208	164	2015	1e-08	2e-06	-0.0193656870709067
208	164	2015	1e-08	4e-06	-0.0692891190695942
208	164	2015	1e-08	6e-06	-0.0405331520674078
208	164	2015	1e-08	1e-05	-0.0586432820652225
208	164	2015	1e-08	1.4e-05	-0.0349413280630386
40	164	2015	0	0	0
40	164	2015	0	1e-07	0
40	164	2015	0	2.5e-07	0
40	164	2015	0	5e-07	0
40	164	2015	0	1e-06	0
40	164	2015	0	2e-06	0
40	164	2015	0	4e-06	0
40	164	2015	0	6e-06	0.0334522753735568
40	164	2015	0	1e-05	-0.0143079951457011
40	164	2015	0	1.4e-05	0.0273240591904837
40	164	2015	1e-09	0	-0.00851270116539197
40	164	2015	1e-09	1e-07	0.0345913795962994
40	164	2015	1e-09	2.5e-07	0
40	164	2015	1e-09	5e-07	0.0241560147611358
40	164	2015	1e-09	1e-06	-0.0524948201582224
40	164	2015	1e-09	2e-06	-0.0364586495227679
40	164	2015	1e-09	4e-06	-0.0311867861883803
40	164	2015	1e-09	6e-06	0.0294956075430927
40	164	2015	1e-09	1e-05	0
40	164	2015	1e-09	1.4e-05	-0.00797494743520858
40	164	2015	2.5e-09	0	-0.0767296312349049
40	164	2015	2.5e-09	1e-07	-0.121428231409216
40	164	2015	2.5e-09	2.5e-07	-0.0422760858755964
40	164	2015	2.5e-09	5e-07	0.0160044173845335
40	164	2015	2.5e-09	1e-06	0
40	164	2015	2.5e-09	2e-06	-0.0143513666187125
40	164	2015	2.5e-09	4e-06	-0.11055174480363
40	164	2015	2.5e-09	6e-06	-0.153500159875728
40	164	2015	2.5e-09	1e-05	-0.0296368527985494
40	164	2015	2.5e-09	1.4e-05	0.0171377560443145
40	164	2015	5e-09	0	0
40	164	2015	5e-09	1e-07	-0.0271019656756759
40	164	2015	5e-09	2.5e-07	-0.138391832583201
40	164	2015	5e-09	5e-07	-0.116939213517169
40	164	2015	5e-09	1e-06	-0.0179016158767396
40	164	2015	5e-09	2e-06	0.0295803020492397
40	164	2015	5e-09	4e-06	0
40	164	2015	5e-09	6e-06	-0.0288206628867438
40	164	2015	5e-09	1e-05	-0.190010391736489
40	164	2015	5e-09	1.4e-05	-0.06584822905058
40	164	2015	7.5e-09	0	0.00734625884508752
40	164	2015	7.5e-09	1e-07	0.0268586119514628
40	164	2015	7.5e-09	2.5e-07	0
40	164	2015	7.5e-09	5e-07	-0.103314589363156
40	164	2015	7.5e-09	1e-06	-0.122332138510286
40	164	2015	7.5e-09	2e-06	-0.0469901810718568
40	164	2015	7.5e-09	4e-06	0.0343040040629699
40	164	2015	7.5e-09	6e-06	0.0354061529151197
40	164	2015	7.5e-09	1e-05	0
40	164	2015	7.5e-09	1.4e-05	-0.011125484109053
40	164	2015	1e-08	0	-0.0137486687511898
40	164	2015	1e-08	1e-07	0.0308688687547288
40	164	2015	1e-08	2.5e-07	0.0229601173544623
40	164	2015	1e-08	5e-07	0.0326491086585484
40	164	2015	1e-08	1e-06	0
40	164	2015	1e-08	2e-06	0.0124324561003802
40	164	2015	1e-08	4e-06	0.0284271470643228
40	164	2015	1e-08	6e-06	0.0352081418443185
40	164	2015	1e-08	1e-05	0.0555126067999669
40	164	2015	1e-08	1.4e-05	0.0398842984137719
209	164	2015	0	0	0
209	164	2015	0	1e-07	0
209	164	2015	0	2.5e-07	0
209	164	2015	0	5e-07	0
209	164	2015	0	1e-06	0
209	164	2015	0	2e-06	0
209	164	2015	0	4e-06	0
209	164	2015	0	6e-06	0.0183280968028343
209	164	2015	0	1e-05	0.0687287415485045
209	164	2015	0	1.4e-05	0.0665370139546787
209	164	2015	1e-09	0	-0.0109713772241934
209	164	2015	1e-09	1e-07	-0.804728640743233
209	164	2015	1e-09	2.5e-07	0
209	164	2015	1e-09	5e-07	-0.00472342557631393
209	164	2015	1e-09	1e-06	0.0288967746730675
209	164	2015	1e-09	2e-06	0.0267244011813585
209	164	2015	1e-09	4e-06	-0.000236879599113564
209	164	2015	1e-09	6e-06	-0.792026028558896
209	164	2015	1e-09	1e-05	0
209	164	2015	1e-09	1.4e-05	-0.00345699907225679
209	164	2015	2.5e-09	0	0.0265818178115421
209	164	2015	2.5e-09	1e-07	-0.0333101079600301
209	164	2015	2.5e-09	2.5e-07	-0.0133365575164584
209	164	2015	2.5e-09	5e-07	-0.786943211784083
209	164	2015	2.5e-09	1e-06	0
209	164	2015	2.5e-09	2e-06	-0.0484035174561546
209	164	2015	2.5e-09	4e-06	-0.0826405721872228
209	164	2015	2.5e-09	6e-06	-0.0571775443048355
209	164	2015	2.5e-09	1e-05	-0.0284034081955168
209	164	2015	2.5e-09	1.4e-05	-0.695918764719461
209	164	2015	5e-09	0	0
209	164	2015	5e-09	1e-07	-0.172328598870904
209	164	2015	5e-09	2.5e-07	-0.166814574404603
209	164	2015	5e-09	5e-07	-0.0916503208766268
209	164	2015	5e-09	1e-06	-0.0535296658383093
209	164	2015	5e-09	2e-06	-0.471938933008733
209	164	2015	5e-09	4e-06	0
209	164	2015	5e-09	6e-06	-0.174108060751319
209	164	2015	5e-09	1e-05	-0.130396970033177
209	164	2015	5e-09	1.4e-05	-0.0729109374555497
209	164	2015	7.5e-09	0	-0.0505984336396489
209	164	2015	7.5e-09	1e-07	-0.200648040385977
209	164	2015	7.5e-09	2.5e-07	0
209	164	2015	7.5e-09	5e-07	-0.13085834080387
209	164	2015	7.5e-09	1e-06	-0.0921031771151488
209	164	2015	7.5e-09	2e-06	-0.0661875322514592
209	164	2015	7.5e-09	4e-06	-0.0335768912796387
209	164	2015	7.5e-09	6e-06	-0.10956512793489
209	164	2015	7.5e-09	1e-05	0
209	164	2015	7.5e-09	1.4e-05	-0.088175088576484
209	164	2015	1e-08	0	-0.061604182373796
209	164	2015	1e-08	1e-07	-0.0492529259338117
209	164	2015	1e-08	2.5e-07	-0.028843070725274
209	164	2015	1e-08	5e-07	-0.037335332225647
209	164	2015	1e-08	1e-06	0
209	164	2015	1e-08	2e-06	-0.0608141237250582
209	164	2015	1e-08	4e-06	-0.0424270686042507
209	164	2015	1e-08	6e-06	-0.0321890137490092
209	164	2015	1e-08	1e-05	-0.0135270430380258
209	164	2015	1e-08	1.4e-05	-0.015634585290771
28	164	2015	0	0	0
28	164	2015	0	1e-07	0
28	164	2015	0	2.5e-07	0
28	164	2015	0	5e-07	0
28	164	2015	0	1e-06	0
28	164	2015	0	2e-06	0
28	164	2015	0	4e-06	0
28	164	2015	0	6e-06	0.0101522895034725
28	164	2015	0	1e-05	-0.0279046639157578
28	164	2015	0	1.4e-05	0.0198784036804319
28	164	2015	1e-09	0	-0.0218594721986677
28	164	2015	1e-09	1e-07	0.0316174928199203
28	164	2015	1e-09	2.5e-07	0
28	164	2015	1e-09	5e-07	0.0276772987664016
28	164	2015	1e-09	1e-06	-0.035818929983039
28	164	2015	1e-09	2e-06	-0.00310156451607895
28	164	2015	1e-09	4e-06	-0.0136263245014678
28	164	2015	1e-09	6e-06	0.0234521973300899
28	164	2015	1e-09	1e-05	0
28	164	2015	1e-09	1.4e-05	0.00547733889839392
28	164	2015	2.5e-09	0	-0.0176543731970664
28	164	2015	2.5e-09	1e-07	-0.0350751547964144
28	164	2015	2.5e-09	2.5e-07	0.0185945182948356
28	164	2015	2.5e-09	5e-07	0.0397583106487485
28	164	2015	2.5e-09	1e-06	0
28	164	2015	2.5e-09	2e-06	-0.0605731672999987
28	164	2015	2.5e-09	4e-06	-0.0517137753233624
28	164	2015	2.5e-09	6e-06	-0.0470154831934482
28	164	2015	2.5e-09	1e-05	-0.00314377241874833
28	164	2015	2.5e-09	1.4e-05	0.0281877649438061
28	164	2015	5e-09	0	0
28	164	2015	5e-09	1e-07	-0.0298954108702441
28	164	2015	5e-09	2.5e-07	0.00596532453161835
28	164	2015	5e-09	5e-07	-0.0179276757395732
28	164	2015	5e-09	1e-06	0.00978923209696914
28	164	2015	5e-09	2e-06	0.0228947838991121
28	164	2015	5e-09	4e-06	0
28	164	2015	5e-09	6e-06	-0.00302274899281652
28	164	2015	5e-09	1e-05	0.00367964155460601
28	164	2015	5e-09	1.4e-05	-0.00427464966215107
28	164	2015	7.5e-09	0	0.0216824840410243
28	164	2015	7.5e-09	1e-07	0.0142841321933323
28	164	2015	7.5e-09	2.5e-07	0
28	164	2015	7.5e-09	5e-07	0.00555760675178176
28	164	2015	7.5e-09	1e-06	-0.000932060829802737
28	164	2015	7.5e-09	2e-06	-0.00342257949535922
28	164	2015	7.5e-09	4e-06	0.00759035770361794
28	164	2015	7.5e-09	6e-06	0.0138940991182109
28	164	2015	7.5e-09	1e-05	0
28	164	2015	7.5e-09	1.4e-05	-0.00992664525400795
28	164	2015	1e-08	0	-0.00623340004701218
28	164	2015	1e-08	1e-07	0.000598204381759526
28	164	2015	1e-08	2.5e-07	0.00810568153473207
28	164	2015	1e-08	5e-07	0.00622714764898408
28	164	2015	1e-08	1e-06	0
28	164	2015	1e-08	2e-06	-0.00320806775613999
28	164	2015	1e-08	4e-06	0.00208339909834048
28	164	2015	1e-08	6e-06	0.0149396917481458
28	164	2015	1e-08	1e-05	0.0110075925851385
28	164	2015	1e-08	1.4e-05	0.0147755275446878
210	164	2015	0	0	0
210	164	2015	0	1e-07	0
210	164	2015	0	2.5e-07	0
210	164	2015	0	5e-07	0
210	164	2015	0	1e-06	0
210	164	2015	0	2e-06	0
210	164	2015	0	4e-06	0
210	164	2015	0	6e-06	0.0223681296234362
210	164	2015	0	1e-05	-0.017998336353135
210	164	2015	0	1.4e-05	0.0154356181647117
210	164	2015	1e-09	0	0.0231045452790281
210	164	2015	1e-09	1e-07	-0.0195572177837974
210	164	2015	1e-09	2.5e-07	0
210	164	2015	1e-09	5e-07	0.00540216576388516
210	164	2015	1e-09	1e-06	-0.0136412579862498
210	164	2015	1e-09	2e-06	0.0476022238951472
210	164	2015	1e-09	4e-06	-0.0389779540293829
210	164	2015	1e-09	6e-06	-0.0180210347172223
210	164	2015	1e-09	1e-05	0
210	164	2015	1e-09	1.4e-05	-0.0183315311505872
210	164	2015	2.5e-09	0	-0.0280873678769328
210	164	2015	2.5e-09	1e-07	0.00652729877123932
210	164	2015	2.5e-09	2.5e-07	-0.0236104982869486
210	164	2015	2.5e-09	5e-07	-0.0434264076885809
210	164	2015	2.5e-09	1e-06	0
210	164	2015	2.5e-09	2e-06	-0.0164509487306061
210	164	2015	2.5e-09	4e-06	-0.0236874014089133
210	164	2015	2.5e-09	6e-06	-0.0249918511084746
210	164	2015	2.5e-09	1e-05	-0.0482093598450176
210	164	2015	2.5e-09	1.4e-05	-0.0817442917024835
210	164	2015	5e-09	0	0
210	164	2015	5e-09	1e-07	-0.017322654704153
210	164	2015	5e-09	2.5e-07	-0.0275610386951863
210	164	2015	5e-09	5e-07	-0.0559357316802411
210	164	2015	5e-09	1e-06	-0.115751488665296
210	164	2015	5e-09	2e-06	-0.143067953650351
210	164	2015	5e-09	4e-06	0
210	164	2015	5e-09	6e-06	-0.25590364555071
210	164	2015	5e-09	1e-05	-0.280738267198683
210	164	2015	5e-09	1.4e-05	-0.305079027192783
210	164	2015	7.5e-09	0	-0.299413963744538
210	164	2015	7.5e-09	1e-07	-0.303167118851994
210	164	2015	7.5e-09	2.5e-07	0
210	164	2015	7.5e-09	5e-07	-0.3658147790528
210	164	2015	7.5e-09	1e-06	-0.392791740144158
210	164	2015	7.5e-09	2e-06	-0.377093433182276
210	164	2015	7.5e-09	4e-06	-0.364116112910544
210	164	2015	7.5e-09	6e-06	-0.361655335328383
210	164	2015	7.5e-09	1e-05	0
210	164	2015	7.5e-09	1.4e-05	-0.483474173569525
210	164	2015	1e-08	0	-0.459681193654845
210	164	2015	1e-08	1e-07	-0.441964179994893
210	164	2015	1e-08	2.5e-07	-0.443321488582143
210	164	2015	1e-08	5e-07	-0.439147560416472
210	164	2015	1e-08	1e-06	0
210	164	2015	1e-08	2e-06	-0.504068674111942
210	164	2015	1e-08	4e-06	-0.495402813494164
210	164	2015	1e-08	6e-06	-0.466264905898401
210	164	2015	1e-08	1e-05	-0.456600533428266
210	164	2015	1e-08	1.4e-05	-0.461358720083713
7	164	2015	0	0	0
7	164	2015	0	1e-07	0
7	164	2015	0	2.5e-07	0
7	164	2015	0	5e-07	0
7	164	2015	0	1e-06	0
7	164	2015	0	2e-06	0
7	164	2015	0	4e-06	0
7	164	2015	0	6e-06	0.0447272016628935
7	164	2015	0	1e-05	-0.0499003451719741
7	164	2015	0	1.4e-05	0.0639107884376737
7	164	2015	1e-09	0	-0.020883969258444
7	164	2015	1e-09	1e-07	-0.0366438496128386
7	164	2015	1e-09	2.5e-07	0
7	164	2015	1e-09	5e-07	-0.000852187893798941
7	164	2015	1e-09	1e-06	-0.0708913325364983
7	164	2015	1e-09	2e-06	-0.0614381053857468
7	164	2015	1e-09	4e-06	-0.0365840732528619
7	164	2015	1e-09	6e-06	-0.0637155773594188
7	164	2015	1e-09	1e-05	0
7	164	2015	1e-09	1.4e-05	0.00737850595994587
7	164	2015	2.5e-09	0	8.39961987644244e-05
7	164	2015	2.5e-09	1e-07	-0.0834835426912323
7	164	2015	2.5e-09	2.5e-07	-0.092293861655908
7	164	2015	2.5e-09	5e-07	-0.0455083927125394
7	164	2015	2.5e-09	1e-06	0
7	164	2015	2.5e-09	2e-06	-0.0220669694844584
7	164	2015	2.5e-09	4e-06	-0.0292956122459252
7	164	2015	2.5e-09	6e-06	-0.133772902058588
7	164	2015	2.5e-09	1e-05	-0.114333665518131
7	164	2015	2.5e-09	1.4e-05	-0.0805212152973962
7	164	2015	5e-09	0	0
7	164	2015	5e-09	1e-07	-0.0228667953961988
7	164	2015	5e-09	2.5e-07	-0.166333736302693
7	164	2015	5e-09	5e-07	-0.173433329520697
7	164	2015	5e-09	1e-06	-0.111128431295988
7	164	2015	5e-09	2e-06	-0.100447205602321
7	164	2015	5e-09	4e-06	0
7	164	2015	5e-09	6e-06	-0.103263340160273
7	164	2015	5e-09	1e-05	-0.170405989416861
7	164	2015	5e-09	1.4e-05	-0.167184564760071
7	164	2015	7.5e-09	0	-0.132647360509886
7	164	2015	7.5e-09	1e-07	-0.132508264499921
7	164	2015	7.5e-09	2.5e-07	0
7	164	2015	7.5e-09	5e-07	-0.114576451840659
7	164	2015	7.5e-09	1e-06	-0.155220320528771
7	164	2015	7.5e-09	2e-06	-0.187592913688095
7	164	2015	7.5e-09	4e-06	-0.184188862690574
7	164	2015	7.5e-09	6e-06	-0.161084431743336
7	164	2015	7.5e-09	1e-05	0
7	164	2015	7.5e-09	1.4e-05	-0.175843091561466
7	164	2015	1e-08	0	-0.201067082561466
7	164	2015	1e-08	1e-07	-0.180049863561465
7	164	2015	1e-08	2.5e-07	-0.193712831561465
7	164	2015	1e-08	5e-07	-0.166227631561464
7	164	2015	1e-08	1e-06	0
7	164	2015	1e-08	2e-06	-0.182913910561062
7	164	2015	1e-08	4e-06	-0.202193698561062
7	164	2015	1e-08	6e-06	-0.204063388561062
7	164	2015	1e-08	1e-05	-0.188026076561062
7	164	2015	1e-08	1.4e-05	-0.167261919561062
211	164	2015	0	0	0
211	164	2015	0	1e-07	0
211	164	2015	0	2.5e-07	0
211	164	2015	0	5e-07	0
211	164	2015	0	1e-06	0
211	164	2015	0	2e-06	0
211	164	2015	0	4e-06	0
211	164	2015	0	6e-06	-0.0305492554182561
211	164	2015	0	1e-05	0.00934976437140364
211	164	2015	0	1.4e-05	-0.011330769636775
211	164	2015	1e-09	0	-1.0110375495161
211	164	2015	1e-09	1e-07	-1.01239287392096
211	164	2015	1e-09	2.5e-07	0
211	164	2015	1e-09	5e-07	-0.0296899786104613
211	164	2015	1e-09	1e-06	0.160096096810487
211	164	2015	1e-09	2e-06	-0.0124328029168918
211	164	2015	1e-09	4e-06	-1.01321446613549
211	164	2015	1e-09	6e-06	-1.01246898108831
211	164	2015	1e-09	1e-05	0
211	164	2015	1e-09	1.4e-05	0.0255742326623478
211	164	2015	2.5e-09	0	0.113508551183633
211	164	2015	2.5e-09	1e-07	-0.00968075710556055
211	164	2015	2.5e-09	2.5e-07	-1.01363126155984
211	164	2015	2.5e-09	5e-07	-1.01133008831608
211	164	2015	2.5e-09	1e-06	0
211	164	2015	2.5e-09	2e-06	0.093685357344239
211	164	2015	2.5e-09	4e-06	0.05032521602565
211	164	2015	2.5e-09	6e-06	-0.00852792820752167
211	164	2015	2.5e-09	1e-05	-0.97651679127996
211	164	2015	2.5e-09	1.4e-05	-0.971620645516654
211	164	2015	5e-09	0	0
211	164	2015	5e-09	1e-07	0.113645178399313
211	164	2015	5e-09	2.5e-07	0.00242667874891251
211	164	2015	5e-09	5e-07	-0.00692034433046515
211	164	2015	5e-09	1e-06	-0.336530884692885
211	164	2015	5e-09	2e-06	-0.334551752280096
211	164	2015	5e-09	4e-06	0
211	164	2015	5e-09	6e-06	-0.00595847173309282
211	164	2015	5e-09	1e-05	-0.00957825847341461
211	164	2015	5e-09	1.4e-05	-0.0198613407921551
211	164	2015	7.5e-09	0	-0.0162145247856266
211	164	2015	7.5e-09	1e-07	-0.0178127096668764
211	164	2015	7.5e-09	2.5e-07	0
211	164	2015	7.5e-09	5e-07	-0.0105190582639884
211	164	2015	7.5e-09	1e-06	-0.0105238139966336
211	164	2015	7.5e-09	2e-06	-0.0101989021354422
211	164	2015	7.5e-09	4e-06	-0.00989615374813337
211	164	2015	7.5e-09	6e-06	-0.0112087336223631
211	164	2015	7.5e-09	1e-05	0
211	164	2015	7.5e-09	1.4e-05	-0.0120301930770588
211	164	2015	1e-08	0	-0.0107351068710286
211	164	2015	1e-08	1e-07	-0.00939888878090758
211	164	2015	1e-08	2.5e-07	-0.00909390481466097
211	164	2015	1e-08	5e-07	-0.00840914997205084
211	164	2015	1e-08	1e-06	0
211	164	2015	1e-08	2e-06	-0.0108637809729831
211	164	2015	1e-08	4e-06	-0.0104269942954912
211	164	2015	1e-08	6e-06	-0.0104977895071247
211	164	2015	1e-08	1e-05	-0.0083698877280637
211	164	2015	1e-08	1.4e-05	-0.00802484295829535
186	164	2015	0	0	0
186	164	2015	0	1e-07	0
186	164	2015	0	2.5e-07	0
186	164	2015	0	5e-07	0
186	164	2015	0	1e-06	0
186	164	2015	0	2e-06	0
186	164	2015	0	4e-06	0
186	164	2015	0	6e-06	0.0353485789994745
186	164	2015	0	1e-05	-0.0085547416723098
186	164	2015	0	1.4e-05	-0.0872441406334713
186	164	2015	1e-09	0	-0.0174700360345752
186	164	2015	1e-09	1e-07	-0.029795390811037
186	164	2015	1e-09	2.5e-07	0
186	164	2015	1e-09	5e-07	0.0751836059383876
186	164	2015	1e-09	1e-06	-0.00615063988348879
186	164	2015	1e-09	2e-06	0.0292724108455622
186	164	2015	1e-09	4e-06	-0.0270251325406376
186	164	2015	1e-09	6e-06	-0.00242219099946528
186	164	2015	1e-09	1e-05	0
186	164	2015	1e-09	1.4e-05	-0.00701119262482962
186	164	2015	2.5e-09	0	0.035943852596255
186	164	2015	2.5e-09	1e-07	0.0253542675045154
186	164	2015	2.5e-09	2.5e-07	-0.00722782736713668
186	164	2015	2.5e-09	5e-07	0.0420491430559644
186	164	2015	2.5e-09	1e-06	0
186	164	2015	2.5e-09	2e-06	0.026586339563007
186	164	2015	2.5e-09	4e-06	-0.0383363057159414
186	164	2015	2.5e-09	6e-06	-0.0702463689130614
186	164	2015	2.5e-09	1e-05	-0.0330098377160679
186	164	2015	2.5e-09	1.4e-05	0.00654676023608761
186	164	2015	5e-09	0	0
186	164	2015	5e-09	1e-07	-0.0603875849596344
186	164	2015	5e-09	2.5e-07	-0.0604661202368229
186	164	2015	5e-09	5e-07	-0.042169893980922
186	164	2015	5e-09	1e-06	-0.0006629200682905
186	164	2015	5e-09	2e-06	0.00407419594314483
186	164	2015	5e-09	4e-06	0
186	164	2015	5e-09	6e-06	-0.0215985715383956
186	164	2015	5e-09	1e-05	-0.0304483952283814
186	164	2015	5e-09	1.4e-05	-0.0216516231984029
186	164	2015	7.5e-09	0	-0.00194852991286828
186	164	2015	7.5e-09	1e-07	0.0278569994397736
186	164	2015	7.5e-09	2.5e-07	0
186	164	2015	7.5e-09	5e-07	-0.00374503803910113
186	164	2015	7.5e-09	1e-06	-0.0105241185535775
186	164	2015	7.5e-09	2e-06	-0.0232841522380565
186	164	2015	7.5e-09	4e-06	-0.00708970987778827
186	164	2015	7.5e-09	6e-06	-0.00190549328027632
186	164	2015	7.5e-09	1e-05	0
186	164	2015	7.5e-09	1.4e-05	-0.00779916838185192
186	164	2015	1e-08	0	-0.0130238743818519
186	164	2015	1e-08	1e-07	0.00337850161814805
186	164	2015	1e-08	2.5e-07	0.0198482836181481
186	164	2015	1e-08	5e-07	0.0582957296181481
186	164	2015	1e-08	1e-06	0
186	164	2015	1e-08	2e-06	-0.0208022663818519
186	164	2015	1e-08	4e-06	-0.00853790538185191
186	164	2015	1e-08	6e-06	0.0237268436181481
186	164	2015	1e-08	1e-05	0.0523983616181481
186	164	2015	1e-08	1.4e-05	0.0571003236181481
212	164	2015	0	0	0
212	164	2015	0	1e-07	0
212	164	2015	0	2.5e-07	0
212	164	2015	0	5e-07	0
212	164	2015	0	1e-06	0
212	164	2015	0	2e-06	0
212	164	2015	0	4e-06	0
212	164	2015	0	6e-06	0.0175496715560338
212	164	2015	0	1e-05	-0.00256698047369071
212	164	2015	0	1.4e-05	0.0234527581861245
212	164	2015	1e-09	0	-0.018386832813883
212	164	2015	1e-09	1e-07	0.0155372172752706
212	164	2015	1e-09	2.5e-07	0
212	164	2015	1e-09	5e-07	-0.00681531264770911
212	164	2015	1e-09	1e-06	0.0141028175981585
212	164	2015	1e-09	2e-06	-0.000516484683213889
212	164	2015	1e-09	4e-06	0.0108962489701747
212	164	2015	1e-09	6e-06	0.022243423942428
212	164	2015	1e-09	1e-05	0
212	164	2015	1e-09	1.4e-05	-0.00863220010598795
212	164	2015	2.5e-09	0	0.0207340876297719
212	164	2015	2.5e-09	1e-07	-0.00987878289649771
212	164	2015	2.5e-09	2.5e-07	0.000454739309108447
212	164	2015	2.5e-09	5e-07	-0.00407281255543197
212	164	2015	2.5e-09	1e-06	0
212	164	2015	2.5e-09	2e-06	-0.0377418969800532
212	164	2015	2.5e-09	4e-06	-0.0107753949800532
212	164	2015	2.5e-09	6e-06	-0.00400330498005317
212	164	2015	2.5e-09	1e-05	0.0067331340199469
212	164	2015	2.5e-09	1.4e-05	-0.0233824109800531
212	164	2015	5e-09	0	0
212	164	2015	5e-09	1e-07	-0.0643485169800532
212	164	2015	5e-09	2.5e-07	-0.0474047549800532
212	164	2015	5e-09	5e-07	-0.0382915099800532
212	164	2015	5e-09	1e-06	-0.0765001579800531
212	164	2015	5e-09	2e-06	-0.0966130789800532
212	164	2015	5e-09	4e-06	0
212	164	2015	5e-09	6e-06	-0.171944281980053
212	164	2015	5e-09	1e-05	-0.147321060980053
212	164	2015	5e-09	1.4e-05	-0.201724181980053
212	164	2015	7.5e-09	0	-0.244174825980053
212	164	2015	7.5e-09	1e-07	-0.280995928980053
212	164	2015	7.5e-09	2.5e-07	0
212	164	2015	7.5e-09	5e-07	-0.282339761980053
212	164	2015	7.5e-09	1e-06	-0.263322341980053
212	164	2015	7.5e-09	2e-06	-0.342750426980053
212	164	2015	7.5e-09	4e-06	-0.380560631980053
212	164	2015	7.5e-09	6e-06	-0.371347851980053
212	164	2015	7.5e-09	1e-05	0
212	164	2015	7.5e-09	1.4e-05	-0.491289390980053
212	164	2015	1e-08	0	-0.486650024980053
212	164	2015	1e-08	1e-07	-0.519157815980053
212	164	2015	1e-08	2.5e-07	-0.531872908980053
212	164	2015	1e-08	5e-07	-0.536311513980053
212	164	2015	1e-08	1e-06	0
212	164	2015	1e-08	2e-06	-0.496878869980053
212	164	2015	1e-08	4e-06	-0.497001209980053
212	164	2015	1e-08	6e-06	-0.509333264980053
212	164	2015	1e-08	1e-05	-0.517558262980053
212	164	2015	1e-08	1.4e-05	-0.521244146980053
213	164	2015	0	0	0
213	164	2015	0	1e-07	0
213	164	2015	0	2.5e-07	0
213	164	2015	0	5e-07	0
213	164	2015	0	1e-06	0
213	164	2015	0	2e-06	0
213	164	2015	0	4e-06	0
213	164	2015	0	6e-06	-0.0163801531253512
213	164	2015	0	1e-05	-0.02273755840907
213	164	2015	0	1.4e-05	-0.00541500809113984
213	164	2015	1e-09	0	0.016611629449406
213	164	2015	1e-09	1e-07	-0.0403884955918549
213	164	2015	1e-09	2.5e-07	0
213	164	2015	1e-09	5e-07	-0.0215145720829257
213	164	2015	1e-09	1e-06	-0.0180049548358924
213	164	2015	1e-09	2e-06	0.0148439065542911
213	164	2015	1e-09	4e-06	0.0067251474703454
213	164	2015	1e-09	6e-06	-0.0322926586847105
213	164	2015	1e-09	1e-05	0
213	164	2015	1e-09	1.4e-05	0.0060817120507474
213	164	2015	2.5e-09	0	-0.0349153223043888
213	164	2015	2.5e-09	1e-07	0.00882199523757407
213	164	2015	2.5e-09	2.5e-07	0.0536720156066173
213	164	2015	2.5e-09	5e-07	0.0178178174360254
213	164	2015	2.5e-09	1e-06	0
213	164	2015	2.5e-09	2e-06	-0.0308591405787787
213	164	2015	2.5e-09	4e-06	-0.0221239470747622
213	164	2015	2.5e-09	6e-06	0.0218909357080128
213	164	2015	2.5e-09	1e-05	0.0607318503860753
213	164	2015	2.5e-09	1.4e-05	-0.0140724411911028
213	164	2015	5e-09	0	0
213	164	2015	5e-09	1e-07	-0.0190845180597132
213	164	2015	5e-09	2.5e-07	0.0354085635458307
213	164	2015	5e-09	5e-07	0.074322839238321
213	164	2015	5e-09	1e-06	-0.00830068357061002
213	164	2015	5e-09	2e-06	-0.0424848768224818
213	164	2015	5e-09	4e-06	0
213	164	2015	5e-09	6e-06	0.0169660729613989
213	164	2015	5e-09	1e-05	0.0844418566472614
213	164	2015	5e-09	1.4e-05	0.113053193545238
213	164	2015	7.5e-09	0	-0.0532016981695115
213	164	2015	7.5e-09	1e-07	-0.0627701009314025
213	164	2015	7.5e-09	2.5e-07	0
213	164	2015	7.5e-09	5e-07	0.0613429605484454
213	164	2015	7.5e-09	1e-06	0.116656402634392
213	164	2015	7.5e-09	2e-06	0.0599124344136285
213	164	2015	7.5e-09	4e-06	-0.0424856860250019
213	164	2015	7.5e-09	6e-06	-0.0510617004269254
213	164	2015	7.5e-09	1e-05	0
213	164	2015	7.5e-09	1.4e-05	-0.0110256584976399
213	164	2015	1e-08	0	-0.00566994422060382
213	164	2015	1e-08	1e-07	-0.0339586754809957
213	164	2015	1e-08	2.5e-07	-0.0835044765035484
213	164	2015	1e-08	5e-07	-0.0998638461013623
213	164	2015	1e-08	1e-06	0
213	164	2015	1e-08	2e-06	-0.0256336889965159
213	164	2015	1e-08	4e-06	-0.0531047209965158
213	164	2015	1e-08	6e-06	-0.0706685899965157
213	164	2015	1e-08	1e-05	-0.0950773699965158
213	164	2015	1e-08	1.4e-05	-0.110607180996516
39	164	2015	0	0	0
39	164	2015	0	1e-07	0
39	164	2015	0	2.5e-07	0
39	164	2015	0	5e-07	0
39	164	2015	0	1e-06	0
39	164	2015	0	2e-06	0
39	164	2015	0	4e-06	0
39	164	2015	0	6e-06	-0.00190691875602951
39	164	2015	0	1e-05	0.0186359013262941
39	164	2015	0	1.4e-05	0.033548802069881
39	164	2015	1e-09	0	0.0281593861139
39	164	2015	1e-09	1e-07	0.0745649101351053
39	164	2015	1e-09	2.5e-07	0
39	164	2015	1e-09	5e-07	-0.00937136726845296
39	164	2015	1e-09	1e-06	-0.00392575861890407
39	164	2015	1e-09	2e-06	0.0498516484591845
39	164	2015	1e-09	4e-06	0.0726734759168259
39	164	2015	1e-09	6e-06	0.112134234430183
39	164	2015	1e-09	1e-05	0
39	164	2015	1e-09	1.4e-05	0.0101088977659867
39	164	2015	2.5e-09	0	0.0370846046269678
39	164	2015	2.5e-09	1e-07	0.0844018082617622
39	164	2015	2.5e-09	2.5e-07	0.109646211849304
39	164	2015	2.5e-09	5e-07	0.24372330920116
39	164	2015	2.5e-09	1e-06	0
39	164	2015	2.5e-09	2e-06	-0.00415448752374672
39	164	2015	2.5e-09	4e-06	0.0403138996730472
39	164	2015	2.5e-09	6e-06	0.0824541002226411
39	164	2015	2.5e-09	1e-05	0.159593939074825
39	164	2015	2.5e-09	1.4e-05	0.125946087624311
39	164	2015	5e-09	0	0
39	164	2015	5e-09	1e-07	0.0302568784582643
39	164	2015	5e-09	2.5e-07	0.0431817918789389
39	164	2015	5e-09	5e-07	0.0340830144356512
39	164	2015	5e-09	1e-06	-0.0228367738017139
39	164	2015	5e-09	2e-06	-0.169698957453996
39	164	2015	5e-09	4e-06	0
39	164	2015	5e-09	6e-06	-0.229119819579787
39	164	2015	5e-09	1e-05	-0.278145955579787
39	164	2015	5e-09	1.4e-05	-0.272809255579787
39	164	2015	7.5e-09	0	-0.258924152579787
39	164	2015	7.5e-09	1e-07	-0.265401264579787
39	164	2015	7.5e-09	2.5e-07	0
39	164	2015	7.5e-09	5e-07	-0.343191856579787
39	164	2015	7.5e-09	1e-06	-0.337491926579787
39	164	2015	7.5e-09	2e-06	-0.337278162579787
39	164	2015	7.5e-09	4e-06	-0.318469629579787
39	164	2015	7.5e-09	6e-06	-0.313528001579787
39	164	2015	7.5e-09	1e-05	0
39	164	2015	7.5e-09	1.4e-05	-0.363870396579787
39	164	2015	1e-08	0	-0.383020719579787
39	164	2015	1e-08	1e-07	-0.386114053579787
39	164	2015	1e-08	2.5e-07	-0.369105724579787
39	164	2015	1e-08	5e-07	-0.368615175579787
39	164	2015	1e-08	1e-06	0
39	164	2015	1e-08	2e-06	-0.389053819579787
39	164	2015	1e-08	4e-06	-0.389327510579787
39	164	2015	1e-08	6e-06	-0.392196034579787
39	164	2015	1e-08	1e-05	-0.399719269579787
39	164	2015	1e-08	1.4e-05	-0.374356126579787
