160	37	279	-0.3288	NA	-0.2183	NA
160	275	276	5e-04	NA	5e-04	NA
160	275	292	4e-04	NA	5e-04	NA
160	275	46	0	NA	5e-04	NA
160	294	286	-0.2171	NA	-0.2171	NA
160	294	288	-0.1468	NA	-0.1468	NA
160	63	288	-0.1405	NA	-0.0414	NA
160	281	248	0	NA	0	NA
160	259	21	0	NA	0	NA
160	8	295	-0.1101	NA	-0.1101	NA
160	8	289	1e-04	NA	0.0022	NA
160	289	269	0.0155	NA	0.0378	NA
160	273	279	-0.4968	NA	-0.3913	NA
160	19	288	-0.1012	NA	-0.1006	NA
160	19	286	9e-04	NA	0.0012	NA
160	278	61	0.1024	NA	0.12	NA
160	106	33	0	NA	1e-04	NA
160	106	283	-0.0694	NA	-0.0689	NA
160	268	284	0.0433	NA	0.0522	NA
160	61	273	-0.1231	NA	-0.0265	NA
160	263	14	0.0151	NA	0.0156	NA
160	106	264	-0.1578	NA	-0.1438	NA
160	284	281	0	NA	0	NA
160	291	264	0.1053	NA	0.2369	NA
160	48	279	-0.4879	NA	-0.4263	NA
160	48	281	0	NA	0	NA
160	261	264	0.079	NA	0.1461	NA
160	282	293	-0.5266	NA	-0.3549	NA
160	282	269	-0.0896	NA	0.0196	NA
160	14	61	0.0683	NA	0.0945	NA
160	273	283	0.3389	NA	0.3526	NA
160	92	271	0.1864	NA	0.1864	NA
160	92	291	0.3204	NA	0.4745	NA
160	273	33	1e-04	NA	1e-04	NA
160	263	265	0.0156	NA	0.0156	NA
160	263	290	0.0155	NA	0.0156	NA
160	265	286	0.7365	NA	0.7365	NA
160	248	274	0	NA	0	NA
160	248	284	0.1871	NA	0.205	NA
160	248	285	0.0162	NA	0.0169	NA
160	264	278	0.0812	NA	0.1503	NA
160	90	264	0.2538	NA	0.3156	NA
160	90	273	0.4178	NA	0.5124	NA
160	261	274	0	NA	0	NA
160	264	92	0.0853	NA	0.2839	NA
160	260	274	0	NA	0	NA
160	260	37	0.0208	NA	0.1235	NA
160	260	284	0.5275	NA	0.6364	NA
160	260	290	0.2121	NA	0.214	NA
160	261	248	0.143	NA	0.1461	NA
160	90	290	0.0452	NA	0.0478	NA
160	263	21	-0.0407	NA	-0.0407	NA
160	281	263	0	NA	0	NA
160	8	284	0.0018	NA	0.0022	NA
160	8	285	1e-04	NA	0.0022	NA
160	8	37	6e-04	NA	0.0022	NA
160	21	14	0	NA	0	NA
160	268	273	0.0337	NA	0.0428	NA
160	283	272	0.0839	NA	0.0839	NA
160	292	268	0.0381	NA	0.0522	NA
160	276	295	-0.0032	NA	-0.0032	NA
160	288	291	-0.6173	NA	-0.4958	NA
160	21	106	0	NA	0	NA
160	21	8	0	NA	0	NA
160	21	48	0	NA	0	NA
160	21	275	0	NA	0	NA
160	269	272	0.0487	NA	0.0487	NA
160	274	290	0	NA	0	NA
160	270	259	0.1074	NA	0.1075	NA
160	274	265	0	NA	0	NA
160	286	276	0.2723	NA	0.2746	NA
160	268	283	0.0482	NA	0.049	NA
160	279	92	-0.2091	NA	0.0145	NA
160	279	66	0.2913	NA	0.4786	NA
160	285	274	0	NA	0	NA
160	285	37	0.0092	NA	0.0326	NA
160	290	292	-0.2718	NA	-0.2697	NA
160	63	259	0.0213	NA	0.1075	NA
160	248	41	-0.0554	NA	-0.0417	NA
160	248	48	0.0736	NA	0.077	NA
160	248	275	5e-04	NA	5e-04	NA
160	14	291	0.1529	NA	0.1754	NA
160	260	277	-0.3567	NA	-0.3554	NA
160	33	263	0	NA	1e-04	NA
160	48	291	0.1189	NA	0.1572	NA
160	66	265	0.0772	NA	0.0772	NA
160	66	290	-0.4905	NA	-0.4891	NA
160	270	284	0.253	NA	0.2531	NA
160	270	274	0	NA	0	NA
160	41	61	-0.0954	NA	-0.0211	NA
160	41	261	0.0929	NA	0.1461	NA
160	46	264	-0.0661	NA	-0.0599	NA
160	46	273	0.0111	NA	0.0134	NA
160	289	285	-0.0115	NA	0.0199	NA
160	289	290	0.0162	NA	0.0163	NA
160	283	278	0.1178	NA	0.1203	NA
160	92	293	-0.2794	NA	-0.0549	NA
160	269	19	5e-04	NA	0.0012	NA
160	269	291	-0.3406	NA	-0.2407	NA
160	269	271	-0.1092	NA	-0.1092	NA
160	273	260	-0.2707	NA	-0.1604	NA
160	265	272	0	NA	0	NA
160	293	295	-0.3549	NA	-0.3549	NA
160	293	289	0.0244	NA	0.0378	NA
160	281	268	0	NA	0	NA
160	281	294	0	NA	0	NA
160	8	106	1e-04	NA	0.0022	NA
160	293	291	-0.3656	NA	-0.2085	NA
160	272	46	0.0134	NA	0.0134	NA
160	272	276	-0.0032	NA	-0.0032	NA
160	292	261	-0.8933	NA	-0.8539	NA
160	21	284	0	NA	0	NA
160	21	285	-0.0177	NA	-0.0177	NA
160	282	288	0.3483	NA	0.4812	NA
160	279	14	-0.4094	NA	-0.3913	NA
160	265	269	-0.0207	NA	-0.0207	NA
160	281	290	-0.0381	NA	-0.0381	NA
160	281	265	0	NA	0	NA
160	259	273	-0.549	NA	-0.5304	NA
160	267	61	0.093	NA	0.1868	NA
160	285	275	0	NA	5e-04	NA
160	11	288	0.0064	NA	0.0128	NA
160	295	268	0.0522	NA	0.0522	NA
160	292	90	0.0643	NA	0.1479	NA
160	293	248	0.5857	NA	0.5996	NA
160	275	259	1e-04	NA	5e-04	NA
160	90	66	0.3349	NA	0.3897	NA
160	90	92	-0.3319	NA	-0.2594	NA
160	90	281	-0.6698	NA	-0.6698	NA
160	90	279	-0.461	NA	-0.3913	NA
160	285	295	0.0326	NA	0.0326	NA
160	277	90	-0.1163	NA	-0.1145	NA
160	293	288	0.322	NA	0.4992	NA
160	290	286	-0.2657	NA	-0.2635	NA
160	33	268	0	NA	1e-04	NA
160	33	262	1e-04	NA	1e-04	NA
160	263	269	-0.007	NA	0.0022	NA
160	263	293	0.01	NA	0.0156	NA
160	263	280	0	NA	0	NA
160	106	61	0.027	NA	0.0306	NA
160	294	260	0.0011	NA	0.0011	NA
160	48	293	0.0299	NA	0.0857	NA
160	280	279	-0.0029	NA	-0.0029	NA
160	280	92	0	NA	0	NA
160	280	281	0	NA	0	NA
160	280	66	-0.033	NA	-0.033	NA
160	270	275	5e-04	NA	5e-04	NA
160	41	294	-0.3007	NA	-0.3007	NA
160	61	283	0.2049	NA	0.2196	NA
160	41	262	0.0163	NA	0.0264	NA
160	284	289	0.0309	NA	0.0374	NA
160	46	283	0.0132	NA	0.0134	NA
160	46	21	0	NA	0	NA
160	262	269	-0.1632	NA	-0.1566	NA
160	262	280	-0.1006	NA	-0.1006	NA
160	259	262	0.1057	NA	0.1075	NA
160	259	268	0.0056	NA	0.0522	NA
160	259	294	-0.8925	NA	-0.8925	NA
160	277	271	0.8377	NA	0.8377	NA
160	264	14	0.0557	NA	0.0718	NA
160	264	289	0.0065	NA	0.0238	NA
160	261	294	0.1461	NA	0.1461	NA
160	271	292	-0.2697	NA	-0.2697	NA
160	92	270	0.1481	NA	0.1482	NA
160	293	285	0.021	NA	0.0326	NA
160	293	37	-0.2364	NA	-0.1362	NA
160	248	271	-0.0215	NA	-0.0215	NA
160	248	291	0.2416	NA	0.2579	NA
160	248	19	0.0012	NA	0.0012	NA
160	66	294	0.4786	NA	0.4786	NA
160	66	268	0.0073	NA	0.0345	NA
160	66	262	0.3965	NA	0.4041	NA
160	267	268	0.013	NA	0.0186	NA
160	295	61	0.032	NA	0.032	NA
160	106	260	0.0195	NA	0.0306	NA
160	260	248	-0.027	NA	-0.0134	NA
160	283	269	-0.0652	NA	-0.0584	NA
160	284	285	0.027	NA	0.0326	NA
160	284	274	0	NA	0	NA
160	48	8	3e-04	NA	0.0022	NA
160	275	286	-0.0254	NA	-0.0252	NA
160	261	265	0.1461	NA	0.1461	NA
160	262	281	0	NA	0	NA
160	282	46	0.0099	NA	0.0134	NA
160	282	292	0.536	NA	0.7303	NA
160	282	276	-0.2505	NA	-0.2481	NA
160	92	286	0.1696	NA	0.3363	NA
160	92	288	0.0254	NA	0.2088	NA
160	263	264	0.0084	NA	0.0156	NA
160	288	284	0.4138	NA	0.4992	NA
160	295	280	0	NA	0	NA
160	264	284	0.3271	NA	0.4196	NA
160	264	37	-0.1289	NA	9e-04	NA
160	8	271	0.0022	NA	0.0022	NA
160	8	19	0	NA	0.0012	NA
160	276	264	0.2365	NA	0.2383	NA
160	292	37	-0.0575	NA	0.0186	NA
160	270	295	0.2413	NA	0.2413	NA
160	270	14	0.0887	NA	0.0889	NA
160	267	260	-0.0111	NA	0.0565	NA
160	262	273	0.536	NA	0.5492	NA
160	262	264	0.172	NA	0.1806	NA
160	270	267	-0.0086	NA	-0.0084	NA
160	269	261	0.0599	NA	0.1461	NA
160	269	61	0.1226	NA	0.1706	NA
160	286	260	-0.0101	NA	0.1576	NA
160	268	269	0.0214	NA	0.0522	NA
160	271	280	-0.1722	NA	-0.1722	NA
160	271	267	-0.1063	NA	-0.1063	NA
160	280	19	0	NA	0	NA
160	280	291	0	NA	0	NA
160	11	269	0.0052	NA	0.0128	NA
160	11	280	0	NA	0	NA
160	21	290	0	NA	0	NA
160	21	265	0	NA	0	NA
160	268	278	0.0078	NA	0.0522	NA
160	272	14	-0.0296	NA	-0.0296	NA
160	282	90	-0.3501	NA	-0.2662	NA
160	275	61	-0.355	NA	-0.3549	NA
160	296	282	-0.2662	NA	-0.2662	NA
160	66	263	0.0074	NA	0.0156	NA
160	66	61	-0.2545	NA	-0.1985	NA
160	37	283	-0.1468	NA	-0.1421	NA
160	284	277	0.4286	NA	0.4302	NA
160	284	48	0.1303	NA	0.1572	NA
160	268	272	0.0478	NA	0.0478	NA
160	268	63	0.0103	NA	0.0522	NA
160	271	272	0	NA	0	NA
160	280	61	0	NA	0	NA
160	48	285	0.0051	NA	0.0326	NA
160	294	37	-0.2449	NA	-0.2449	NA
160	294	274	0	NA	0	NA
160	61	92	0.2044	NA	0.2783	NA
160	61	279	-0.2366	NA	-0.1655	NA
160	63	274	0	NA	0	NA
160	33	288	-0.1018	NA	-0.1018	NA
160	265	296	0	NA	0	NA
160	37	288	0.0132	NA	0.1547	NA
160	248	267	-0.0876	NA	-0.0683	NA
160	248	269	0.1051	NA	0.1139	NA
160	288	8	-0.0088	NA	-0.0077	NA
160	90	260	0.5635	NA	0.6364	NA
160	280	285	0	NA	0	NA
160	264	275	-0.0062	NA	-0.006	NA
160	291	262	-0.2556	NA	-0.2435	NA
160	41	286	-0.364	NA	-0.1964	NA
160	260	259	-0.071	NA	-0.032	NA
160	33	46	0	NA	1e-04	NA
160	272	270	0.0181	NA	0.0181	NA
160	280	284	0	NA	0	NA
160	280	274	0	NA	0	NA
160	41	292	0.2122	NA	0.3837	NA
160	41	46	0.0086	NA	0.0134	NA
160	283	264	0.2314	NA	0.2404	NA
160	278	265	0.1503	NA	0.1503	NA
160	46	63	0.0027	NA	0.0134	NA
160	8	280	0	NA	0	NA
160	8	267	-0.0833	NA	-0.0831	NA
160	8	269	-0.315	NA	-0.3137	NA
160	295	264	-0.0363	NA	-0.0363	NA
160	283	33	1e-04	NA	1e-04	NA
160	271	278	-0.5322	NA	-0.5322	NA
160	277	261	0.1458	NA	0.1461	NA
160	277	61	-0.1187	NA	-0.1169	NA
160	274	289	-0.0148	NA	-0.0148	NA
160	286	263	0.0115	NA	0.0156	NA
160	279	19	7e-04	NA	0.0012	NA
160	279	271	-0.3913	NA	-0.3913	NA
160	278	21	0	NA	0	NA
160	259	290	-0.8929	NA	-0.8925	NA
160	285	66	0.0156	NA	0.0326	NA
160	285	281	-0.0731	NA	-0.0731	NA
160	285	92	0.0206	NA	0.0326	NA
160	106	294	0.0306	NA	0.0306	NA
160	106	262	0.0168	NA	0.0173	NA
160	11	278	0.0019	NA	0.0128	NA
160	63	106	-0.0695	NA	-0.045	NA
160	259	296	-0.8925	NA	-0.8925	NA
160	37	61	-0.52	NA	-0.4869	NA
160	275	48	1e-04	NA	5e-04	NA
160	275	8	0	NA	5e-04	NA
160	63	295	-0.2427	NA	-0.2427	NA
160	63	289	0.0075	NA	0.0378	NA
160	274	37	-0.1363	NA	-0.1363	NA
160	288	14	-0.5156	NA	-0.5008	NA
160	290	261	0.1457	NA	0.1461	NA
160	280	275	0	NA	0	NA
160	280	48	-0.0698	NA	-0.0698	NA
160	280	277	-0.0204	NA	-0.0204	NA
160	14	33	1e-04	NA	1e-04	NA
160	14	283	-0.0458	NA	-0.0296	NA
160	92	292	0.1494	NA	0.32	NA
160	92	276	0.3109	NA	0.3129	NA
160	273	261	-0.5205	NA	-0.4952	NA
160	273	263	-0.037	NA	-0.0343	NA
160	248	270	-0.0217	NA	-0.0215	NA
160	282	267	-0.2238	NA	-0.1458	NA
160	293	19	8e-04	NA	0.0012	NA
160	286	292	0.0775	NA	0.27	NA
160	262	46	-0.0222	NA	-0.022	NA
160	272	280	0	NA	0	NA
160	272	293	-0.3549	NA	-0.3549	NA
160	8	293	0.0014	NA	0.0022	NA
160	277	294	0.9285	NA	0.9285	NA
160	277	268	0.0521	NA	0.0522	NA
160	282	260	-0.1963	NA	-0.0269	NA
160	268	262	0.0514	NA	0.0522	NA
160	259	106	-0.0085	NA	0.0188	NA
160	248	286	-0.2793	NA	-0.2635	NA
160	8	270	0.0022	NA	0.0022	NA
160	283	21	0	NA	0	NA
160	292	283	0.2577	NA	0.2698	NA
160	275	284	-0.0021	NA	-0.002	NA
160	275	37	1e-04	NA	5e-04	NA
160	294	289	0.0378	NA	0.0378	NA
160	294	295	0	NA	0	NA
160	282	268	0.0059	NA	0.0198	NA
160	274	8	-0.0263	NA	-0.0263	NA
160	274	275	-0.0176	NA	-0.0176	NA
160	263	276	0.0155	NA	0.0156	NA
160	263	292	0.0114	NA	0.0156	NA
160	263	46	2e-04	NA	0.0134	NA
160	267	283	-0.0117	NA	0.0032	NA
160	270	279	0.3819	NA	0.382	NA
160	270	281	0	NA	0	NA
160	291	290	0.6557	NA	0.6579	NA
160	285	270	0.0196	NA	0.0196	NA
160	11	283	-0.041	NA	-0.0408	NA
160	276	292	0.3079	NA	0.3103	NA
160	276	46	0.0134	NA	0.0134	NA
160	19	283	0.0012	NA	0.0012	NA
160	46	279	-0.0275	NA	-0.0222	NA
160	292	278	0.1097	NA	0.1503	NA
160	270	291	0.6298	NA	0.6299	NA
160	262	278	0.1479	NA	0.1503	NA
160	286	273	-0.3912	NA	-0.2635	NA
160	268	46	-0.0523	NA	-0.0395	NA
160	19	264	7e-04	NA	0.0012	NA
160	278	267	0.1343	NA	0.1503	NA
160	280	289	0	NA	0	NA
160	260	285	0.0208	NA	0.0326	NA
160	106	286	0.0225	NA	0.0306	NA
160	284	259	-0.0096	NA	0.0088	NA
160	8	248	-0.0459	NA	-0.0458	NA
160	293	261	0.0942	NA	0.1461	NA
160	279	263	0.0095	NA	0.0156	NA
160	48	259	0.0169	NA	0.1075	NA
160	275	260	-0.0897	NA	-0.0895	NA
160	285	90	0.0289	NA	0.0326	NA
160	106	276	0.0305	NA	0.0306	NA
160	106	46	4e-04	NA	0.0134	NA
160	41	270	0.1847	NA	0.1848	NA
160	282	61	0.2888	NA	0.3746	NA
160	14	280	0	NA	0	NA
160	14	267	-0.1328	NA	-0.1063	NA
160	290	37	0.1138	NA	0.1146	NA
160	263	278	0.0023	NA	0.0156	NA
160	37	291	0.2101	NA	0.2789	NA
160	265	273	-0.0702	NA	-0.0702	NA
160	37	271	-0.3729	NA	-0.3729	NA
160	262	282	0.7	NA	0.7117	NA
160	90	268	0.0462	NA	0.0522	NA
160	90	262	0.0656	NA	0.0798	NA
160	90	288	-0.5579	NA	-0.5008	NA
160	90	286	-0.0637	NA	0.0206	NA
160	46	291	0.0102	NA	0.0134	NA
160	276	278	-0.8502	NA	-0.8497	NA
160	276	296	0.0661	NA	0.0661	NA
160	292	259	0.0785	NA	0.1075	NA
160	283	265	-0.0166	NA	-0.0166	NA
160	267	264	-0.0306	NA	0.0269	NA
160	267	273	-0.2612	NA	-0.1734	NA
160	92	294	0.2829	NA	0.2829	NA
160	92	268	0.033	NA	0.0522	NA
160	92	262	0.2006	NA	0.2107	NA
160	66	33	0	NA	1e-04	NA
160	281	66	0	NA	0	NA
160	281	279	0	NA	0	NA
160	276	41	0.0023	NA	0.0043	NA
160	268	288	0.0261	NA	0.0522	NA
160	268	286	-3e-04	NA	0.0135	NA
160	272	37	-0.0575	NA	-0.0575	NA
160	272	284	0.3982	NA	0.3982	NA
160	272	285	0.0326	NA	0.0326	NA
160	272	290	0.1595	NA	0.1595	NA
160	269	288	-0.395	NA	-0.1895	NA
160	261	281	-0.1081	NA	-0.1081	NA
160	261	66	0.0699	NA	0.1461	NA
160	283	259	0.1057	NA	0.1075	NA
160	296	260	-0.3636	NA	-0.3636	NA
160	288	270	-0.485	NA	-0.4849	NA
160	274	291	0	NA	0	NA
160	268	41	0.0332	NA	0.0522	NA
160	279	268	0.0318	NA	0.0522	NA
160	290	8	0.0022	NA	0.0022	NA
160	290	277	0.9023	NA	0.9043	NA
160	63	281	-0.0619	NA	-0.0619	NA
160	248	292	0.0446	NA	0.0603	NA
160	248	46	0.0132	NA	0.0134	NA
160	288	66	0.2389	NA	0.4786	NA
160	288	279	-0.6961	NA	-0.5008	NA
160	90	61	0.074	NA	0.1751	NA
160	290	14	-0.0325	NA	-0.0296	NA
160	290	295	-0.0029	NA	-0.0029	NA
160	33	280	0	NA	0	NA
160	279	11	0.0078	NA	0.0128	NA
160	66	271	-0.5214	NA	-0.5214	NA
160	66	291	0.3227	NA	0.4393	NA
160	46	286	-0.1948	NA	-0.1913	NA
160	41	269	0.1097	NA	0.259	NA
160	41	267	-0.0519	NA	0.0157	NA
160	41	280	0	NA	0	NA
160	63	275	-0.0864	NA	-0.086	NA
160	63	277	-0.3099	NA	-0.3095	NA
160	284	286	-0.3895	NA	-0.2635	NA
160	259	295	0.1075	NA	0.1075	NA
160	269	290	-0.0384	NA	-0.0372	NA
160	293	286	-0.5249	NA	-0.3549	NA
160	281	61	0	NA	0	NA
160	8	276	0.0022	NA	0.0022	NA
160	8	46	-0.2347	NA	-0.2326	NA
160	293	262	-0.3652	NA	-0.3549	NA
160	278	294	0.1503	NA	0.1503	NA
160	289	92	0.0239	NA	0.0378	NA
160	272	8	-0.191	NA	-0.191	NA
160	272	106	0.0306	NA	0.0306	NA
160	292	281	0	NA	0	NA
160	264	286	0.226	NA	0.3685	NA
160	283	276	-0.0133	NA	-0.0101	NA
160	282	264	0.1961	NA	0.34	NA
160	269	33	0	NA	1e-04	NA
160	265	61	0.3264	NA	0.3264	NA
160	281	291	0	NA	0	NA
160	267	281	-0.0165	NA	-0.0165	NA
160	267	92	0.1797	NA	0.2469	NA
160	272	281	0	NA	0	NA
160	294	279	-0.3913	NA	-0.3913	NA
160	295	66	0.4191	NA	0.4191	NA
160	11	264	-0.0278	NA	-0.022	NA
160	295	281	0	NA	0	NA
160	283	294	0.1362	NA	0.1362	NA
160	283	262	-0.0323	NA	-0.0166	NA
160	292	272	-0.0018	NA	-0.0018	NA
160	275	279	3e-04	NA	5e-04	NA
160	275	92	-0.167	NA	-0.1668	NA
160	277	21	0	NA	0	NA
160	63	291	-0.0667	NA	-0.0185	NA
160	283	63	-0.0283	NA	-0.025	NA
160	274	269	0	NA	0	NA
160	292	106	0.0223	NA	0.0306	NA
160	292	8	0.0016	NA	0.0022	NA
160	263	259	0.0017	NA	0.0156	NA
160	8	260	-0.4167	NA	-0.4159	NA
160	291	273	-0.1668	NA	-0.0357	NA
160	11	248	0.0125	NA	0.0128	NA
160	14	282	-0.0886	NA	-0.0668	NA
160	14	63	-0.1441	NA	-0.1383	NA
160	273	276	-0.176	NA	-0.1734	NA
160	271	264	-0.0909	NA	-0.0909	NA
160	63	270	-0.1449	NA	-0.1448	NA
160	272	291	-0.2435	NA	-0.2435	NA
160	292	262	0.0966	NA	0.1083	NA
160	66	37	0.0052	NA	0.1525	NA
160	284	41	-0.0724	NA	0.0364	NA
160	280	260	0	NA	0	NA
160	282	272	-0.2662	NA	-0.2662	NA
160	276	260	-0.1992	NA	-0.1972	NA
160	294	291	0.1895	NA	0.1895	NA
160	288	295	-0.4103	NA	-0.4103	NA
160	106	270	0.0306	NA	0.0306	NA
160	33	259	-0.0898	NA	-0.0898	NA
160	270	276	0.1836	NA	0.1837	NA
160	61	290	0.0422	NA	0.0447	NA
160	37	270	0.0224	NA	0.0225	NA
160	265	294	0	NA	0	NA
160	66	92	-0.024	NA	0.1519	NA
160	283	263	0.0153	NA	0.0156	NA
160	106	291	0.0231	NA	0.0306	NA
160	106	19	-0.015	NA	-0.0138	NA
160	284	46	-0.025	NA	-0.0227	NA
160	284	276	0.512	NA	0.5147	NA
160	284	292	0.2801	NA	0.405	NA
160	265	268	0.0522	NA	0.0522	NA
160	48	292	0.1148	NA	0.1572	NA
160	275	295	5e-04	NA	5e-04	NA
160	275	289	-0.071	NA	-0.0705	NA
160	261	19	-0.0759	NA	-0.0749	NA
160	261	271	-0.8539	NA	-0.8539	NA
160	261	291	-0.8895	NA	-0.8539	NA
160	92	273	0.1111	NA	0.2207	NA
160	267	294	-0.1063	NA	-0.1063	NA
160	263	288	-0.0019	NA	0.0059	NA
160	276	262	0.3054	NA	0.3086	NA
160	286	21	0	NA	0	NA
160	286	33	1e-04	NA	1e-04	NA
160	248	294	-0.0215	NA	-0.0215	NA
160	248	268	0.0511	NA	0.0522	NA
160	248	262	0.0197	NA	0.0353	NA
160	90	291	-0.1799	NA	-0.0933	NA
160	90	271	-0.0513	NA	-0.0513	NA
160	264	292	0.2154	NA	0.3612	NA
160	294	270	0.354	NA	0.354	NA
160	41	289	-0.0144	NA	-6e-04	NA
160	41	14	0.0091	NA	0.0279	NA
160	265	262	0.0359	NA	0.0359	NA
160	260	264	0.145	NA	0.3415	NA
160	276	288	0.3967	NA	0.3983	NA
160	269	267	0.1057	NA	0.1493	NA
160	286	296	0.7365	NA	0.7365	NA
160	92	46	-0.0456	NA	-0.0406	NA
160	19	278	-0.0893	NA	-0.0882	NA
160	281	275	0	NA	0	NA
160	281	106	0	NA	0	NA
160	278	46	0.002	NA	0.0134	NA
160	259	279	0.0126	NA	0.0546	NA
160	259	92	-0.5172	NA	-0.4778	NA
160	259	281	0	NA	0	NA
160	259	66	0.0514	NA	0.1075	NA
160	8	294	0.0022	NA	0.0022	NA
160	8	268	-0.0718	NA	-0.0697	NA
160	8	262	-0.0108	NA	-0.0107	NA
160	270	90	0.1574	NA	0.1575	NA
160	274	41	0	NA	0	NA
160	41	106	0.0194	NA	0.0306	NA
160	11	263	2e-04	NA	0.0128	NA
160	106	271	0.0306	NA	0.0306	NA
160	274	288	0	NA	0	NA
160	19	66	6e-04	NA	0.0012	NA
160	19	281	-0.0635	NA	-0.0635	NA
160	278	41	0.0956	NA	0.1503	NA
160	295	274	0	NA	0	NA
160	285	294	0.0326	NA	0.0326	NA
160	285	268	0.0017	NA	0.0326	NA
160	269	46	-0.0459	NA	-0.0379	NA
160	106	293	0.0197	NA	0.0306	NA
160	106	269	0.0125	NA	0.0306	NA
160	106	267	0.0273	NA	0.0306	NA
160	106	280	0	NA	0	NA
160	37	289	-0.0857	NA	-0.0585	NA
160	37	295	-0.095	NA	-0.095	NA
160	37	14	-0.1175	NA	-0.1091	NA
160	248	263	0.0152	NA	0.0156	NA
160	248	61	0.1243	NA	0.1433	NA
160	288	262	-0.5088	NA	-0.5008	NA
160	260	92	-0.4094	NA	-0.1794	NA
160	48	286	0.1158	NA	0.1572	NA
160	48	288	-0.9215	NA	-0.8428	NA
160	290	276	-0.0062	NA	-0.0032	NA
160	270	268	0.0522	NA	0.0522	NA
160	270	262	0.1701	NA	0.1702	NA
160	41	8	-0.0944	NA	-0.0936	NA
160	41	275	3e-04	NA	5e-04	NA
160	14	268	0.0507	NA	0.0522	NA
160	273	295	-0.1734	NA	-0.1734	NA
160	269	273	0.1035	NA	0.1746	NA
160	37	259	0.0092	NA	0.0863	NA
160	281	274	-0.0372	NA	-0.0372	NA
160	281	37	-0.008	NA	-0.008	NA
160	8	263	0	NA	0.0022	NA
160	11	268	7e-04	NA	0.0128	NA
160	11	262	0.0126	NA	0.0128	NA
160	284	63	-0.1375	NA	-0.1036	NA
160	284	282	0.1974	NA	0.323	NA
160	271	260	-0.3636	NA	-0.3636	NA
160	259	61	0.0949	NA	0.1075	NA
160	271	61	0.0934	NA	0.0934	NA
160	261	106	-0.1292	NA	-0.1031	NA
160	261	275	1e-04	NA	5e-04	NA
160	261	8	3e-04	NA	0.0022	NA
160	277	269	0.176	NA	0.1768	NA
160	21	281	-0.0218	NA	-0.0218	NA
160	272	267	-0.1063	NA	-0.1063	NA
160	296	264	0.0122	NA	0.0122	NA
160	259	280	0	NA	0	NA
160	259	269	0.0441	NA	0.1075	NA
160	279	265	0.127	NA	0.127	NA
160	279	290	0.426	NA	0.4278	NA
160	280	265	0	NA	0	NA
160	281	289	0	NA	0	NA
160	281	14	0	NA	0	NA
160	280	290	0	NA	0	NA
160	259	271	0.1075	NA	0.1075	NA
160	14	278	-0.8542	NA	-0.8497	NA
160	37	267	-0.2025	NA	-0.1724	NA
160	37	280	-0.0432	NA	-0.0432	NA
160	90	46	-0.0776	NA	-0.0761	NA
160	90	276	0.1082	NA	0.1111	NA
160	274	276	0	NA	0	NA
160	286	282	0.0286	NA	0.222	NA
160	286	272	-0.2635	NA	-0.2635	NA
160	33	285	0	NA	1e-04	NA
160	263	106	5e-04	NA	0.0156	NA
160	279	21	-5e-04	NA	-5e-04	NA
160	21	19	0	NA	0	NA
160	280	292	-0.1206	NA	-0.1206	NA
160	270	293	-0.0287	NA	-0.0286	NA
160	291	278	0.0538	NA	0.0904	NA
160	291	296	-0.2435	NA	-0.2435	NA
160	270	261	0.1326	NA	0.1326	NA
160	46	260	0.0086	NA	0.0134	NA
160	41	37	-0.3008	NA	-0.198	NA
160	41	285	0.0208	NA	0.0326	NA
160	21	63	0	NA	0	NA
160	284	296	-0.1711	NA	-0.1711	NA
160	276	48	0.1567	NA	0.1572	NA
160	273	280	-0.0424	NA	-0.0424	NA
160	285	290	0.0325	NA	0.0326	NA
160	262	48	0.1547	NA	0.1572	NA
160	268	37	0.0147	NA	0.0522	NA
160	271	285	-0.0888	NA	-0.0888	NA
160	271	274	-0.263	NA	-0.263	NA
160	259	274	0	NA	0	NA
160	277	264	-0.2189	NA	-0.2178	NA
160	295	41	-0.0707	NA	-0.0707	NA
160	261	285	0.0048	NA	0.0326	NA
160	261	37	-0.3535	NA	-0.2487	NA
160	282	278	0.1103	NA	0.1503	NA
160	293	294	0.5837	NA	0.5837	NA
160	293	268	0.0337	NA	0.0522	NA
160	248	264	0.1404	NA	0.1521	NA
160	66	284	-0.0367	NA	0.0452	NA
160	66	274	0	NA	0	NA
160	106	289	0.0012	NA	0.0306	NA
160	106	295	-0.0069	NA	-0.0069	NA
160	271	281	-0.0038	NA	-0.0038	NA
160	275	291	-0.0334	NA	-0.0333	NA
160	280	282	0	NA	0	NA
160	280	63	0	NA	0	NA
160	285	63	0.0065	NA	0.0326	NA
160	285	265	0.0102	NA	0.0102	NA
160	282	66	0.1725	NA	0.2999	NA
160	282	281	0	NA	0	NA
160	282	92	0.1531	NA	0.3215	NA
160	263	285	5e-04	NA	0.0156	NA
160	46	285	4e-04	NA	0.0134	NA
160	46	37	-0.0313	NA	-0.0217	NA
160	46	274	0	NA	0	NA
160	8	264	0.0012	NA	0.0022	NA
160	294	90	-0.0585	NA	-0.0585	NA
160	289	66	-0.158	NA	-0.1383	NA
160	289	279	0.0223	NA	0.0371	NA
160	276	285	-0.0378	NA	-0.0377	NA
160	276	37	-0.016	NA	-0.0151	NA
160	292	265	-0.2697	NA	-0.2697	NA
160	270	290	0.0204	NA	0.0206	NA
160	270	265	0.4314	NA	0.4314	NA
160	279	264	0.329	NA	0.5406	NA
160	262	37	-0.0976	NA	-0.0931	NA
160	262	285	0.0321	NA	0.0326	NA
160	262	284	0.3004	NA	0.3136	NA
160	268	106	0.0016	NA	0.0306	NA
160	280	286	-0.0196	NA	-0.0196	NA
160	280	46	0	NA	0	NA
160	21	264	0	NA	0	NA
160	268	289	-0.0306	NA	0.0052	NA
160	272	278	0.1503	NA	0.1503	NA
160	272	296	0	NA	0	NA
160	259	14	0.1043	NA	0.1075	NA
160	259	289	-0.0698	NA	-0.036	NA
160	282	270	-0.2187	NA	-0.2185	NA
160	66	275	-0.0289	NA	-0.0286	NA
160	66	8	0.001	NA	0.0022	NA
160	66	48	0.0752	NA	0.1572	NA
160	291	289	0.0286	NA	0.0378	NA
160	279	267	-0.456	NA	-0.3913	NA
160	261	289	-0.0338	NA	-0.0016	NA
160	261	295	-0.0722	NA	-0.0722	NA
160	294	268	0.0522	NA	0.0522	NA
160	289	21	0	NA	0	NA
160	106	48	0.0048	NA	0.0306	NA
160	106	275	0	NA	5e-04	NA
160	61	285	0.0288	NA	0.0326	NA
160	63	262	-0.3168	NA	-0.3136	NA
160	63	294	0.0051	NA	0.0051	NA
160	262	286	-0.2753	NA	-0.2635	NA
160	37	284	0.1757	NA	0.2241	NA
160	14	286	0.7147	NA	0.7365	NA
160	288	261	0.0581	NA	0.1312	NA
160	90	289	0.0335	NA	0.0378	NA
160	90	295	0.2691	NA	0.2691	NA
160	264	269	-0.3361	NA	-0.1476	NA
160	41	290	0.1521	NA	0.154	NA
160	41	265	0.2477	NA	0.2477	NA
160	272	90	0.0348	NA	0.0348	NA
160	48	278	8e-04	NA	0.1274	NA
160	41	259	0.0683	NA	0.1075	NA
160	283	271	-0.0166	NA	-0.0166	NA
160	283	291	-0.2561	NA	-0.2435	NA
160	269	276	0.2252	NA	0.2265	NA
160	269	292	-0.1494	NA	-0.0387	NA
160	294	14	0.1453	NA	0.1453	NA
160	278	286	0.0084	NA	0.0479	NA
160	285	291	-5e-04	NA	0.0075	NA
160	296	269	0.1921	NA	0.1921	NA
160	295	260	0.6364	NA	0.6364	NA
160	261	259	-0.0106	NA	0.0811	NA
160	295	284	-0.1527	NA	-0.1527	NA
160	265	92	0.0778	NA	0.0778	NA
160	281	260	-0.021	NA	-0.021	NA
160	259	276	0.1071	NA	0.1075	NA
160	106	284	0.0253	NA	0.0306	NA
160	106	285	-0.037	NA	-0.0074	NA
160	106	274	0	NA	0	NA
160	63	261	0.0214	NA	0.1386	NA
160	63	61	-0.3556	NA	-0.3325	NA
160	61	8	0.0019	NA	0.0022	NA
160	37	277	0.0137	NA	0.0142	NA
160	37	106	0.0086	NA	0.0306	NA
160	275	263	-0.0779	NA	-0.0774	NA
160	90	269	0.3332	NA	0.3802	NA
160	90	267	-0.0036	NA	0.0905	NA
160	90	280	-0.2022	NA	-0.2022	NA
160	295	283	0.0394	NA	0.0394	NA
160	291	276	0.6099	NA	0.6123	NA
160	274	268	-0.0209	NA	-0.0209	NA
160	274	262	-0.0288	NA	-0.0288	NA
160	280	269	0	NA	0	NA
160	46	289	5e-04	NA	0.0134	NA
160	46	295	-0.0034	NA	-0.0034	NA
160	284	273	-0.3148	NA	-0.1734	NA
160	92	281	0	NA	0	NA
160	273	106	0.0253	NA	0.0306	NA
160	273	275	-0.0025	NA	-0.0024	NA
160	269	278	0.0617	NA	0.1503	NA
160	248	283	-0.0378	NA	-0.0215	NA
160	248	33	1e-04	NA	1e-04	NA
160	248	21	0	NA	0	NA
160	262	279	-0.0367	NA	-0.027	NA
160	284	283	-0.0752	NA	-0.0614	NA
160	284	33	1e-04	NA	1e-04	NA
160	277	296	-0.002	NA	-0.002	NA
160	106	248	-0.654	NA	-0.6534	NA
160	92	272	0.3825	NA	0.3825	NA
160	270	66	0.4785	NA	0.4786	NA
160	248	296	0.0088	NA	0.0088	NA
160	248	278	0.147	NA	0.1503	NA
160	267	259	0.096	NA	0.1075	NA
160	8	33	0	NA	1e-04	NA
160	66	260	0.3045	NA	0.4786	NA
160	296	271	0	NA	0	NA
160	264	33	0	NA	1e-04	NA
160	283	66	-0.0342	NA	-0.0262	NA
160	283	279	0.2879	NA	0.298	NA
160	283	92	0.0953	NA	0.1058	NA
160	275	262	5e-04	NA	5e-04	NA
160	275	268	0	NA	5e-04	NA
160	275	294	5e-04	NA	5e-04	NA
160	294	290	0.0679	NA	0.0679	NA
160	285	273	0.027	NA	0.0326	NA
160	285	264	-0.0079	NA	0.007	NA
160	277	41	0.0502	NA	0.0515	NA
160	63	265	-0.1766	NA	-0.1766	NA
160	274	61	-0.1517	NA	-0.1517	NA
160	279	282	-0.5533	NA	-0.3913	NA
160	279	63	-0.159	NA	-0.0816	NA
160	289	260	0.024	NA	0.0378	NA
160	8	278	-0.0167	NA	-0.0149	NA
160	66	276	-0.2553	NA	-0.2537	NA
160	66	292	0.1895	NA	0.3186	NA
160	279	295	-0.1703	NA	-0.1703	NA
160	21	33	0	NA	0	NA
160	292	295	0.6585	NA	0.6585	NA
160	292	289	0.0276	NA	0.0378	NA
160	270	264	0.2515	NA	0.2516	NA
160	270	273	-0.014	NA	-0.0139	NA
160	292	296	-0.2697	NA	-0.2697	NA
160	286	279	-0.1855	NA	-0.0251	NA
160	286	66	0.0189	NA	0.145	NA
160	291	41	-0.2755	NA	-0.1207	NA
160	61	270	-0.0234	NA	-0.0232	NA
160	262	295	0.0727	NA	0.0727	NA
160	19	290	0.0012	NA	0.0012	NA
160	273	48	0.13	NA	0.1572	NA
160	278	277	0.1499	NA	0.1503	NA
160	259	264	0.0258	NA	0.0752	NA
160	270	271	0.0458	NA	0.0458	NA
160	280	278	0	NA	0	NA
160	267	261	0.1194	NA	0.135	NA
160	283	277	-0.0186	NA	-0.0166	NA
160	61	291	0.4297	NA	0.5182	NA
160	37	248	0.08	NA	0.0861	NA
160	92	284	-0.4752	NA	-0.3669	NA
160	282	41	0.2934	NA	0.4627	NA
160	106	290	-0.0144	NA	-0.0143	NA
160	261	260	0.093	NA	0.1461	NA
160	41	90	0.1361	NA	0.2089	NA
160	269	279	0.1418	NA	0.3024	NA
160	269	92	0.1978	NA	0.3486	NA
160	268	260	0.0332	NA	0.0522	NA
160	14	106	0.0297	NA	0.0306	NA
160	14	275	5e-04	NA	5e-04	NA
160	14	8	0.0021	NA	0.0022	NA
160	288	248	0.4885	NA	0.4992	NA
160	290	262	0.4117	NA	0.4146	NA
160	273	248	-0.1819	NA	-0.1641	NA
160	265	291	0.0535	NA	0.0535	NA
160	90	284	0.734	NA	0.8289	NA
160	90	37	-0.1648	NA	-0.1324	NA
160	90	265	0.1871	NA	0.1871	NA
160	260	262	0.1426	NA	0.1528	NA
160	276	14	-0.0328	NA	-0.0296	NA
160	267	265	0.2268	NA	0.2268	NA
160	263	270	0.0156	NA	0.0156	NA
160	281	276	-0.0305	NA	-0.0305	NA
160	278	274	0	NA	0	NA
160	278	284	-0.8755	NA	-0.8497	NA
160	278	37	0.0424	NA	0.1503	NA
160	270	21	0	NA	0	NA
160	274	283	0	NA	0	NA
160	268	19	1e-04	NA	0.0012	NA
160	268	291	0.0395	NA	0.0522	NA
160	271	291	-0.1409	NA	-0.1409	NA
160	272	264	0.2723	NA	0.2723	NA
160	292	274	0	NA	0	NA
160	292	285	0.0238	NA	0.0326	NA
160	293	11	0.0082	NA	0.0128	NA
160	261	46	-0.0345	NA	-0.023	NA
160	277	259	-0.8928	NA	-0.8925	NA
160	21	261	0	NA	0	NA
160	106	288	0.0153	NA	0.0306	NA
160	274	273	-0.0443	NA	-0.0443	NA
160	274	264	0	NA	0	NA
160	286	259	0.0791	NA	0.1075	NA
160	290	288	0.2391	NA	0.2406	NA
160	279	276	0.3889	NA	0.3908	NA
160	279	292	-0.3335	NA	-0.1693	NA
160	263	291	-0.0154	NA	-0.0116	NA
160	295	286	-0.2635	NA	-0.2635	NA
160	61	293	-0.2664	NA	-0.191	NA
160	268	290	-2e-04	NA	-1e-04	NA
160	248	92	0.4035	NA	0.4171	NA
160	248	279	0.2606	NA	0.2737	NA
160	248	66	0.2509	NA	0.2612	NA
160	293	33	-0.0597	NA	-0.0597	NA
160	90	8	0.0019	NA	0.0022	NA
160	90	275	5e-04	NA	5e-04	NA
160	48	283	0.1546	NA	0.1572	NA
160	291	259	-0.0564	NA	-0.0303	NA
160	46	281	-0.0556	NA	-0.0556	NA
160	288	264	-0.3052	NA	-0.0758	NA
160	288	273	-0.5873	NA	-0.5008	NA
160	264	273	-0.0354	NA	0.0583	NA
160	48	264	0.085	NA	0.1572	NA
160	46	271	0.0134	NA	0.0134	NA
160	46	19	-4e-04	NA	8e-04	NA
160	106	265	0.0198	NA	0.0198	NA
160	289	288	0.0189	NA	0.0378	NA
160	283	289	0.0061	NA	0.0068	NA
160	284	265	-0.1711	NA	-0.1711	NA
160	284	290	0.6976	NA	0.7001	NA
160	248	272	0.2253	NA	0.2253	NA
160	248	63	-0.115	NA	-0.1108	NA
160	248	282	0.2651	NA	0.2809	NA
160	278	260	0.0956	NA	0.1503	NA
160	8	281	0	NA	0	NA
160	8	92	-4e-04	NA	4e-04	NA
160	288	260	-0.6823	NA	-0.5008	NA
160	295	289	0.0378	NA	0.0378	NA
160	272	279	0.1584	NA	0.1584	NA
160	264	265	0.2478	NA	0.2478	NA
160	264	290	0.1353	NA	0.1369	NA
160	21	262	0	NA	0	NA
160	21	268	0	NA	0	NA
160	21	294	0	NA	0	NA
160	282	290	0.7317	NA	0.7338	NA
160	282	265	0.7338	NA	0.7338	NA
160	288	41	-0.2908	NA	-0.1091	NA
160	279	278	0.0915	NA	0.1503	NA
160	265	8	0.0022	NA	0.0022	NA
160	21	293	0	NA	0	NA
160	281	286	0	NA	0	NA
160	281	288	-0.0247	NA	-0.0247	NA
160	8	63	4e-04	NA	0.0022	NA
160	285	267	0.0292	NA	0.0326	NA
160	283	285	0.0321	NA	0.0326	NA
160	289	277	0.0377	NA	0.0378	NA
160	294	273	0.4479	NA	0.4479	NA
160	285	278	0.0049	NA	0.0326	NA
160	290	265	0.4157	NA	0.4157	NA
160	270	280	0	NA	0	NA
160	289	61	-0.6544	NA	-0.6499	NA
160	290	11	0.0011	NA	0.0012	NA
160	288	283	-0.4681	NA	-0.4598	NA
160	277	286	-0.1915	NA	-0.19	NA
160	106	90	0.0116	NA	0.0151	NA
160	61	286	-0.2196	NA	-0.1335	NA
160	265	37	0.1755	NA	0.1755	NA
160	270	46	0.0134	NA	0.0134	NA
160	90	248	-0.1335	NA	-0.1145	NA
160	66	46	0.0064	NA	0.0134	NA
160	267	284	0.5255	NA	0.6136	NA
160	267	274	0	NA	0	NA
160	295	277	0.998	NA	0.998	NA
160	283	275	-0.007	NA	-0.007	NA
160	283	8	0.0021	NA	0.0022	NA
160	284	294	0.0626	NA	0.0626	NA
160	48	261	0.023	NA	0.1461	NA
160	48	263	-0.2685	NA	-0.2554	NA
160	275	265	5e-04	NA	5e-04	NA
160	275	290	-0.0591	NA	-0.0591	NA
160	261	286	0.1076	NA	0.1461	NA
160	92	290	-0.3265	NA	-0.3246	NA
160	262	19	0.0012	NA	0.0012	NA
160	33	278	0	NA	1e-04	NA
160	286	11	0.0094	NA	0.0128	NA
160	264	294	0.0328	NA	0.0328	NA
160	264	268	0.0282	NA	0.0522	NA
160	41	296	0.3596	NA	0.3596	NA
160	260	291	-0.5186	NA	-0.3636	NA
160	276	271	0.2368	NA	0.2368	NA
160	292	291	0.3939	NA	0.5717	NA
160	270	278	-0.4397	NA	-0.4396	NA
160	267	289	0.0338	NA	0.0378	NA
160	267	295	0.2531	NA	0.2531	NA
160	269	48	0.0645	NA	0.1572	NA
160	286	289	0.0278	NA	0.0378	NA
160	278	92	0.095	NA	0.1503	NA
160	259	46	0.0014	NA	0.0134	NA
160	280	264	-0.161	NA	-0.161	NA
160	11	8	0	NA	0.0022	NA
160	11	106	4e-04	NA	0.0128	NA
160	21	288	-0.0257	NA	-0.0257	NA
160	272	260	-0.1846	NA	-0.1846	NA
160	293	279	0.3845	NA	0.6005	NA
160	284	263	0.0129	NA	0.0156	NA
160	284	61	0.0648	NA	0.1617	NA
160	284	261	0.1211	NA	0.1461	NA
160	19	285	0	NA	0.0012	NA
160	48	268	-0.0607	NA	-0.0167	NA
160	280	248	0	NA	0	NA
160	41	272	0.0217	NA	0.0217	NA
160	14	66	-0.2008	NA	-0.1866	NA
160	61	46	-0.1385	NA	-0.1369	NA
160	61	292	0.2969	NA	0.3823	NA
160	61	276	0.0363	NA	0.0391	NA
160	37	296	-0.0033	NA	-0.0033	NA
160	265	289	-0.0243	NA	-0.0243	NA
160	265	295	0.2268	NA	0.2268	NA
160	265	14	0.1806	NA	0.1806	NA
160	288	280	0	NA	0	NA
160	288	267	0.4228	NA	0.4759	NA
160	264	61	0.0825	NA	0.1457	NA
160	260	292	0.1055	NA	0.2771	NA
160	33	281	0	NA	0	NA
160	33	279	0	NA	1e-04	NA
160	48	290	-0.7692	NA	-0.7687	NA
160	48	265	0.1572	NA	0.1572	NA
160	259	282	-0.7102	NA	-0.6816	NA
160	280	268	0	NA	0	NA
160	259	272	-0.8925	NA	-0.8925	NA
160	280	294	0	NA	0	NA
160	41	92	0.1964	NA	0.4266	NA
160	41	281	0	NA	0	NA
160	41	279	-0.0512	NA	0.1703	NA
160	261	282	-0.6882	NA	-0.6493	NA
160	261	272	0.1461	NA	0.1461	NA
160	289	271	0.0378	NA	0.0378	NA
160	273	296	0.699	NA	0.699	NA
160	269	285	0.0134	NA	0.0326	NA
160	269	284	0.3401	NA	0.4103	NA
160	269	37	-0.0366	NA	0.13	NA
160	278	295	0.0734	NA	0.0734	NA
160	278	289	0.0057	NA	0.0378	NA
160	66	63	0.0947	NA	0.1979	NA
160	66	272	-0.5214	NA	-0.5214	NA
160	274	272	0	NA	0	NA
160	274	282	0	NA	0	NA
160	11	284	0.0106	NA	0.0128	NA
160	41	271	0.065	NA	0.065	NA
160	261	280	-0.0306	NA	-0.0306	NA
160	277	106	0.0305	NA	0.0306	NA
160	21	292	0	NA	0	NA
160	274	296	-0.2355	NA	-0.2355	NA
160	286	8	-0.0084	NA	-0.0079	NA
160	265	259	-0.6839	NA	-0.6839	NA
160	281	278	0	NA	0	NA
160	259	288	-0.7807	NA	-0.7269	NA
160	267	280	0	NA	0	NA
160	294	269	-0.5897	NA	-0.5897	NA
160	11	14	0.0124	NA	0.0128	NA
160	14	295	-0.0296	NA	-0.0296	NA
160	63	267	-0.1404	NA	-0.1194	NA
160	63	269	0.0812	NA	0.1979	NA
160	63	293	-0.3694	NA	-0.2992	NA
160	293	274	0	NA	0	NA
160	275	269	-0.0051	NA	-0.0048	NA
160	275	293	-0.0611	NA	-0.061	NA
160	275	267	5e-04	NA	5e-04	NA
160	90	259	-0.9048	NA	-0.8925	NA
160	290	273	0.4601	NA	0.4625	NA
160	63	278	-0.2223	NA	-0.1017	NA
160	291	8	-0.0385	NA	-0.038	NA
160	274	92	0	NA	0	NA
160	274	279	-0.0553	NA	-0.0553	NA
160	263	261	0.0023	NA	0.0156	NA
160	288	296	-0.5008	NA	-0.5008	NA
160	288	278	-0.1174	NA	-0.0422	NA
160	90	283	0.0342	NA	0.0489	NA
160	66	278	0.0178	NA	0.0961	NA
160	291	295	-0.2435	NA	-0.2435	NA
160	294	282	0.6155	NA	0.6155	NA
160	290	283	-0.0195	NA	-0.0166	NA
160	290	33	-0.0058	NA	-0.0058	NA
160	276	261	0.1008	NA	0.1012	NA
160	63	282	-0.0834	NA	-0.0307	NA
160	269	260	0.0401	NA	0.1893	NA
160	284	271	-0.1711	NA	-0.1711	NA
160	267	262	-0.0504	NA	-0.0362	NA
160	262	261	-0.8562	NA	-0.8539	NA
160	271	294	0.056	NA	0.056	NA
160	271	262	0.0879	NA	0.0879	NA
160	277	285	0.0326	NA	0.0326	NA
160	282	289	0.0277	NA	0.0378	NA
160	283	280	0	NA	0	NA
160	8	279	0.0013	NA	0.0022	NA
160	286	274	0	NA	0	NA
160	286	37	-0.1146	NA	-0.0401	NA
160	286	285	0.024	NA	0.0326	NA
160	248	290	0.1022	NA	0.1051	NA
160	248	265	0.1371	NA	0.1371	NA
160	264	63	-0.456	NA	-0.3651	NA
160	289	272	-0.0498	NA	-0.0498	NA
160	106	278	0.0046	NA	0.0306	NA
160	294	296	0.1203	NA	0.1203	NA
160	293	290	-0.3568	NA	-0.3549	NA
160	285	288	-0.0361	NA	-0.0198	NA
160	282	285	0.0239	NA	0.0326	NA
160	92	295	0.3463	NA	0.3463	NA
160	92	14	0.1316	NA	0.1503	NA
160	263	262	0.0153	NA	0.0156	NA
160	263	268	8e-04	NA	0.0156	NA
160	263	294	0.0124	NA	0.0124	NA
160	281	283	0	NA	0	NA
160	270	292	-0.1742	NA	-0.1741	NA
160	46	294	0.0134	NA	0.0134	NA
160	289	276	-0.2736	NA	-0.2735	NA
160	262	289	0.0372	NA	0.0378	NA
160	262	14	-0.0385	NA	-0.023	NA
160	276	268	0.052	NA	0.0522	NA
160	276	294	-0.0032	NA	-0.0032	NA
160	19	270	0.0012	NA	0.0012	NA
160	292	288	0.3646	NA	0.4992	NA
160	270	286	0.5322	NA	0.5323	NA
160	261	33	0	NA	1e-04	NA
160	261	283	0.1437	NA	0.1461	NA
160	262	294	-0.016	NA	-0.016	NA
160	286	291	-0.2437	NA	-0.0644	NA
160	286	271	-0.1734	NA	-0.1734	NA
160	268	261	0.0076	NA	0.0522	NA
160	295	272	0.1417	NA	0.1417	NA
160	295	282	0.7021	NA	0.7021	NA
160	21	291	0	NA	0	NA
160	276	248	0.0808	NA	0.0839	NA
160	286	63	0.1058	NA	0.1579	NA
160	61	260	0.1297	NA	0.2041	NA
160	278	275	1e-04	NA	5e-04	NA
160	282	283	0.2753	NA	0.2875	NA
160	66	269	0.1964	NA	0.4103	NA
160	66	293	-0.157	NA	0.0129	NA
160	66	267	-0.5004	NA	-0.4495	NA
160	270	283	0.0317	NA	0.0319	NA
160	260	270	0.1392	NA	0.1393	NA
160	261	278	0.022	NA	0.1461	NA
160	289	270	0.0114	NA	0.0114	NA
160	106	66	0.0146	NA	0.0306	NA
160	106	92	0.0193	NA	0.0306	NA
160	106	279	0.0186	NA	0.0306	NA
160	41	283	0.2607	NA	0.2713	NA
160	282	8	-0.0555	NA	-0.0549	NA
160	282	275	4e-04	NA	5e-04	NA
160	282	106	0.0224	NA	0.0306	NA
160	61	268	0.0461	NA	0.0522	NA
160	61	294	0.3795	NA	0.3795	NA
160	61	262	-0.131	NA	-0.1169	NA
160	265	260	0.0541	NA	0.0541	NA
160	90	278	0.1331	NA	0.1503	NA
160	41	273	-0.0904	NA	0.0199	NA
160	41	264	0.1785	NA	0.3753	NA
160	271	288	-0.1658	NA	-0.1658	NA
160	275	272	5e-04	NA	5e-04	NA
160	283	286	-0.2758	NA	-0.2635	NA
160	267	291	-0.2631	NA	-0.1827	NA
160	92	37	0.1258	NA	0.2295	NA
160	269	281	0	NA	0	NA
160	261	279	0.0889	NA	0.1461	NA
160	261	92	-0.0172	NA	0.0364	NA
160	274	90	-0.0527	NA	-0.0527	NA
160	272	262	0.3302	NA	0.3302	NA
160	272	294	0	NA	0	NA
160	271	265	0	NA	0	NA
160	37	282	0.2073	NA	0.2825	NA
160	48	46	0.0021	NA	0.0134	NA
160	277	279	0.6075	NA	0.6087	NA
160	277	281	0	NA	0	NA
160	277	92	0.1397	NA	0.141	NA
160	260	41	0.337	NA	0.5683	NA
160	21	280	0	NA	0	NA
160	21	269	-0.2953	NA	-0.2953	NA
160	296	289	-0.0737	NA	-0.0737	NA
160	286	267	-0.3418	NA	-0.2635	NA
160	286	269	-0.1624	NA	-0.0543	NA
160	265	276	0.2012	NA	0.2012	NA
160	279	285	0.0199	NA	0.0326	NA
160	279	284	-0.4955	NA	-0.3913	NA
160	280	276	0	NA	0	NA
160	259	278	-0.0511	NA	0.0402	NA
160	269	270	0.1477	NA	0.1477	NA
160	285	259	0.0016	NA	0.0307	NA
160	290	267	-0.1089	NA	-0.1063	NA
160	273	282	0.6066	NA	0.7338	NA
160	63	276	-0.3454	NA	-0.3447	NA
160	63	292	-0.2235	NA	-0.1701	NA
160	61	261	0.1032	NA	0.1203	NA
160	248	259	0.0661	NA	0.0685	NA
160	293	90	-0.2414	NA	-0.1675	NA
160	288	46	0.0067	NA	0.0134	NA
160	290	278	0.1498	NA	0.1503	NA
160	291	279	-0.154	NA	-0.0058	NA
160	248	295	-0.0215	NA	-0.0215	NA
160	66	264	0.2587	NA	0.4786	NA
160	41	66	0.2589	NA	0.433	NA
160	46	290	0.0134	NA	0.0134	NA
160	46	265	0.0134	NA	0.0134	NA
160	14	90	0.0736	NA	0.0998	NA
160	284	291	-0.2119	NA	-0.0824	NA
160	290	63	-0.1539	NA	-0.1533	NA
160	284	19	0.001	NA	0.0012	NA
160	269	295	0.09	NA	0.09	NA
160	269	14	-0.0231	NA	-0.0109	NA
160	276	21	-0.0308	NA	-0.0308	NA
160	293	265	-0.3549	NA	-0.3549	NA
160	66	21	0	NA	0	NA
160	283	260	-0.3742	NA	-0.3636	NA
160	8	259	2e-04	NA	0.0022	NA
160	46	11	2e-04	NA	0.0128	NA
160	261	90	-0.8706	NA	-0.8539	NA
160	272	61	0.3223	NA	0.3223	NA
160	292	46	0.0098	NA	0.0134	NA
160	48	270	0.1572	NA	0.1572	NA
160	282	291	0.059	NA	0.2377	NA
160	282	271	-0.2662	NA	-0.2662	NA
160	279	260	0.248	NA	0.4694	NA
160	248	289	0.037	NA	0.0378	NA
160	281	264	0	NA	0	NA
160	267	46	0.012	NA	0.0134	NA
160	267	292	0.1782	NA	0.2558	NA
160	267	276	-0.0145	NA	-0.0116	NA
160	294	292	0.2555	NA	0.2555	NA
160	266	290	0	NA	0	NA
160	266	265	0	NA	0	NA
160	266	264	0	NA	0	NA
160	266	278	0	NA	0	NA
160	266	286	0	NA	0	NA
160	266	288	0	NA	0	NA
160	266	280	0	NA	0	NA
160	266	261	0	NA	0	NA
160	266	66	0	NA	0	NA
160	266	263	0	NA	0	NA
160	266	48	0	NA	0	NA
160	266	106	0	NA	0	NA
160	266	8	0	NA	0	NA
160	266	269	0	NA	0	NA
160	266	259	0	NA	0	NA
160	266	281	0	NA	0	NA
160	266	279	0	NA	0	NA
160	266	276	0	NA	0	NA
160	266	248	0	NA	0	NA
160	266	268	0	NA	0	NA
160	287	260	0	NA	0	NA
160	266	270	0	NA	0	NA
160	266	275	0	NA	0	NA
160	266	21	0	NA	0	NA
160	266	33	0	NA	0	NA
160	266	283	0	NA	0	NA
160	287	278	0	NA	0	NA
160	287	296	0	NA	0	NA
160	266	291	0	NA	0	NA
160	266	284	0	NA	0	NA
160	266	285	0	NA	0	NA
160	287	295	0	NA	0	NA
160	287	14	0	NA	0	NA
160	287	289	-0.0303	NA	-0.0303	NA
160	266	14	0	NA	0	NA
160	266	273	0	NA	0	NA
160	266	46	0	NA	0	NA
160	266	262	0	NA	0	NA
160	284	14	0.0217	NA	0.022	NA
160	296	285	0.0385	NA	0.0401	NA
160	288	61	-0.1677	NA	-0.0735	NA
160	264	293	0.1233	NA	0.1467	NA
160	273	19	0.0127	NA	0.0133	NA
160	48	287	-0.0243	NA	-0.0243	NA
160	287	90	-0.1156	NA	-0.1156	NA
160	277	270	0.199	NA	0.2257	NA
160	288	275	0	NA	0	NA
160	278	273	0.0041	NA	0.0043	NA
160	296	90	-0.0931	NA	-0.0547	NA
160	271	268	0.1409	NA	0.257	NA
160	287	266	0	NA	0	NA
160	46	293	-0.0021	NA	0.0094	NA
160	277	273	0.0261	NA	0.0639	NA
160	287	41	0	NA	0	NA
160	293	277	-0.181	NA	-0.1472	NA
160	46	14	0.0017	NA	0.022	NA
160	266	292	0.0106	NA	0.0297	NA
160	273	292	0.048	NA	0.0643	NA
160	273	37	0.2604	NA	0.2986	NA
160	293	287	-0.0359	NA	-0.0359	NA
160	48	14	-0.0176	NA	0.0038	NA
160	287	283	-0.0385	NA	-0.0385	NA
160	277	291	-0.4535	NA	-0.431	NA
160	106	296	0.0203	NA	0.0212	NA
160	273	271	0.2836	NA	0.3202	NA
160	277	248	-0.1104	NA	-0.0737	NA
160	287	285	-0.07	NA	-0.07	NA
160	287	37	0	NA	0	NA
160	287	274	0	NA	0	NA
160	272	288	0.2371	NA	0.2371	NA
160	8	287	0	NA	0	NA
160	296	267	0.2448	NA	0.2811	NA
160	274	277	0.0814	NA	0.0848	NA
160	277	288	0.1614	NA	0.1812	NA
160	271	295	0.4674	NA	0.4802	NA
160	271	14	0.0176	NA	0.022	NA
160	272	277	-0.0396	NA	-0.0396	NA
160	292	14	0.0079	NA	0.022	NA
160	296	14	0.0211	NA	0.022	NA
160	287	292	0	NA	0	NA
160	289	273	0.0335	NA	0.0489	NA
160	286	288	0.3072	NA	0.4651	NA
160	293	283	-0.1143	NA	-0.0854	NA
160	277	46	0.066	NA	0.069	NA
160	287	63	-0.0511	NA	-0.0511	NA
160	277	276	-0.0485	NA	-0.0396	NA
160	296	46	0.0068	NA	0.01	NA
160	273	14	-0.0479	NA	-0.0469	NA
160	296	261	-0.1973	NA	-0.1943	NA
160	296	278	0.0041	NA	0.0043	NA
160	280	287	-0.0128	NA	-0.0128	NA
160	273	66	-0.7099	NA	-0.6959	NA
160	287	92	0	NA	0	NA
160	293	296	-0.1512	NA	-0.1166	NA
160	273	63	0.1324	NA	0.141	NA
160	296	275	-0.0282	NA	-0.0282	NA
160	280	296	0.9513	NA	0.9594	NA
160	274	14	0.0019	NA	0.022	NA
160	262	296	0.0655	NA	0.0962	NA
160	8	273	0.0794	NA	0.0846	NA
160	287	288	0	NA	0	NA
160	287	286	0	NA	0	NA
160	277	275	-0.0304	NA	-0.0304	NA
160	281	287	0	NA	0	NA
160	8	296	-0.084	NA	-0.0794	NA
160	290	296	0.1287	NA	0.1661	NA
160	278	293	0.0037	NA	0.0043	NA
160	296	66	-0.7083	NA	-0.6959	NA
160	296	92	-0.0611	NA	-0.0406	NA
160	296	279	-0.329	NA	-0.3175	NA
160	273	287	0	NA	0	NA
160	8	277	0.0713	NA	0.0758	NA
160	260	293	-0.1515	NA	-0.124	NA
160	262	287	0	NA	0	NA
160	287	271	-0.0814	NA	-0.0814	NA
160	287	291	0	NA	0	NA
160	287	259	0	NA	0	NA
160	260	14	0.0213	NA	0.022	NA
160	295	296	-0.056	NA	-0.0406	NA
160	293	266	0.0254	NA	0.0297	NA
160	281	296	0.0261	NA	0.03	NA
160	290	287	-0.0664	NA	-0.0664	NA
160	261	287	-0.007	NA	-0.007	NA
160	267	287	-0.066	NA	-0.066	NA
160	14	248	0.0204	NA	0.022	NA
160	259	293	-0.9949	NA	-0.994	NA
160	61	287	0	NA	0	NA
160	287	264	0	NA	0	NA
160	289	14	0.0216	NA	0.022	NA
160	293	267	0.0369	NA	0.1273	NA
160	288	265	0.355	NA	0.3556	NA
160	271	275	-0.1117	NA	-0.1117	NA
160	273	21	0.0238	NA	0.025	NA
160	292	277	0.1177	NA	0.1319	NA
160	275	287	0	NA	0	NA
160	280	293	0.8293	NA	0.8364	NA
160	270	296	0.2383	NA	0.2649	NA
160	248	287	-0.0069	NA	-0.0069	NA
160	273	272	0.0925	NA	0.0925	NA
160	287	21	-0.0337	NA	-0.0337	NA
160	14	277	0.0211	NA	0.022	NA
160	292	293	0.0896	NA	0.1423	NA
160	66	287	0	NA	0	NA
160	19	14	3e-04	NA	0.0133	NA
160	287	294	-0.0063	NA	-0.0063	NA
160	270	287	-0.0107	NA	-0.0107	NA
160	287	277	-0.0038	NA	-0.0038	NA
160	287	106	-0.0473	NA	-0.0473	NA
160	293	41	0.6604	NA	0.7362	NA
160	265	277	-0.0407	NA	-0.0396	NA
160	14	293	-0.0088	NA	-0.0056	NA
160	293	273	0.0292	NA	0.0683	NA
160	290	271	0.3932	NA	0.4573	NA
160	66	277	-0.5329	NA	-0.5208	NA
160	269	287	0	NA	0	NA
160	267	277	0.1407	NA	0.1761	NA
160	61	296	0.0793	NA	0.087	NA
160	46	287	0	NA	0	NA
160	269	293	0.0755	NA	0.0979	NA
160	284	293	-0.1597	NA	-0.1472	NA
160	279	287	-0.0329	NA	-0.0329	NA
160	282	277	-0.6186	NA	-0.6162	NA
160	285	14	9e-04	NA	0.022	NA
160	284	287	0	NA	0	NA
160	268	287	0	NA	0	NA
160	293	271	0.6262	NA	0.7439	NA
160	263	287	0	NA	0	NA
160	261	14	-0.0048	NA	0.0156	NA
160	277	262	-0.103	NA	-0.0729	NA
160	11	273	0.0099	NA	0.0103	NA
160	293	281	0.0804	NA	0.0943	NA
160	282	287	0	NA	0	NA
160	281	273	0.0021	NA	0.0065	NA
160	296	268	0.1949	NA	0.2296	NA
160	272	287	0	NA	0	NA
160	296	283	-0.0731	NA	-0.0406	NA
160	276	287	0	NA	0	NA
160	265	287	0	NA	0	NA
160	293	276	-0.155	NA	-0.1472	NA
