186	697	92	-0.0033	NA	-0.0011	NA
186	1057	92	-0.0047	NA	-0.0012	NA
186	883	92	-0.0033	NA	1e-04	NA
186	972	92	-0.0034	NA	0	NA
186	1636	92	-0.0012	NA	-6e-04	NA
186	1368	92	-0.0015	NA	-1e-04	NA
186	1959	92	-0.0015	NA	4e-04	NA
186	1162	92	-0.0018	NA	-2e-04	NA
186	1775	92	-0.0019	NA	9e-04	NA
186	1677	92	-0.0019	NA	8e-04	NA
186	522	92	-0.002	NA	-8e-04	NA
186	535	92	-0.0021	NA	0	NA
186	1228	92	-0.0022	NA	-5e-04	NA
186	1960	92	-0.0023	NA	6e-04	NA
186	1718	92	-0.0024	NA	-2e-04	NA
186	490	92	-0.0025	NA	-1e-04	NA
186	1925	92	-0.0026	NA	-4e-04	NA
186	1915	92	-0.0026	NA	-1e-04	NA
186	647	92	-0.0029	NA	-7e-04	NA
186	902	92	-0.0029	NA	-5e-04	NA
186	576	92	-0.003	NA	0	NA
186	977	92	-0.003	NA	-4e-04	NA
186	578	92	-0.0031	NA	-2e-04	NA
186	1716	92	-0.0031	NA	-5e-04	NA
186	1668	92	-0.0032	NA	0	NA
186	771	92	-0.0033	NA	-5e-04	NA
186	1669	92	-0.0033	NA	-7e-04	NA
186	1493	92	-0.0033	NA	-9e-04	NA
186	1542	92	-0.0033	NA	0	NA
186	577	92	-0.0033	NA	-9e-04	NA
186	1580	92	-0.0035	NA	-7e-04	NA
186	1579	92	-0.0036	NA	1e-04	NA
186	461	92	-0.0036	NA	1e-04	NA
186	1423	92	-0.0036	NA	-3e-04	NA
186	1897	92	-0.0036	NA	1e-04	NA
186	1330	92	-0.0037	NA	1e-04	NA
186	762	92	-0.0037	NA	-0.001	NA
186	1062	92	-0.0038	NA	0	NA
186	1640	92	-0.0041	NA	-5e-04	NA
186	2001	92	-0.0041	NA	-6e-04	NA
186	471	92	-0.0044	NA	-6e-04	NA
186	1603	92	-0.008	NA	-0.0042	NA
186	1117	92	-0.0033	NA	-2e-04	NA
186	2000	92	-0.0039	NA	-2e-04	NA
186	1570	92	-0.0034	NA	-2e-04	NA
186	528	92	-0.0031	NA	-4e-04	NA
186	1415	92	-0.0027	NA	1e-04	NA
186	1197	92	-0.0034	NA	1e-04	NA
186	782	92	-0.0022	NA	-2e-04	NA
186	543	92	-0.0017	NA	0	NA
186	908	92	-0.0017	NA	-2e-04	NA
186	1610	92	-0.0026	NA	-6e-04	NA
186	1119	92	-0.0027	NA	5e-04	NA
186	1591	92	-0.003	NA	-4e-04	NA
186	692	92	-0.0031	NA	-1e-04	NA
186	1824	92	-0.0032	NA	0	NA
186	735	92	-0.0033	NA	0	NA
186	594	92	-0.0037	NA	-6e-04	NA
186	909	92	-0.0038	NA	-3e-04	NA
186	1323	92	-0.0046	NA	-0.001	NA
186	1387	92	-0.001	NA	6e-04	NA
186	1485	92	-0.0012	NA	0.0016	NA
186	520	92	-0.0014	NA	3e-04	NA
186	704	92	-0.0015	NA	-1e-04	NA
186	443	92	-0.0017	NA	9e-04	NA
186	387	92	-0.0017	NA	-1e-04	NA
186	1127	92	-0.0019	NA	-3e-04	NA
186	839	92	-0.0019	NA	-2e-04	NA
186	1530	92	-0.0019	NA	3e-04	NA
186	448	92	-0.002	NA	-2e-04	NA
186	815	92	-0.0022	NA	-5e-04	NA
186	458	92	-0.0023	NA	-6e-04	NA
186	538	92	-0.0024	NA	-2e-04	NA
186	969	92	-0.0024	NA	-3e-04	NA
186	1281	92	-0.0025	NA	-3e-04	NA
186	617	92	-0.0025	NA	-3e-04	NA
186	1572	92	-0.0025	NA	-1e-04	NA
186	1639	92	-0.0025	NA	-4e-04	NA
186	1036	92	-0.0026	NA	4e-04	NA
186	1131	92	-0.0027	NA	-9e-04	NA
186	855	92	-0.0027	NA	-1e-04	NA
186	1740	92	-0.0028	NA	-7e-04	NA
186	1429	92	-0.0029	NA	-1e-04	NA
186	1856	92	-0.0029	NA	-3e-04	NA
186	627	92	-0.003	NA	3e-04	NA
186	1754	92	-0.0032	NA	-3e-04	NA
186	601	92	-0.0032	NA	-0.002	NA
186	976	92	-0.0032	NA	0	NA
186	509	92	-0.0032	NA	-0.001	NA
186	1092	92	-0.0033	NA	-6e-04	NA
186	1084	92	-0.0033	NA	2e-04	NA
186	453	92	-0.0033	NA	-3e-04	NA
186	1501	92	-0.0033	NA	-3e-04	NA
186	1896	92	-0.0034	NA	-2e-04	NA
186	1442	92	-0.0035	NA	3e-04	NA
186	651	92	-0.0035	NA	-3e-04	NA
186	1296	92	-0.0035	NA	-4e-04	NA
186	539	92	-0.0035	NA	-4e-04	NA
186	1944	92	-0.0035	NA	-2e-04	NA
186	1711	92	-0.0036	NA	-4e-04	NA
186	1869	92	-0.0037	NA	-3e-04	NA
186	1940	92	-0.0038	NA	-2e-04	NA
186	1432	92	-0.0038	NA	-2e-04	NA
186	792	92	-0.004	NA	-7e-04	NA
186	1642	92	-0.004	NA	-7e-04	NA
186	813	92	-0.004	NA	-5e-04	NA
186	1898	92	-0.0041	NA	-4e-04	NA
186	1584	92	-0.0043	NA	-5e-04	NA
186	370	92	-0.0016	NA	7e-04	NA
186	1805	92	-0.0018	NA	1e-04	NA
186	1152	92	-0.0017	NA	-1e-04	NA
186	1029	92	-0.0018	NA	2e-04	NA
186	1674	92	-0.0019	NA	-1e-04	NA
186	1672	92	-0.0021	NA	4e-04	NA
186	1180	92	-0.0021	NA	-4e-04	NA
186	1618	92	-0.0022	NA	-3e-04	NA
186	1673	92	-0.0033	NA	5e-04	NA
186	1538	92	-0.0033	NA	-1e-04	NA
186	1181	92	-0.0034	NA	-8e-04	NA
186	1190	92	-0.002	NA	2e-04	NA
186	18	92	-0.003	NA	8e-04	NA
186	1140	92	-0.0028	NA	-3e-04	NA
186	663	92	-0.0032	NA	-6e-04	NA
186	1002	92	-0.0014	NA	-1e-04	NA
186	459	92	-0.0019	NA	-3e-04	NA
186	702	92	-0.0017	NA	-3e-04	NA
186	695	92	-0.0019	NA	0	NA
186	1134	92	-0.002	NA	-3e-04	NA
186	1709	92	-0.002	NA	4e-04	NA
186	1576	92	-0.0021	NA	8e-04	NA
186	748	92	-0.0021	NA	-5e-04	NA
186	1978	92	-0.0022	NA	-5e-04	NA
186	1374	92	-0.0023	NA	-9e-04	NA
186	464	92	-0.0024	NA	7e-04	NA
186	1444	92	-0.0026	NA	-3e-04	NA
186	1403	92	-0.0026	NA	6e-04	NA
186	1141	92	-0.0026	NA	-8e-04	NA
186	460	92	-0.0026	NA	0	NA
186	1779	92	-0.0027	NA	-8e-04	NA
186	1984	92	-0.0027	NA	-7e-04	NA
186	1979	92	-0.0027	NA	1e-04	NA
186	936	92	-0.0028	NA	-5e-04	NA
186	1065	92	-0.0028	NA	7e-04	NA
186	644	92	-0.0029	NA	0	NA
186	1204	92	-0.0029	NA	9e-04	NA
186	442	92	-0.0029	NA	1e-04	NA
186	1862	92	-0.0029	NA	-3e-04	NA
186	1710	92	-0.0031	NA	-2e-04	NA
186	869	92	-0.0031	NA	-6e-04	NA
186	1605	92	-0.0031	NA	-5e-04	NA
186	1852	92	-0.0032	NA	-5e-04	NA
186	1273	92	-0.0032	NA	2e-04	NA
186	1517	92	-0.0032	NA	-5e-04	NA
186	1172	92	-0.0032	NA	-1e-04	NA
186	1518	92	-0.0033	NA	-2e-04	NA
186	920	92	-0.0033	NA	2e-04	NA
186	1121	92	-0.0033	NA	-3e-04	NA
186	1304	92	-0.0033	NA	0	NA
186	919	92	-0.0034	NA	-6e-04	NA
186	1520	92	-0.0034	NA	-8e-04	NA
186	1360	92	-0.0034	NA	-3e-04	NA
186	630	92	-0.0034	NA	0	NA
186	765	92	-0.0035	NA	-9e-04	NA
186	616	92	-0.0035	NA	-7e-04	NA
186	1559	92	-0.0035	NA	-2e-04	NA
186	1001	92	-0.0036	NA	-6e-04	NA
186	634	92	-0.0036	NA	0	NA
186	1780	92	-0.0037	NA	-8e-04	NA
186	825	92	-0.0037	NA	0	NA
186	1744	92	-0.0037	NA	-5e-04	NA
186	1830	92	-0.0037	NA	-6e-04	NA
186	1860	92	-0.0038	NA	-3e-04	NA
186	1723	92	-0.0038	NA	-4e-04	NA
186	1637	92	-0.0038	NA	-5e-04	NA
186	827	92	-0.0039	NA	-1e-04	NA
186	1366	92	-0.004	NA	-8e-04	NA
186	1838	92	-0.004	NA	-0.001	NA
186	1317	92	-0.004	NA	-3e-04	NA
186	1361	92	-0.0042	NA	-5e-04	NA
186	763	92	-0.0026	NA	1e-04	NA
186	1751	92	-0.0022	NA	5e-04	NA
186	1133	92	-0.0018	NA	-2e-04	NA
186	916	92	-0.0022	NA	-2e-04	NA
186	1245	92	-0.0011	NA	0.0011	NA
186	120	92	-0.0012	NA	0.0022	NA
186	1888	92	-0.0036	NA	2e-04	NA
186	655	92	-6e-04	NA	5e-04	NA
186	1008	92	-6e-04	NA	0.0011	NA
186	1800	92	-0.0026	NA	4e-04	NA
186	392	92	-0.0019	NA	0.0019	NA
186	422	92	-0.0014	NA	0.0023	NA
186	208	92	-6e-04	NA	0.0014	NA
186	858	92	-0.0024	NA	-6e-04	NA
186	1313	92	-0.0021	NA	3e-04	NA
186	441	92	-0.0031	NA	-4e-04	NA
186	1956	92	-0.0032	NA	-4e-04	NA
186	1878	92	-0.0031	NA	7e-04	NA
186	508	92	-0.0025	NA	1e-04	NA
186	393	92	-0.0026	NA	-1e-04	NA
186	440	92	-0.0029	NA	0	NA
186	1986	92	-6e-04	NA	8e-04	NA
186	435	92	-0.0017	NA	-8e-04	NA
186	995	92	-0.0022	NA	3e-04	NA
186	620	92	-0.0026	NA	0	NA
186	416	92	-0.0026	NA	4e-04	NA
186	915	92	-0.0027	NA	7e-04	NA
186	1445	92	-0.0027	NA	2e-04	NA
186	788	92	-0.0029	NA	-5e-04	NA
186	819	92	-0.0032	NA	-6e-04	NA
186	1247	92	-0.0033	NA	-2e-04	NA
186	1749	92	-0.0037	NA	1e-04	NA
186	506	92	-0.0037	NA	-2e-04	NA
186	917	92	-0.0025	NA	-3e-04	NA
186	1791	92	-0.0026	NA	-1e-04	NA
186	1230	92	-0.002	NA	0.0012	NA
186	1936	92	-0.0022	NA	-5e-04	NA
186	690	92	-0.0027	NA	-2e-04	NA
186	552	92	-0.0027	NA	0	NA
186	689	92	-0.0028	NA	-1e-04	NA
186	1823	92	-0.0029	NA	3e-04	NA
186	1455	92	-0.003	NA	-4e-04	NA
186	926	92	-0.0033	NA	-5e-04	NA
186	1418	92	-0.0035	NA	-3e-04	NA
186	1129	92	-0.0035	NA	-3e-04	NA
186	553	92	-0.0036	NA	-4e-04	NA
186	113	92	-0.0016	NA	7e-04	NA
186	325	92	-0.003	NA	3e-04	NA
186	662	92	-9e-04	NA	3e-04	NA
186	1919	92	-0.0013	NA	0.0024	NA
186	430	92	-0.0019	NA	0.0019	NA
186	1920	92	-0.0023	NA	0.0015	NA
186	1348	92	-0.0022	NA	-1e-04	NA
186	1250	92	-0.0011	NA	0.0027	NA
186	1474	92	-0.0013	NA	0.0019	NA
186	246	92	-0.0014	NA	0.0024	NA
186	177	92	-0.0016	NA	0.0022	NA
186	1255	92	-0.0019	NA	0.0019	NA
186	587	92	-0.0021	NA	0.0017	NA
186	1990	92	-0.0021	NA	0.0016	NA
186	1689	92	-0.0022	NA	0.0015	NA
186	413	92	-0.0024	NA	0.0013	NA
186	1079	92	-0.003	NA	8e-04	NA
186	656	92	-0.0031	NA	5e-04	NA
186	1790	92	-0.0031	NA	6e-04	NA
186	678	92	-0.0047	NA	-0.001	NA
186	657	92	0.0016	NA	0.0053	NA
186	1016	92	2e-04	NA	0.0039	NA
186	53	92	0	NA	0.0037	NA
186	540	92	-1e-04	NA	0.0036	NA
186	808	92	-0.0012	NA	0.0026	NA
186	1188	92	-0.0018	NA	8e-04	NA
186	1186	92	-0.0031	NA	-5e-04	NA
186	558	92	-0.0029	NA	-7e-04	NA
186	1803	92	-0.0025	NA	0.0013	NA
186	224	92	-0.0028	NA	0.001	NA
186	1071	92	-0.003	NA	-2e-04	NA
186	419	92	-0.0031	NA	-0.0022	NA
186	163	92	-0.0032	NA	6e-04	NA
186	128	92	-0.0041	NA	-3e-04	NA
186	397	92	-0.0076	NA	-0.0038	NA
186	175	92	4e-04	NA	0.0041	NA
186	1472	92	2e-04	NA	0.0014	NA
186	1094	92	2e-04	NA	0.0029	NA
186	1093	92	1e-04	NA	0.0019	NA
186	1839	92	-0.0012	NA	3e-04	NA
186	961	92	-0.0013	NA	5e-04	NA
186	1193	92	-0.0016	NA	3e-04	NA
186	751	92	-0.0019	NA	-4e-04	NA
186	1265	92	-0.002	NA	1e-04	NA
186	1398	92	-0.0022	NA	0	NA
186	1264	92	-0.0022	NA	6e-04	NA
186	283	92	-0.0022	NA	6e-04	NA
186	598	92	-0.0023	NA	3e-04	NA
186	1946	92	-0.0024	NA	-6e-04	NA
186	1222	92	-0.0026	NA	-1e-04	NA
186	846	92	-0.0026	NA	-2e-04	NA
186	737	92	-0.0026	NA	-3e-04	NA
186	1389	92	-0.0027	NA	-3e-04	NA
186	1384	92	-0.0029	NA	2e-04	NA
186	1834	92	-0.0029	NA	-6e-04	NA
186	987	92	-0.0031	NA	-3e-04	NA
186	1395	92	-0.0031	NA	-3e-04	NA
186	551	92	-0.0032	NA	-5e-04	NA
186	1393	92	-0.0033	NA	-2e-04	NA
186	1139	92	-0.0034	NA	2e-04	NA
186	491	92	-0.0039	NA	-6e-04	NA
186	1635	92	-0.0023	NA	3e-04	NA
186	1030	92	-0.0026	NA	2e-04	NA
186	568	92	-0.0029	NA	-2e-04	NA
186	410	92	-0.0036	NA	2e-04	NA
186	1425	92	-0.0036	NA	0	NA
186	409	92	-2e-04	NA	0.003	NA
186	1857	92	-0.0023	NA	-3e-04	NA
186	1906	92	-0.0025	NA	0	NA
186	635	92	-0.0027	NA	-3e-04	NA
186	833	92	-0.0038	NA	0	NA
186	1292	92	-0.0039	NA	-9e-04	NA
186	1453	92	-0.0016	NA	0.0018	NA
186	1929	92	-0.0026	NA	-5e-04	NA
186	516	92	-0.0029	NA	-4e-04	NA
186	1344	92	-0.0022	NA	-0.0012	NA
186	741	92	-0.0035	NA	-3e-04	NA
186	705	92	-0.0021	NA	1e-04	NA
186	1414	92	-0.0035	NA	-2e-04	NA
186	888	92	-6e-04	NA	0.0017	NA
186	1615	92	-0.0028	NA	3e-04	NA
186	1267	92	-0.0025	NA	-4e-04	NA
186	1345	92	-0.0018	NA	1e-04	NA
186	1985	92	-0.0028	NA	8e-04	NA
186	889	92	-0.0029	NA	3e-04	NA
186	1596	92	-0.0015	NA	0.0023	NA
186	344	92	-0.0017	NA	0.0021	NA
186	975	92	-0.0017	NA	0.0021	NA
186	1450	92	-0.002	NA	0.0017	NA
186	421	92	-0.0022	NA	0.0016	NA
186	579	92	-0.0022	NA	0	NA
186	436	92	-0.0024	NA	0.0014	NA
186	31	92	-0.0024	NA	0.0014	NA
186	1498	92	-0.0027	NA	-0.0021	NA
186	1649	92	-0.003	NA	-7e-04	NA
186	1475	92	-0.0033	NA	3e-04	NA
186	569	92	-0.0035	NA	-0.0012	NA
186	1794	92	-0.0036	NA	2e-04	NA
186	1476	92	-0.0042	NA	-4e-04	NA
186	1187	92	1e-04	NA	0.0036	NA
186	1148	92	-0.003	NA	3e-04	NA
186	1314	92	-6e-04	NA	4e-04	NA
186	504	92	-0.0012	NA	8e-04	NA
186	1873	92	-0.0019	NA	0.0013	NA
186	806	92	-0.002	NA	-1e-04	NA
186	951	92	-0.0031	NA	-8e-04	NA
186	661	92	-0.0016	NA	-4e-04	NA
186	1930	92	-0.0017	NA	4e-04	NA
186	533	92	-0.0018	NA	-3e-04	NA
186	1927	92	-0.0025	NA	-3e-04	NA
186	1142	92	-0.0032	NA	0	NA
186	1102	92	-4e-04	NA	0.0012	NA
186	1251	92	-0.0019	NA	0.0019	NA
186	665	92	-0.0022	NA	0.0015	NA
186	1183	92	-0.0031	NA	7e-04	NA
186	119	92	-0.0039	NA	-2e-04	NA
186	1468	92	3e-04	NA	0.0029	NA
186	306	92	-0.0023	NA	4e-04	NA
186	1234	92	-0.003	NA	-2e-04	NA
186	1513	92	-0.0032	NA	-7e-04	NA
186	1864	92	-0.002	NA	0.0012	NA
186	913	92	-0.0026	NA	-1e-04	NA
186	994	92	-0.0012	NA	-4e-04	NA
186	1124	92	-0.0013	NA	0	NA
186	1394	92	-0.0015	NA	-3e-04	NA
186	835	92	-0.0017	NA	3e-04	NA
186	1051	92	-0.0017	NA	5e-04	NA
186	958	92	-0.0018	NA	3e-04	NA
186	643	92	-0.0019	NA	-6e-04	NA
186	1109	92	-0.0023	NA	7e-04	NA
186	500	92	-0.0025	NA	0	NA
186	1356	92	-0.0025	NA	-4e-04	NA
186	1704	92	-0.0025	NA	-5e-04	NA
186	1165	92	-0.0026	NA	-4e-04	NA
186	1932	92	-0.0026	NA	-7e-04	NA
186	531	92	-0.0026	NA	0	NA
186	1164	92	-0.0027	NA	-5e-04	NA
186	1210	92	-0.0027	NA	-5e-04	NA
186	1643	92	-0.0028	NA	-4e-04	NA
186	1275	92	-0.0028	NA	-3e-04	NA
186	1777	92	-0.0029	NA	-2e-04	NA
186	1773	92	-0.0029	NA	1e-04	NA
186	1994	92	-0.0029	NA	-3e-04	NA
186	1891	92	-0.0029	NA	1e-04	NA
186	836	92	-0.003	NA	0	NA
186	1866	92	-0.0031	NA	1e-04	NA
186	637	92	-0.0032	NA	-3e-04	NA
186	1236	92	-0.0032	NA	3e-04	NA
186	988	92	-0.0032	NA	2e-04	NA
186	1865	92	-0.0032	NA	-2e-04	NA
186	527	92	-0.0032	NA	-3e-04	NA
186	701	92	-0.0033	NA	-6e-04	NA
186	1540	92	-0.0033	NA	-5e-04	NA
186	1435	92	-0.0034	NA	-3e-04	NA
186	444	92	-0.0035	NA	2e-04	NA
186	605	92	-0.0035	NA	-0.001	NA
186	16	92	-0.0035	NA	-5e-04	NA
186	1278	92	-0.0035	NA	-4e-04	NA
186	837	92	-0.0036	NA	-7e-04	NA
186	1229	92	-0.0036	NA	-2e-04	NA
186	482	92	-0.0036	NA	-2e-04	NA
186	947	92	-0.0037	NA	-1e-04	NA
186	1519	92	-0.0037	NA	-5e-04	NA
186	1367	92	-0.0038	NA	-6e-04	NA
186	1379	92	-0.0041	NA	-3e-04	NA
186	1391	92	-0.0022	NA	-1e-04	NA
186	983	92	-0.0028	NA	-4e-04	NA
186	1682	92	-0.0018	NA	-1e-04	NA
186	1154	92	-0.0027	NA	0.0011	NA
186	1155	92	-0.003	NA	8e-04	NA
186	1153	92	-0.0031	NA	1e-04	NA
186	1970	92	-0.0032	NA	-3e-04	NA
186	786	92	-0.002	NA	2e-04	NA
186	785	92	-0.0027	NA	-0.0013	NA
186	1567	92	-0.002	NA	7e-04	NA
186	439	92	-0.0031	NA	-0.001	NA
186	1035	92	-0.0034	NA	-0.0011	NA
186	1786	92	-0.0042	NA	-4e-04	NA
186	55	92	-0.0029	NA	2e-04	NA
186	999	92	-0.003	NA	0	NA
186	7	92	-0.0033	NA	0	NA
186	485	92	-0.0035	NA	-4e-04	NA
186	38	92	-0.0035	NA	0	NA
186	468	92	-0.0015	NA	3e-04	NA
186	1279	92	-0.0022	NA	5e-04	NA
186	584	92	-0.0023	NA	3e-04	NA
186	513	92	-0.0031	NA	-1e-04	NA
186	1881	92	-0.0031	NA	-8e-04	NA
186	600	92	-9e-04	NA	0.002	NA
186	772	92	-0.0018	NA	-9e-04	NA
186	1469	92	-0.0024	NA	-2e-04	NA
186	235	92	-0.0038	NA	-0.0013	NA
186	1547	92	0.0021	NA	0.0038	NA
186	1310	92	-0.0015	NA	4e-04	NA
186	897	92	-0.0015	NA	3e-04	NA
186	769	92	-0.0017	NA	0.0021	NA
186	749	92	-0.0018	NA	-3e-04	NA
186	650	92	-0.0021	NA	7e-04	NA
186	621	92	-0.0022	NA	0.0014	NA
186	980	92	-0.0027	NA	3e-04	NA
186	1132	92	-0.0028	NA	6e-04	NA
186	1311	92	-0.0029	NA	1e-04	NA
186	1717	92	-0.0031	NA	0	NA
186	1758	92	-0.0031	NA	-2e-04	NA
186	1958	92	-0.0035	NA	-3e-04	NA
186	1854	92	-0.0035	NA	-2e-04	NA
186	277	92	-0.0036	NA	2e-04	NA
186	1163	92	-0.0039	NA	-1e-04	NA
186	396	92	-0.0025	NA	0	NA
186	1683	92	0.0012	NA	0.005	NA
186	1597	92	-0.0019	NA	4e-04	NA
186	26	92	-0.002	NA	0.0018	NA
186	1996	92	-0.0025	NA	-1e-04	NA
186	8	92	-0.0026	NA	-2e-04	NA
186	1221	92	-8e-04	NA	0.0018	NA
186	1349	92	-0.0029	NA	0	NA
186	124	92	8e-04	NA	0.0021	NA
186	1481	92	-0.0043	NA	-5e-04	NA
186	1601	92	-0.0028	NA	0.001	NA
186	871	92	-0.0033	NA	-4e-04	NA
186	21	92	-0.0036	NA	2e-04	NA
186	70	92	-0.0037	NA	-2e-04	NA
186	45	92	-0.0038	NA	-1e-04	NA
186	631	92	-0.0039	NA	-1e-04	NA
186	784	92	-0.004	NA	-2e-04	NA
186	22	92	-0.0043	NA	-5e-04	NA
186	595	92	-0.0044	NA	-6e-04	NA
186	390	92	-0.0047	NA	-0.001	NA
186	92	92	-0.0055	NA	-0.0017	NA
186	599	92	-0.0033	NA	-3e-04	NA
186	698	92	-0.0034	NA	-1e-04	NA
186	1590	92	-0.0016	NA	-2e-04	NA
186	1077	92	-0.0018	NA	3e-04	NA
186	727	92	-0.0018	NA	-6e-04	NA
186	864	92	-0.0023	NA	0	NA
186	1844	92	-0.0023	NA	-7e-04	NA
186	478	92	-0.0026	NA	-8e-04	NA
186	878	92	-0.0027	NA	-2e-04	NA
186	1233	92	-0.0027	NA	-5e-04	NA
186	1511	92	-0.0027	NA	-5e-04	NA
186	1647	92	-0.003	NA	-4e-04	NA
186	547	92	-0.003	NA	-8e-04	NA
186	1209	92	-0.0031	NA	-4e-04	NA
186	1456	92	-0.0032	NA	-3e-04	NA
186	1651	92	-0.0032	NA	-2e-04	NA
186	1571	92	-0.0032	NA	-5e-04	NA
186	863	92	-0.0033	NA	-8e-04	NA
186	1516	92	-0.0035	NA	-1e-04	NA
186	1890	92	-0.0036	NA	0	NA
186	1551	92	-0.0036	NA	-8e-04	NA
186	467	92	-0.0039	NA	-5e-04	NA
186	489	92	-0.0042	NA	-4e-04	NA
186	1508	92	-0.0025	NA	-5e-04	NA
186	604	92	-0.0021	NA	4e-04	NA
186	1681	92	-0.0022	NA	-2e-04	NA
186	891	92	-0.0026	NA	9e-04	NA
186	893	92	-0.0042	NA	-4e-04	NA
186	1949	92	-0.0012	NA	0	NA
186	1728	92	-0.0026	NA	-2e-04	NA
186	1705	92	-0.003	NA	-1e-04	NA
186	1053	92	-0.0034	NA	-1e-04	NA
186	473	92	-0.0036	NA	1e-04	NA
186	1213	92	-7e-04	NA	2e-04	NA
186	1047	92	-0.0029	NA	3e-04	NA
186	818	92	-0.0011	NA	9e-04	NA
186	1491	92	-0.0019	NA	-1e-04	NA
186	1178	92	-0.0021	NA	-6e-04	NA
186	1449	92	-0.0022	NA	-6e-04	NA
186	1451	92	-0.0022	NA	-5e-04	NA
186	1105	92	-0.0028	NA	-9e-04	NA
186	1792	92	-0.0029	NA	-0.0018	NA
186	1494	92	-0.0012	NA	5e-04	NA
186	1270	92	-0.0018	NA	6e-04	NA
186	886	92	-0.0031	NA	7e-04	NA
186	429	92	-0.0025	NA	-0.0015	NA
186	1096	92	-0.003	NA	-3e-04	NA
186	391	92	-0.0042	NA	-4e-04	NA
186	565	92	0.0034	NA	0.0056	NA
186	686	92	-0.0033	NA	-3e-04	NA
186	479	92	-0.0017	NA	0.001	NA
186	1729	92	-0.0022	NA	-2e-04	NA
186	1261	92	-0.0027	NA	-2e-04	NA
186	258	92	-0.0034	NA	-1e-04	NA
186	632	92	-0.0034	NA	1e-04	NA
186	1352	92	0.0026	NA	0.0047	NA
186	927	92	-0.0014	NA	3e-04	NA
186	1874	92	-0.0016	NA	-2e-04	NA
186	1562	92	-0.0019	NA	-0.001	NA
186	1913	92	-0.0021	NA	-4e-04	NA
186	1082	92	-0.0024	NA	-6e-04	NA
186	1274	92	-0.0025	NA	-0.0016	NA
186	476	92	-0.0027	NA	-9e-04	NA
186	938	92	-0.0028	NA	-2e-04	NA
186	939	92	-0.0028	NA	-3e-04	NA
186	1573	92	-0.0029	NA	-4e-04	NA
186	1810	92	-0.0029	NA	-1e-04	NA
186	946	92	-0.0029	NA	0	NA
186	940	92	-0.003	NA	-1e-04	NA
186	1312	92	-0.0031	NA	-7e-04	NA
186	842	92	-0.0031	NA	1e-04	NA
186	885	92	-0.0031	NA	-4e-04	NA
186	42	92	-0.0033	NA	-6e-04	NA
186	1207	92	-0.0034	NA	-4e-04	NA
186	58	92	-0.0035	NA	-0.0012	NA
186	941	92	-0.0035	NA	0	NA
186	1290	92	-0.0038	NA	-7e-04	NA
186	590	92	-0.0039	NA	-0.0016	NA
186	272	92	-0.0039	NA	-3e-04	NA
186	880	92	-0.0039	NA	-0.001	NA
186	841	92	-0.004	NA	-4e-04	NA
186	761	92	-0.0042	NA	-0.001	NA
186	1404	92	-0.0044	NA	-0.001	NA
186	1606	92	-0.0044	NA	-6e-04	NA
186	1046	92	-0.0049	NA	-0.0012	NA
186	890	92	-0.0025	NA	-5e-04	NA
186	1909	92	-0.0026	NA	-3e-04	NA
186	892	92	-0.0029	NA	-6e-04	NA
186	381	92	-0.001	NA	6e-04	NA
186	1417	92	-0.0027	NA	-0.0013	NA
186	1466	92	0.0025	NA	0.0036	NA
186	1145	92	-0.002	NA	3e-04	NA
186	1912	92	-0.002	NA	-1e-04	NA
186	625	92	-0.0042	NA	-6e-04	NA
186	1638	92	-0.0027	NA	-4e-04	NA
186	514	92	-0.0029	NA	-2e-04	NA
186	899	92	-4e-04	NA	0.0029	NA
186	337	92	-0.0021	NA	0.0017	NA
186	230	92	-0.0022	NA	5e-04	NA
186	1461	92	-0.0026	NA	0.0012	NA
186	1782	92	-0.0046	NA	-8e-04	NA
186	244	92	-0.0017	NA	0.0015	NA
186	1223	92	-0.0026	NA	0.0011	NA
186	775	92	-0.0024	NA	3e-04	NA
186	225	92	-0.0019	NA	4e-04	NA
186	1806	92	-0.0023	NA	-5e-04	NA
186	242	92	-0.0012	NA	-7e-04	NA
186	86	92	-0.0015	NA	-0.001	NA
186	37	92	-0.0017	NA	-0.0012	NA
186	84	92	-0.0018	NA	-0.0014	NA
186	108	92	-0.0032	NA	0	NA
186	1974	92	-0.0024	NA	5e-04	NA
186	1027	92	-3e-04	NA	0.003	NA
186	364	92	-0.0011	NA	-2e-04	NA
186	1048	92	-0.002	NA	1e-04	NA
186	1376	92	-0.0027	NA	-4e-04	NA
186	949	92	-0.0032	NA	-1e-04	NA
186	984	92	-0.0037	NA	0	NA
186	1536	92	-0.0038	NA	-2e-04	NA
186	960	92	-0.0039	NA	-6e-04	NA
186	1983	92	-0.0019	NA	1e-04	NA
186	1192	92	-0.0021	NA	-4e-04	NA
186	795	92	-0.003	NA	-5e-04	NA
186	1714	92	-0.0031	NA	-4e-04	NA
186	1243	92	-0.0036	NA	-6e-04	NA
186	541	92	-0.0037	NA	-2e-04	NA
186	1059	92	-0.0019	NA	0.0018	NA
186	633	92	-0.0035	NA	3e-04	NA
186	1075	92	-0.001	NA	-3e-04	NA
186	822	92	-0.0013	NA	-3e-04	NA
186	817	92	-0.0013	NA	-5e-04	NA
186	591	92	-0.0016	NA	-9e-04	NA
186	996	92	-0.0018	NA	-8e-04	NA
186	614	92	-0.0019	NA	-0.0011	NA
186	1300	92	-0.0024	NA	-7e-04	NA
186	991	92	-0.0024	NA	-0.0014	NA
186	990	92	-0.0024	NA	-0.0014	NA
186	1883	92	-0.0024	NA	-0.0012	NA
186	1284	92	-0.0025	NA	-3e-04	NA
186	989	92	-0.0026	NA	-0.0017	NA
186	642	92	-0.0026	NA	-0.0011	NA
186	1089	92	-0.0026	NA	-0.001	NA
186	986	92	-0.0026	NA	-0.0018	NA
186	1231	92	-0.0029	NA	-0.0019	NA
186	774	92	-0.0029	NA	1e-04	NA
186	1325	92	-0.003	NA	-0.0022	NA
186	1560	92	-0.0033	NA	-8e-04	NA
186	1561	92	-0.0033	NA	2e-04	NA
186	1076	92	-0.0034	NA	-0.0028	NA
186	27	92	-0.0034	NA	-0.0017	NA
186	1884	92	-0.0035	NA	-0.0018	NA
186	758	92	-0.0035	NA	-0.003	NA
186	844	92	-9e-04	NA	-2e-04	NA
186	1184	92	-0.0042	NA	-0.0019	NA
186	1191	92	-0.0014	NA	1e-04	NA
186	1922	92	-0.002	NA	-6e-04	NA
186	1923	92	-0.0023	NA	-1e-04	NA
186	401	92	-0.0024	NA	0	NA
186	1342	92	-0.0025	NA	-1e-04	NA
186	1115	92	-0.0027	NA	-2e-04	NA
186	1924	92	-0.0027	NA	2e-04	NA
186	675	92	-0.0028	NA	2e-04	NA
186	1921	92	-0.0031	NA	-4e-04	NA
186	1259	92	-0.0032	NA	1e-04	NA
186	1248	92	-0.004	NA	-2e-04	NA
186	371	92	-0.0042	NA	-4e-04	NA
186	1097	92	-0.0028	NA	-4e-04	NA
186	549	92	-0.0029	NA	-4e-04	NA
186	641	92	-0.0021	NA	5e-04	NA
186	673	92	-0.0021	NA	2e-04	NA
186	571	92	-0.0012	NA	-2e-04	NA
186	1680	92	-0.0021	NA	0.0017	NA
186	1017	92	-0.0015	NA	-8e-04	NA
186	1031	92	-0.0025	NA	-1e-04	NA
186	1409	92	-0.0026	NA	-2e-04	NA
186	1789	92	-0.003	NA	-6e-04	NA
186	432	92	-0.0035	NA	-6e-04	NA
186	563	92	7e-04	NA	0.0045	NA
186	434	92	-0.001	NA	0.0028	NA
186	431	92	-0.0011	NA	0.0014	NA
186	353	92	-0.0024	NA	0	NA
186	1804	92	-0.0025	NA	-1e-04	NA
186	1123	92	-0.0026	NA	7e-04	NA
186	188	92	-0.0028	NA	0.001	NA
186	1671	92	-0.0037	NA	-6e-04	NA
186	1667	92	-0.0038	NA	0	NA
186	667	92	0	NA	0.0036	NA
186	666	92	-6e-04	NA	0.0029	NA
186	1422	92	-0.0027	NA	4e-04	NA
186	937	92	-0.0029	NA	-1e-04	NA
186	1198	92	-0.0032	NA	1e-04	NA
186	826	92	-0.0033	NA	-8e-04	NA
186	1926	92	-0.0035	NA	-4e-04	NA
186	1820	92	-0.0025	NA	-5e-04	NA
186	807	92	-0.0033	NA	-1e-04	NA
186	803	92	-0.0035	NA	-7e-04	NA
186	1598	92	0.0042	NA	0.0062	NA
186	592	92	0.0021	NA	0.0058	NA
186	1550	92	-8e-04	NA	0.003	NA
186	1238	92	2e-04	NA	0.004	NA
186	217	92	-0.0014	NA	0.0011	NA
186	668	92	-0.0017	NA	-9e-04	NA
186	415	92	-0.0023	NA	0.0015	NA
186	1050	92	-0.0024	NA	0.0014	NA
186	1736	92	-0.0026	NA	3e-04	NA
186	881	92	-0.0027	NA	0	NA
186	1321	92	-0.0031	NA	6e-04	NA
186	1239	92	-0.0034	NA	2e-04	NA
186	1935	92	-0.0034	NA	-2e-04	NA
186	1901	92	-0.0036	NA	-4e-04	NA
186	1887	92	-0.0036	NA	2e-04	NA
186	1176	92	-0.0036	NA	1e-04	NA
186	1593	92	-0.0037	NA	1e-04	NA
186	1454	92	-0.004	NA	-9e-04	NA
186	1641	92	-3e-04	NA	0.0021	NA
186	1712	92	3e-04	NA	0.0031	NA
186	106	92	-6e-04	NA	0.0032	NA
186	1599	92	-0.001	NA	-4e-04	NA
186	1621	92	-7e-04	NA	0.0016	NA
186	677	92	-0.0038	NA	0	NA
186	900	92	-0.002	NA	1e-04	NA
186	1224	92	-0.0024	NA	-2e-04	NA
186	724	92	6e-04	NA	0.0029	NA
186	1656	92	-0.0014	NA	1e-04	NA
186	957	92	-0.0016	NA	-5e-04	NA
186	750	92	-0.002	NA	-7e-04	NA
186	1515	92	-0.0022	NA	-3e-04	NA
186	510	92	-0.0024	NA	1e-04	NA
186	639	92	-0.0024	NA	1e-04	NA
186	1419	92	-0.0025	NA	-2e-04	NA
186	821	92	-0.0025	NA	5e-04	NA
186	747	92	-0.0025	NA	-3e-04	NA
186	970	92	-0.0025	NA	-1e-04	NA
186	1652	92	-0.0025	NA	0	NA
186	783	92	-0.0026	NA	3e-04	NA
186	1833	92	-0.0027	NA	-9e-04	NA
186	1166	92	-0.0027	NA	-5e-04	NA
186	876	92	-0.0027	NA	-2e-04	NA
186	847	92	-0.0027	NA	-6e-04	NA
186	918	92	-0.0028	NA	-1e-04	NA
186	613	92	-0.0028	NA	2e-04	NA
186	550	92	-0.0028	NA	-3e-04	NA
186	1611	92	-0.0029	NA	-1e-04	NA
186	787	92	-0.003	NA	-6e-04	NA
186	1195	92	-0.003	NA	-1e-04	NA
186	548	92	-0.003	NA	-1e-04	NA
186	1227	92	-0.0032	NA	-6e-04	NA
186	714	92	-0.0032	NA	-1e-04	NA
186	856	92	-0.0033	NA	-3e-04	NA
186	607	92	-0.0033	NA	-1e-04	NA
186	1205	92	-0.0033	NA	-7e-04	NA
186	1149	92	-0.0034	NA	-2e-04	NA
186	1400	92	-0.0035	NA	-6e-04	NA
186	896	92	-0.0036	NA	-0.0016	NA
186	740	92	-0.0036	NA	-6e-04	NA
186	1211	92	-0.0036	NA	-3e-04	NA
186	1894	92	-0.0037	NA	-1e-04	NA
186	1083	92	-0.0038	NA	-5e-04	NA
186	1090	92	-0.004	NA	-2e-04	NA
186	1272	92	-0.0047	NA	-9e-04	NA
186	1309	92	-0.0028	NA	-4e-04	NA
186	1318	92	-0.0032	NA	-4e-04	NA
186	1607	92	-0.0011	NA	3e-04	NA
186	861	92	-0.0013	NA	1e-04	NA
186	904	92	-0.0017	NA	-6e-04	NA
186	1244	92	-0.0029	NA	-2e-04	NA
186	572	92	-0.0039	NA	-4e-04	NA
186	501	92	-0.0022	NA	1e-04	NA
186	534	92	-0.0024	NA	3e-04	NA
186	814	92	-0.0027	NA	0	NA
186	1226	92	-0.003	NA	-9e-04	NA
186	757	92	-0.0027	NA	-2e-04	NA
186	1232	92	-0.003	NA	-8e-04	NA
186	536	92	-0.0032	NA	-7e-04	NA
186	1390	92	-0.0033	NA	-4e-04	NA
186	182	92	-0.0035	NA	-1e-04	NA
186	1557	92	-0.0037	NA	-3e-04	NA
186	1306	92	-0.0037	NA	-7e-04	NA
186	997	92	-0.0054	NA	-0.0016	NA
186	1541	92	-0.0062	NA	-0.0025	NA
186	1650	92	-0.0067	NA	-0.0029	NA
186	61	92	-0.0031	NA	-3e-04	NA
186	1892	92	-0.0036	NA	0	NA
186	1690	92	-0.0026	NA	0.0012	NA
186	1976	92	-0.0027	NA	0.0011	NA
186	1464	92	-0.0028	NA	0.001	NA
186	420	92	-0.0029	NA	9e-04	NA
186	424	92	-0.0031	NA	7e-04	NA
186	562	92	-0.0032	NA	6e-04	NA
186	1158	92	-0.0032	NA	6e-04	NA
186	351	92	-0.0033	NA	4e-04	NA
186	162	92	-0.0034	NA	4e-04	NA
186	1038	92	-0.0034	NA	4e-04	NA
186	44	92	-0.001	NA	0.002	NA
186	1009	92	-0.0017	NA	0.0013	NA
186	203	92	-0.0035	NA	-7e-04	NA
186	628	92	-0.0036	NA	2e-04	NA
186	408	92	-0.0023	NA	-2e-04	NA
186	1341	92	-0.0027	NA	-2e-04	NA
186	830	92	-0.0036	NA	-3e-04	NA
186	1334	92	-0.0033	NA	1e-04	NA
186	1337	92	-0.0014	NA	0	NA
186	1320	92	-0.0036	NA	-2e-04	NA
186	281	92	-4e-04	NA	2e-04	NA
186	736	92	-0.002	NA	3e-04	NA
186	386	92	-0.0033	NA	5e-04	NA
186	828	92	-0.0044	NA	-6e-04	NA
186	1098	92	0.0045	NA	0.0059	NA
186	174	92	0	NA	0.0032	NA
186	588	92	-0.0016	NA	0.0021	NA
186	1679	92	-0.0023	NA	-4e-04	NA
186	1801	92	-0.0028	NA	-0.0017	NA
186	570	92	4e-04	NA	0.0032	NA
186	190	92	-0.0017	NA	9e-04	NA
186	1798	92	0.0033	NA	0.006	NA
186	1973	92	-0.0013	NA	0.0011	NA
186	428	92	-0.0013	NA	0.0024	NA
186	1963	92	-0.0014	NA	9e-04	NA
186	1185	92	-0.0019	NA	0.0019	NA
186	1989	92	-0.0023	NA	-4e-04	NA
186	1495	92	-0.004	NA	-2e-04	NA
186	305	92	-0.0042	NA	-4e-04	NA
186	1861	92	-0.0043	NA	-5e-04	NA
186	1660	92	-0.0043	NA	-5e-04	NA
186	343	92	-0.0051	NA	-0.0013	NA
186	660	92	-1e-04	NA	0.002	NA
186	198	92	-2e-04	NA	0.0024	NA
186	1353	92	2e-04	NA	0.0012	NA
186	423	92	-0.0019	NA	0.0019	NA
186	1797	92	-3e-04	NA	0.0034	NA
186	1014	92	-0.002	NA	0	NA
186	1144	92	-0.0021	NA	-1e-04	NA
186	214	92	-0.0038	NA	0	NA
186	1138	92	-0.0021	NA	0.0017	NA
186	1678	92	-0.0027	NA	0.0011	NA
186	1327	92	-0.0016	NA	3e-04	NA
186	1554	92	-0.0031	NA	-5e-04	NA
186	1992	92	-0.0043	NA	-5e-04	NA
186	1026	92	-0.0018	NA	-6e-04	NA
186	349	92	-0.0027	NA	-0.0017	NA
186	1998	92	-0.0018	NA	8e-04	NA
186	585	92	-0.0023	NA	2e-04	NA
186	1168	92	-0.0027	NA	2e-04	NA
186	1167	92	-0.0035	NA	-4e-04	NA
186	323	92	-0.0023	NA	-6e-04	NA
186	1382	92	-0.0024	NA	-4e-04	NA
186	1322	92	-0.0026	NA	-3e-04	NA
186	1614	92	-0.0031	NA	2e-04	NA
186	1696	92	-0.0034	NA	-4e-04	NA
186	220	92	-0.0025	NA	4e-04	NA
186	1146	92	-5e-04	NA	0.0032	NA
186	1531	92	0.0034	NA	0.005	NA
186	567	92	5e-04	NA	0.0013	NA
186	131	92	6e-04	NA	0.0026	NA
186	69	92	-0.0015	NA	0.0017	NA
186	566	92	-0.0018	NA	5e-04	NA
186	1459	92	-0.0026	NA	-4e-04	NA
186	1240	92	-0.0028	NA	-9e-04	NA
186	1460	92	-0.0028	NA	3e-04	NA
186	1907	92	-0.0031	NA	-1e-04	NA
186	1687	92	-0.0036	NA	-6e-04	NA
186	137	92	-0.0036	NA	-0.001	NA
186	1458	92	-0.0046	NA	-0.002	NA
186	1788	92	0	NA	0.0023	NA
186	438	92	-1e-04	NA	0.0016	NA
186	1910	92	0.001	NA	0.0036	NA
186	816	92	-0.0024	NA	7e-04	NA
186	733	92	-0.0037	NA	1e-04	NA
186	734	92	-0.0038	NA	0	NA
186	1063	92	-0.0017	NA	1e-04	NA
186	398	92	-0.002	NA	0.0018	NA
186	103	92	-0.0023	NA	0.0014	NA
186	923	92	-0.0027	NA	0.0011	NA
186	922	92	-0.0027	NA	0.0011	NA
186	104	92	-0.0027	NA	0.0011	NA
186	32	92	-0.003	NA	7e-04	NA
186	76	92	-0.0031	NA	7e-04	NA
186	680	92	-0.0032	NA	6e-04	NA
186	1402	92	-0.0034	NA	4e-04	NA
186	1951	92	-0.0034	NA	3e-04	NA
186	1291	92	-0.0017	NA	-3e-04	NA
186	1842	92	-0.0019	NA	-1e-04	NA
186	754	92	-0.0023	NA	-4e-04	NA
186	756	92	-0.0024	NA	-7e-04	NA
186	1446	92	-0.0024	NA	-2e-04	NA
186	874	92	-0.0025	NA	-2e-04	NA
186	1835	92	-0.0028	NA	-4e-04	NA
186	755	92	-0.0031	NA	-4e-04	NA
186	1850	92	-0.0031	NA	-2e-04	NA
186	1215	92	-0.0034	NA	-4e-04	NA
186	933	92	-0.0035	NA	2e-04	NA
186	718	92	-0.0035	NA	-5e-04	NA
186	875	92	-0.0038	NA	-6e-04	NA
186	1257	92	-0.003	NA	-2e-04	NA
186	1116	92	-0.0032	NA	-5e-04	NA
186	1347	92	-0.0035	NA	-9e-04	NA
186	589	92	-8e-04	NA	8e-04	NA
186	624	92	-0.0028	NA	-2e-04	NA
186	1609	92	-0.0037	NA	-3e-04	NA
186	1961	92	0.0021	NA	0.004	NA
186	324	92	0.0021	NA	0.0027	NA
186	1411	92	-0.0011	NA	-1e-04	NA
186	1010	92	-0.0012	NA	0	NA
186	1965	92	-0.0014	NA	0.0024	NA
186	1500	92	-0.0016	NA	6e-04	NA
186	1875	92	-0.0016	NA	0.0022	NA
186	1489	92	-0.0017	NA	-0.0011	NA
186	1100	92	-0.0022	NA	0.0016	NA
186	1975	92	-0.0024	NA	-0.0016	NA
186	116	92	-0.0027	NA	-8e-04	NA
186	1966	92	-0.0029	NA	-0.0018	NA
186	1876	92	-0.0031	NA	6e-04	NA
186	117	92	-0.0042	NA	-0.0019	NA
186	894	92	-0.0014	NA	3e-04	NA
186	377	92	-0.0028	NA	-5e-04	NA
186	1734	92	-0.003	NA	-7e-04	NA
186	1421	92	-0.0019	NA	4e-04	NA
186	368	92	-0.0019	NA	0	NA
186	1694	92	-0.0037	NA	1e-04	NA
186	1150	92	-0.0026	NA	-4e-04	NA
186	216	92	-0.0024	NA	5e-04	NA
186	515	92	-0.0012	NA	4e-04	NA
186	953	92	-0.0024	NA	0	NA
186	1548	92	-0.0029	NA	-7e-04	NA
186	71	92	-0.0026	NA	5e-04	NA
186	1013	92	-0.0028	NA	-6e-04	NA
186	1118	92	-0.0011	NA	0.002	NA
186	48	92	-0.0014	NA	9e-04	NA
186	1546	92	-0.0026	NA	0.0011	NA
186	24	92	-0.0023	NA	0.0014	NA
186	797	92	0.0011	NA	0.0049	NA
186	1702	92	0.0036	NA	0.0046	NA
186	425	92	-0.0015	NA	-4e-04	NA
186	669	92	-0.0028	NA	-8e-04	NA
186	1108	92	-0.0028	NA	-5e-04	NA
186	1595	92	8e-04	NA	0.004	NA
186	1032	92	-6e-04	NA	0.0031	NA
186	1488	92	-2e-04	NA	0.0036	NA
186	1486	92	7e-04	NA	0.0026	NA
186	193	92	-2e-04	NA	0.0012	NA
186	127	92	-6e-04	NA	0.0032	NA
186	1492	92	8e-04	NA	0.0017	NA
186	1526	92	-7e-04	NA	2e-04	NA
186	1159	92	-0.0034	NA	4e-04	NA
186	1005	92	-0.0028	NA	9e-04	NA
186	1968	92	-0.003	NA	-2e-04	NA
186	12	92	-0.0025	NA	4e-04	NA
186	75	92	-0.0031	NA	-2e-04	NA
186	56	92	-0.0032	NA	2e-04	NA
186	20	92	-0.0032	NA	1e-04	NA
186	29	92	-0.0037	NA	-4e-04	NA
186	14	92	-0.0039	NA	-1e-04	NA
186	47	92	-0.0047	NA	-9e-04	NA
186	1586	92	-0.0019	NA	3e-04	NA
186	81	92	-0.0035	NA	2e-04	NA
186	63	92	-0.0036	NA	2e-04	NA
186	291	92	-0.0027	NA	-9e-04	NA
186	278	92	-0.0036	NA	-3e-04	NA
186	46	92	-0.0015	NA	4e-04	NA
186	19	92	-0.0043	NA	-6e-04	NA
186	982	92	-0.0044	NA	-7e-04	NA
186	700	92	-0.002	NA	-2e-04	NA
186	41	92	-0.0021	NA	1e-04	NA
186	39	92	-0.0035	NA	3e-04	NA
186	13	92	-0.0038	NA	-3e-04	NA
186	955	92	-0.0042	NA	-5e-04	NA
186	1608	92	-0.0044	NA	-6e-04	NA
186	1841	92	-0.0019	NA	-5e-04	NA
186	1408	92	-0.0026	NA	-8e-04	NA
186	1285	92	-0.0013	NA	-2e-04	NA
186	1364	92	-0.0029	NA	1e-04	NA
186	1363	92	-0.0032	NA	-1e-04	NA
186	1405	92	-0.0033	NA	-6e-04	NA
186	1604	92	-0.0034	NA	-2e-04	NA
186	400	92	-0.0042	NA	-6e-04	NA
186	1151	92	-0.0061	NA	-0.0023	NA
186	1225	92	-0.0027	NA	-9e-04	NA
186	1568	92	-0.0029	NA	1e-04	NA
186	715	92	0.0033	NA	0.004	NA
186	1845	92	0.0016	NA	0.0054	NA
186	716	92	7e-04	NA	0.0045	NA
186	791	92	-0.0012	NA	-1e-04	NA
186	1914	92	-0.003	NA	-3e-04	NA
186	456	92	-0.0033	NA	-3e-04	NA
186	1916	92	-0.0036	NA	-4e-04	NA
186	4	92	-0.0036	NA	2e-04	NA
186	1333	92	0.0011	NA	0.0044	NA
186	1818	92	-2e-04	NA	0.003	NA
186	1136	92	-9e-04	NA	0.0022	NA
186	507	92	-0.001	NA	0.0014	NA
186	1934	92	-0.001	NA	-2e-04	NA
186	1286	92	-0.001	NA	0.0019	NA
186	956	92	-0.0011	NA	-2e-04	NA
186	1760	92	-0.0011	NA	6e-04	NA
186	1431	92	-0.0012	NA	0.0014	NA
186	445	92	-0.0012	NA	-1e-04	NA
186	1746	92	-0.0012	NA	-2e-04	NA
186	472	92	-0.0012	NA	8e-04	NA
186	648	92	-0.0012	NA	8e-04	NA
186	1733	92	-0.0013	NA	5e-04	NA
186	606	92	-0.0013	NA	-5e-04	NA
186	618	92	-0.0014	NA	1e-04	NA
186	1719	92	-0.0014	NA	-3e-04	NA
186	597	92	-0.0014	NA	4e-04	NA
186	759	92	-0.0014	NA	-1e-04	NA
186	1870	92	-0.0014	NA	5e-04	NA
186	1626	92	-0.0014	NA	0.0016	NA
186	745	92	-0.0014	NA	4e-04	NA
186	766	92	-0.0014	NA	4e-04	NA
186	376	92	-0.0014	NA	0.0011	NA
186	1326	92	-0.0014	NA	0.0018	NA
186	537	92	-0.0015	NA	-2e-04	NA
186	1514	92	-0.0015	NA	8e-04	NA
186	1837	92	-0.0015	NA	6e-04	NA
186	850	92	-0.0016	NA	-5e-04	NA
186	1583	92	-0.0016	NA	-6e-04	NA
186	1080	92	-0.0016	NA	2e-04	NA
186	831	92	-0.0016	NA	-3e-04	NA
186	1893	92	-0.0016	NA	-3e-04	NA
186	452	92	-0.0016	NA	0.0022	NA
186	770	92	-0.0016	NA	0	NA
186	640	92	-0.0016	NA	0.0014	NA
186	465	92	-0.0016	NA	-2e-04	NA
186	1443	92	-0.0016	NA	-2e-04	NA
186	1399	92	-0.0016	NA	-5e-04	NA
186	1697	92	-0.0017	NA	0	NA
186	64	92	-0.0017	NA	3e-04	NA
186	1365	92	-0.0017	NA	0.001	NA
186	1899	92	-0.0017	NA	2e-04	NA
186	1039	92	-0.0017	NA	5e-04	NA
186	1657	92	-0.0017	NA	3e-04	NA
186	1563	92	-0.0017	NA	3e-04	NA
186	1339	92	-0.0017	NA	4e-04	NA
186	1774	92	-0.0017	NA	-4e-04	NA
186	1980	92	-0.0017	NA	-3e-04	NA
186	1735	92	-0.0018	NA	1e-04	NA
186	450	92	-0.0018	NA	-6e-04	NA
186	829	92	-0.0018	NA	4e-04	NA
186	1698	92	-0.0018	NA	1e-04	NA
186	1416	92	-0.0018	NA	-5e-04	NA
186	1819	92	-0.0018	NA	-7e-04	NA
186	978	92	-0.0019	NA	-0.001	NA
186	608	92	-0.0019	NA	0	NA
186	971	92	-0.0019	NA	-1e-04	NA
186	1623	92	-0.0019	NA	-7e-04	NA
186	1858	92	-0.0019	NA	3e-04	NA
186	1755	92	-0.0019	NA	3e-04	NA
186	1430	92	-0.0019	NA	-2e-04	NA
186	1324	92	-0.002	NA	0	NA
186	1332	92	-0.002	NA	-2e-04	NA
186	1171	92	-0.002	NA	0	NA
186	451	92	-0.002	NA	-7e-04	NA
186	1658	92	-0.002	NA	-7e-04	NA
186	710	92	-0.002	NA	2e-04	NA
186	887	92	-0.002	NA	-4e-04	NA
186	1396	92	-0.002	NA	-5e-04	NA
186	1527	92	-0.002	NA	3e-04	NA
186	930	92	-0.002	NA	3e-04	NA
186	723	92	-0.002	NA	9e-04	NA
186	1738	92	-0.0021	NA	2e-04	NA
186	593	92	-0.0021	NA	-3e-04	NA
186	1592	92	-0.0021	NA	4e-04	NA
186	6	92	-0.0021	NA	1e-04	NA
186	696	92	-0.0021	NA	1e-04	NA
186	610	92	-0.0021	NA	-3e-04	NA
186	1388	92	-0.0021	NA	-5e-04	NA
186	789	92	-0.0021	NA	-2e-04	NA
186	1840	92	-0.0022	NA	-5e-04	NA
186	1544	92	-0.0022	NA	1e-04	NA
186	717	92	-0.0022	NA	-1e-04	NA
186	487	92	-0.0022	NA	-4e-04	NA
186	1299	92	-0.0022	NA	-7e-04	NA
186	1713	92	-0.0022	NA	-3e-04	NA
186	1776	92	-0.0022	NA	-2e-04	NA
186	557	92	-0.0023	NA	-4e-04	NA
186	1853	92	-0.0023	NA	-4e-04	NA
186	854	92	-0.0023	NA	-6e-04	NA
186	711	92	-0.0023	NA	-1e-04	NA
186	1634	92	-0.0023	NA	-4e-04	NA
186	555	92	-0.0023	NA	-1e-04	NA
186	729	92	-0.0023	NA	-3e-04	NA
186	768	92	-0.0023	NA	-2e-04	NA
186	1724	92	-0.0023	NA	-4e-04	NA
186	1624	92	-0.0023	NA	-7e-04	NA
186	483	92	-0.0023	NA	-3e-04	NA
186	499	92	-0.0023	NA	0	NA
186	910	92	-0.0023	NA	-1e-04	NA
186	1534	92	-0.0023	NA	-2e-04	NA
186	626	92	-0.0023	NA	3e-04	NA
186	629	92	-0.0023	NA	-6e-04	NA
186	1268	92	-0.0023	NA	5e-04	NA
186	1630	92	-0.0023	NA	-2e-04	NA
186	470	92	-0.0024	NA	-5e-04	NA
186	752	92	-0.0024	NA	-1e-04	NA
186	838	92	-0.0024	NA	-2e-04	NA
186	1855	92	-0.0024	NA	-2e-04	NA
186	1762	92	-0.0024	NA	-3e-04	NA
186	366	92	-0.0024	NA	5e-04	NA
186	781	92	-0.0024	NA	1e-04	NA
186	523	92	-0.0024	NA	-8e-04	NA
186	1552	92	-0.0024	NA	-5e-04	NA
186	1438	92	-0.0024	NA	-6e-04	NA
186	457	92	-0.0024	NA	-4e-04	NA
186	239	92	-0.0024	NA	-2e-04	NA
186	1706	92	-0.0024	NA	-5e-04	NA
186	264	92	-0.0024	NA	7e-04	NA
186	1895	92	-0.0024	NA	-3e-04	NA
186	1340	92	-0.0025	NA	0	NA
186	384	92	-0.0024	NA	3e-04	NA
186	776	92	-0.0025	NA	-5e-04	NA
186	732	92	-0.0025	NA	-8e-04	NA
186	1262	92	-0.0025	NA	-1e-04	NA
186	292	92	-0.0025	NA	8e-04	NA
186	693	92	-0.0025	NA	-2e-04	NA
186	1329	92	-0.0025	NA	-7e-04	NA
186	1953	92	-0.0025	NA	3e-04	NA
186	1037	92	-0.0025	NA	-2e-04	NA
186	1931	92	-0.0025	NA	-3e-04	NA
186	1135	92	-0.0025	NA	-4e-04	NA
186	1933	92	-0.0025	NA	-3e-04	NA
186	952	92	-0.0025	NA	0.0013	NA
186	259	92	-0.0025	NA	0.0012	NA
186	1812	92	-0.0025	NA	-2e-04	NA
186	1578	92	-0.0025	NA	-4e-04	NA
186	794	92	-0.0025	NA	-1e-04	NA
186	843	92	-0.0026	NA	-0.001	NA
186	1505	92	-0.0026	NA	0	NA
186	1282	92	-0.0026	NA	-7e-04	NA
186	1757	92	-0.0025	NA	2e-04	NA
186	1759	92	-0.0026	NA	-5e-04	NA
186	862	92	-0.0026	NA	-0.0018	NA
186	615	92	-0.0026	NA	-5e-04	NA
186	1848	92	-0.0026	NA	0	NA
186	932	92	-0.0026	NA	-3e-04	NA
186	1748	92	-0.0026	NA	-6e-04	NA
186	1768	92	-0.0026	NA	0	NA
186	1212	92	-0.0026	NA	4e-04	NA
186	525	92	-0.0026	NA	-9e-04	NA
186	1902	92	-0.0026	NA	-1e-04	NA
186	511	92	-0.0026	NA	-3e-04	NA
186	544	92	-0.0026	NA	4e-04	NA
186	375	92	-0.0026	NA	-3e-04	NA
186	943	92	-0.0026	NA	0	NA
186	968	92	-0.0026	NA	-4e-04	NA
186	1539	92	-0.0026	NA	-2e-04	NA
186	261	92	-0.0026	NA	0	NA
186	609	92	-0.0026	NA	-7e-04	NA
186	1585	92	-0.0026	NA	-1e-04	NA
186	935	92	-0.0026	NA	5e-04	NA
186	1995	92	-0.0027	NA	0	NA
186	1175	92	-0.0027	NA	-2e-04	NA
186	447	92	-0.0027	NA	-3e-04	NA
186	1952	92	-0.0027	NA	0	NA
186	496	92	-0.0027	NA	-2e-04	NA
186	809	92	-0.0027	NA	-2e-04	NA
186	372	92	-0.0027	NA	-2e-04	NA
186	1732	92	-0.0027	NA	-3e-04	NA
186	1194	92	-0.0027	NA	0	NA
186	905	92	-0.0027	NA	-5e-04	NA
186	1006	92	-0.0027	NA	2e-04	NA
186	1305	92	-0.0027	NA	0	NA
186	495	92	-0.0027	NA	1e-04	NA
186	1406	92	-0.0028	NA	-3e-04	NA
186	1817	92	-0.0027	NA	0	NA
186	1739	92	-0.0027	NA	-1e-04	NA
186	524	92	-0.0028	NA	-1e-04	NA
186	1720	92	-0.0028	NA	0	NA
186	1114	92	-0.0028	NA	-6e-04	NA
186	857	92	-0.0028	NA	-3e-04	NA
186	1427	92	-0.0028	NA	-3e-04	NA
186	249	92	-0.0028	NA	7e-04	NA
186	475	92	-0.0028	NA	-5e-04	NA
186	685	92	-0.0028	NA	-7e-04	NA
186	1725	92	-0.0028	NA	-5e-04	NA
186	834	92	-0.0028	NA	-9e-04	NA
186	1440	92	-0.0028	NA	0.001	NA
186	530	92	-0.0028	NA	-2e-04	NA
186	1271	92	-0.0028	NA	2e-04	NA
186	1280	92	-0.0028	NA	0	NA
186	1507	92	-0.0028	NA	-4e-04	NA
186	1867	92	-0.0028	NA	-4e-04	NA
186	753	92	-0.0028	NA	-5e-04	NA
186	1831	92	-0.0028	NA	1e-04	NA
186	1503	92	-0.0029	NA	-5e-04	NA
186	556	92	-0.0029	NA	-8e-04	NA
186	1900	92	-0.0028	NA	0	NA
186	649	92	-0.0029	NA	-1e-04	NA
186	66	92	-0.0029	NA	-3e-04	NA
186	849	92	-0.0029	NA	1e-04	NA
186	1761	92	-0.0029	NA	-7e-04	NA
186	962	92	-0.0029	NA	9e-04	NA
186	197	92	-0.0029	NA	-4e-04	NA
186	1727	92	-0.0029	NA	-4e-04	NA
186	1000	92	-0.0029	NA	-9e-04	NA
186	1308	92	-0.0029	NA	-1e-04	NA
186	859	92	-0.0029	NA	-1e-04	NA
186	1397	92	-0.0029	NA	-4e-04	NA
186	1765	92	-0.0029	NA	-2e-04	NA
186	1426	92	-0.0029	NA	0	NA
186	743	92	-0.0029	NA	-7e-04	NA
186	767	92	-0.0029	NA	-5e-04	NA
186	1392	92	-0.0029	NA	1e-04	NA
186	1499	92	-0.0029	NA	-1e-04	NA
186	708	92	-0.0029	NA	2e-04	NA
186	554	92	-0.003	NA	1e-04	NA
186	1581	92	-0.003	NA	-1e-04	NA
186	474	92	-0.003	NA	-4e-04	NA
186	1126	92	-0.003	NA	-4e-04	NA
186	497	92	-0.003	NA	1e-04	NA
186	276	92	-0.003	NA	-3e-04	NA
186	721	92	-0.003	NA	-3e-04	NA
186	1128	92	-0.003	NA	-0.001	NA
186	477	92	-0.003	NA	-3e-04	NA
186	944	92	-0.003	NA	-3e-04	NA
186	1043	92	-0.003	NA	-1e-04	NA
186	1328	92	-0.003	NA	-3e-04	NA
186	1836	92	-0.003	NA	-6e-04	NA
186	1401	92	-0.003	NA	-4e-04	NA
186	1386	92	-0.003	NA	0	NA
186	853	92	-0.003	NA	-3e-04	NA
186	1218	92	-0.003	NA	0	NA
186	1832	92	-0.003	NA	-3e-04	NA
186	712	92	-0.003	NA	8e-04	NA
186	1771	92	-0.003	NA	-2e-04	NA
186	1766	92	-0.003	NA	-1e-04	NA
186	731	92	-0.003	NA	-2e-04	NA
186	1214	92	-0.0031	NA	-6e-04	NA
186	546	92	-0.003	NA	-4e-04	NA
186	622	92	-0.0031	NA	-1e-04	NA
186	1217	92	-0.0031	NA	-2e-04	NA
186	1700	92	-0.0031	NA	0	NA
186	1752	92	-0.0031	NA	-7e-04	NA
186	780	92	-0.0031	NA	-3e-04	NA
186	1069	92	-0.0031	NA	-4e-04	NA
186	1955	92	-0.0031	NA	-0.0012	NA
186	1625	92	-0.0031	NA	-2e-04	NA
186	1525	92	-0.0031	NA	-7e-04	NA
186	502	92	-0.0031	NA	-3e-04	NA
186	1067	92	-0.0031	NA	-4e-04	NA
186	1220	92	-0.0031	NA	-6e-04	NA
186	1066	92	-0.0031	NA	-9e-04	NA
186	1753	92	-0.0031	NA	-2e-04	NA
186	380	92	-0.0031	NA	-1e-04	NA
186	388	92	-0.0032	NA	-8e-04	NA
186	1535	92	-0.0031	NA	-4e-04	NA
186	389	92	-0.0031	NA	-4e-04	NA
186	1068	92	-0.0032	NA	-3e-04	NA
186	1297	92	-0.0032	NA	-6e-04	NA
186	1338	92	-0.0032	NA	-2e-04	NA
186	462	92	-0.0032	NA	1e-04	NA
186	965	92	-0.0032	NA	-6e-04	NA
186	1510	92	-0.0032	NA	-8e-04	NA
186	1137	92	-0.0032	NA	-5e-04	NA
186	1289	92	-0.0032	NA	-4e-04	NA
186	89	92	-0.0032	NA	-3e-04	NA
186	1298	92	-0.0032	NA	-4e-04	NA
186	979	92	-0.0032	NA	6e-04	NA
186	1372	92	-0.0032	NA	-4e-04	NA
186	1362	92	-0.0032	NA	-3e-04	NA
186	1764	92	-0.0032	NA	0	NA
186	1813	92	-0.0032	NA	3e-04	NA
186	1918	92	-0.0032	NA	-8e-04	NA
186	1947	92	-0.0032	NA	-6e-04	NA
186	1061	92	-0.0032	NA	-4e-04	NA
186	1371	92	-0.0032	NA	-3e-04	NA
186	1627	92	-0.0032	NA	0	NA
186	1452	92	-0.0033	NA	1e-04	NA
186	446	92	-0.0033	NA	-7e-04	NA
186	1917	92	-0.0033	NA	5e-04	NA
186	1954	92	-0.0033	NA	-2e-04	NA
186	730	92	-0.0033	NA	-7e-04	NA
186	382	92	-0.0033	NA	-1e-04	NA
186	793	92	-0.0033	NA	-4e-04	NA
186	1699	92	-0.0033	NA	-3e-04	NA
186	1219	92	-0.0033	NA	-7e-04	NA
186	611	92	-0.0033	NA	-2e-04	NA
186	925	92	-0.0033	NA	-5e-04	NA
186	1428	92	-0.0033	NA	-4e-04	NA
186	1549	92	-0.0033	NA	-4e-04	NA
186	1091	92	-0.0033	NA	-2e-04	NA
186	1741	92	-0.0033	NA	-5e-04	NA
186	320	92	-0.0033	NA	-6e-04	NA
186	1357	92	-0.0034	NA	-4e-04	NA
186	1407	92	-0.0034	NA	-8e-04	NA
186	1497	92	-0.0034	NA	-4e-04	NA
186	1174	92	-0.0034	NA	-5e-04	NA
186	385	92	-0.0034	NA	2e-04	NA
186	742	92	-0.0034	NA	-2e-04	NA
186	603	92	-0.0034	NA	-6e-04	NA
186	1772	92	-0.0034	NA	-2e-04	NA
186	1161	92	-0.0034	NA	-5e-04	NA
186	1523	92	-0.0034	NA	-5e-04	NA
186	1722	92	-0.0034	NA	-5e-04	NA
186	719	92	-0.0034	NA	4e-04	NA
186	966	92	-0.0034	NA	-8e-04	NA
186	583	92	-0.0034	NA	-1e-04	NA
186	1044	92	-0.0034	NA	0	NA
186	1034	92	-0.0034	NA	-2e-04	NA
186	532	92	-0.0034	NA	-5e-04	NA
186	1370	92	-0.0034	NA	-6e-04	NA
186	1767	92	-0.0034	NA	-4e-04	NA
186	1484	92	-0.0034	NA	-3e-04	NA
186	1565	92	-0.0034	NA	-6e-04	NA
186	367	92	-0.0034	NA	2e-04	NA
186	498	92	-0.0034	NA	1e-04	NA
186	1707	92	-0.0034	NA	-8e-04	NA
186	374	92	-0.0034	NA	-4e-04	NA
186	1880	92	-0.0035	NA	-3e-04	NA
186	879	92	-0.0035	NA	-5e-04	NA
186	1937	92	-0.0035	NA	-2e-04	NA
186	798	92	-0.0035	NA	-3e-04	NA
186	1170	92	-0.0035	NA	-0.001	NA
186	518	92	-0.0035	NA	-3e-04	NA
186	1703	92	-0.0035	NA	-5e-04	NA
186	1173	92	-0.0035	NA	-1e-04	NA
186	1763	92	-0.0035	NA	-4e-04	NA
186	1558	92	-0.0035	NA	-5e-04	NA
186	1822	92	-0.0035	NA	1e-04	NA
186	911	92	-0.0035	NA	-7e-04	NA
186	728	92	-0.0035	NA	-4e-04	NA
186	1708	92	-0.0035	NA	-5e-04	NA
186	1977	92	-0.0035	NA	-2e-04	NA
186	1524	92	-0.0035	NA	-5e-04	NA
186	1646	92	-0.0035	NA	-6e-04	NA
186	1769	92	-0.0035	NA	-3e-04	NA
186	848	92	-0.0035	NA	-6e-04	NA
186	1653	92	-0.0035	NA	-2e-04	NA
186	1512	92	-0.0035	NA	-1e-04	NA
186	851	92	-0.0035	NA	2e-04	NA
186	1064	92	-0.0036	NA	-4e-04	NA
186	2005	92	-0.0036	NA	-0.0016	NA
186	1509	92	-0.0036	NA	-9e-04	NA
186	294	92	-0.0036	NA	-3e-04	NA
186	1293	92	-0.0036	NA	-3e-04	NA
186	623	92	-0.0036	NA	-6e-04	NA
186	1629	92	-0.0036	NA	-5e-04	NA
186	1437	92	-0.0036	NA	-5e-04	NA
186	1200	92	-0.0036	NA	-4e-04	NA
186	912	92	-0.0037	NA	-6e-04	NA
186	1814	92	-0.0037	NA	-0.0023	NA
186	529	92	-0.0037	NA	-8e-04	NA
186	1564	92	-0.0037	NA	-1e-04	NA
186	744	92	-0.0037	NA	-3e-04	NA
186	94	92	-0.0037	NA	-3e-04	NA
186	706	92	-0.0037	NA	-4e-04	NA
186	1756	92	-0.0037	NA	1e-04	NA
186	1889	92	-0.0037	NA	1e-04	NA
186	1206	92	-0.0038	NA	-3e-04	NA
186	901	92	-0.0038	NA	0	NA
186	1999	92	-0.0038	NA	0	NA
186	1808	92	-0.0038	NA	-9e-04	NA
186	449	92	-0.0038	NA	-4e-04	NA
186	1747	92	-0.0039	NA	-3e-04	NA
186	1235	92	-0.0039	NA	-1e-04	NA
186	1085	92	-0.0039	NA	-6e-04	NA
186	454	92	-0.0039	NA	-1e-04	NA
186	1743	92	-0.0039	NA	-6e-04	NA
186	1201	92	-0.0039	NA	-1e-04	NA
186	586	92	-0.0039	NA	-5e-04	NA
186	684	92	-0.0039	NA	-0.0017	NA
186	1277	92	-0.0039	NA	-4e-04	NA
186	707	92	-0.0039	NA	-4e-04	NA
186	1042	92	-0.004	NA	-2e-04	NA
186	945	92	-0.004	NA	-4e-04	NA
186	373	92	-0.004	NA	-2e-04	NA
186	580	92	-0.004	NA	-8e-04	NA
186	812	92	-0.004	NA	-2e-04	NA
186	1086	92	-0.004	NA	-7e-04	NA
186	2002	92	-0.004	NA	-5e-04	NA
186	1851	92	-0.0041	NA	-3e-04	NA
186	790	92	-0.0041	NA	-0.0012	NA
186	1938	92	-0.0041	NA	-8e-04	NA
186	1420	92	-0.0041	NA	-8e-04	NA
186	463	92	-0.0041	NA	-0.0018	NA
186	1287	92	-0.0041	NA	-3e-04	NA
186	914	92	-0.0041	NA	-6e-04	NA
186	1078	92	-0.0041	NA	-7e-04	NA
186	703	92	-0.0041	NA	-4e-04	NA
186	1040	92	-0.0042	NA	-6e-04	NA
186	1359	92	-0.0042	NA	-5e-04	NA
186	494	92	-0.0042	NA	-7e-04	NA
186	1276	92	-0.0042	NA	-4e-04	NA
186	1143	92	-0.0042	NA	-9e-04	NA
186	1263	92	-0.0043	NA	-5e-04	NA
186	981	92	-0.0043	NA	-5e-04	NA
186	492	92	-0.0043	NA	-7e-04	NA
186	1004	92	-0.0044	NA	-6e-04	NA
186	365	92	-0.0044	NA	-6e-04	NA
186	1081	92	-0.0044	NA	-7e-04	NA
186	852	92	-0.0045	NA	-0.0011	NA
186	1695	92	-0.0045	NA	-0.0022	NA
186	870	92	-0.0045	NA	-0.0016	NA
186	709	92	-0.0046	NA	-8e-04	NA
186	683	92	-0.0046	NA	-0.0017	NA
186	865	92	-0.0048	NA	-0.001	NA
186	1628	92	-0.0048	NA	-0.001	NA
186	612	92	-0.0054	NA	-0.0026	NA
186	779	92	-0.0055	NA	-0.0018	NA
186	378	92	-0.0077	NA	-0.0039	NA
186	713	92	-9e-04	NA	9e-04	NA
186	1496	92	-6e-04	NA	0.001	NA
186	1816	92	-6e-04	NA	8e-04	NA
186	1439	92	-2e-04	NA	9e-04	NA
186	942	92	-0.001	NA	2e-04	NA
186	929	92	-0.0021	NA	-4e-04	NA
186	638	92	-0.0036	NA	-2e-04	NA
186	1778	92	-0.0031	NA	-4e-04	NA
186	1670	92	-0.0037	NA	-9e-04	NA
186	1260	92	-0.0027	NA	-1e-04	NA
186	1849	92	-0.0027	NA	-3e-04	NA
186	764	92	-0.0033	NA	-3e-04	NA
186	1556	92	-0.0038	NA	-3e-04	NA
186	1847	92	-6e-04	NA	0.001	NA
186	1182	92	-0.0017	NA	-1e-04	NA
186	1730	92	-0.0017	NA	-3e-04	NA
186	1473	92	-0.0018	NA	-1e-04	NA
186	358	92	-0.0026	NA	-1e-04	NA
186	1665	92	-0.0029	NA	1e-04	NA
186	1928	92	-0.0032	NA	-4e-04	NA
186	564	92	-0.0033	NA	-4e-04	NA
186	1787	92	-0.0033	NA	-1e-04	NA
186	1666	92	-0.004	NA	-2e-04	NA
186	1346	92	-0.0012	NA	0.0011	NA
186	1528	92	-0.0017	NA	4e-04	NA
186	1529	92	-0.0018	NA	3e-04	NA
186	1343	92	0.0015	NA	0.0051	NA
186	796	92	-0.001	NA	-2e-04	NA
186	1258	92	-0.0024	NA	-3e-04	NA
186	1049	92	-0.0034	NA	-2e-04	NA
186	321	92	-0.0019	NA	1e-04	NA
186	433	92	0.0013	NA	0.0035	NA
186	102	92	4e-04	NA	0.0036	NA
186	123	92	3e-04	NA	0.0032	NA
186	1483	92	-5e-04	NA	0.0014	NA
186	1911	92	-0.0034	NA	-2e-04	NA
186	1125	92	-0.0035	NA	-2e-04	NA
186	1101	92	-0.0039	NA	-5e-04	NA
186	1654	92	-9e-04	NA	0.0028	NA
186	404	92	-7e-04	NA	0.003	NA
186	517	92	-0.0016	NA	0	NA
186	1316	92	-0.0016	NA	4e-04	NA
186	505	92	-0.002	NA	0	NA
186	1021	92	-0.0023	NA	4e-04	NA
186	1237	92	-0.0024	NA	-1e-04	NA
186	1644	92	-0.0025	NA	3e-04	NA
186	269	92	-0.0025	NA	3e-04	NA
186	542	92	-0.0026	NA	0	NA
186	1111	92	-0.0026	NA	-3e-04	NA
186	486	92	-0.0028	NA	-5e-04	NA
186	1939	92	-0.0028	NA	-4e-04	NA
186	1532	92	-0.003	NA	-1e-04	NA
186	738	92	-0.0031	NA	-2e-04	NA
186	1721	92	-0.0032	NA	-1e-04	NA
186	1807	92	-0.0032	NA	0	NA
186	1645	92	-0.0033	NA	-3e-04	NA
186	739	92	-0.0035	NA	-9e-04	NA
186	1659	92	-0.004	NA	-7e-04	NA
186	872	92	-0.0048	NA	-0.001	NA
186	674	92	-0.0022	NA	0	NA
186	582	92	-0.0016	NA	0.0017	NA
186	334	92	-0.0019	NA	0.0013	NA
186	581	92	-0.0029	NA	9e-04	NA
186	1477	92	-0.003	NA	-2e-04	NA
186	1555	92	-0.0033	NA	5e-04	NA
186	1815	92	-0.0014	NA	3e-04	NA
186	2003	92	-0.0019	NA	7e-04	NA
186	1103	92	-0.0033	NA	0	NA
186	954	92	-0.0043	NA	-5e-04	NA
186	1991	92	3e-04	NA	0.003	NA
186	130	92	-2e-04	NA	0.0023	NA
186	664	92	-8e-04	NA	7e-04	NA
186	140	92	-0.0014	NA	0	NA
186	395	92	-0.0015	NA	4e-04	NA
186	1104	92	-0.0017	NA	0.0012	NA
186	652	92	-0.0018	NA	9e-04	NA
186	417	92	-0.002	NA	2e-04	NA
186	653	92	-0.0024	NA	-3e-04	NA
186	1796	92	-0.0024	NA	-3e-04	NA
186	1799	92	-0.0025	NA	5e-04	NA
186	437	92	-0.0027	NA	5e-04	NA
186	679	92	-0.0028	NA	-1e-04	NA
186	1480	92	-0.003	NA	6e-04	NA
186	361	92	-0.0032	NA	1e-04	NA
186	298	92	-0.0036	NA	-1e-04	NA
186	1189	92	-0.0036	NA	-7e-04	NA
186	118	92	-0.0038	NA	0	NA
186	1479	92	-0.0038	NA	-4e-04	NA
186	1022	92	-0.004	NA	-2e-04	NA
186	1795	92	-0.0048	NA	-0.001	NA
186	383	92	-0.0049	NA	-0.0011	NA
186	1015	92	8e-04	NA	0.0031	NA
186	1478	92	-0.0014	NA	2e-04	NA
186	1465	92	-0.0029	NA	9e-04	NA
186	1020	92	-0.0032	NA	5e-04	NA
186	1462	92	-0.0034	NA	4e-04	NA
186	1012	92	-0.0034	NA	-3e-04	NA
186	1664	92	-0.0037	NA	0	NA
186	560	92	-0.0038	NA	0	NA
186	332	92	-7e-04	NA	8e-04	NA
186	1972	92	-0.0021	NA	9e-04	NA
186	1482	92	-6e-04	NA	0.0025	NA
186	1982	92	-0.002	NA	-0.001	NA
186	1684	92	0.0037	NA	0.0061	NA
186	1688	92	-0.0039	NA	-6e-04	NA
186	1070	92	-0.0018	NA	0	NA
186	1058	92	-9e-04	NA	0.0026	NA
186	1745	92	-0.0024	NA	-3e-04	NA
186	1588	92	-0.0012	NA	2e-04	NA
186	1589	92	-0.0022	NA	1e-04	NA
186	1941	92	-0.0045	NA	-7e-04	NA
186	1879	92	-0.0026	NA	0	NA
186	164	92	-0.0021	NA	0.0017	NA
186	1631	92	-0.0022	NA	0.0016	NA
186	1025	92	-0.0028	NA	0.001	NA
186	1074	92	-0.0036	NA	1e-04	NA
186	1957	92	-0.0038	NA	-1e-04	NA
186	1106	92	0.0013	NA	0.0051	NA
186	1179	92	-0.0017	NA	-9e-04	NA
186	1971	92	-0.0027	NA	-0.001	NA
186	1863	92	-7e-04	NA	0.0019	NA
186	1056	92	-0.002	NA	4e-04	NA
186	1373	92	-0.0021	NA	-4e-04	NA
186	1052	92	-0.0024	NA	3e-04	NA
186	1055	92	-0.0027	NA	-1e-04	NA
186	2004	92	-0.003	NA	-4e-04	NA
186	1385	92	-0.003	NA	-7e-04	NA
186	488	92	-0.0032	NA	-8e-04	NA
186	1087	92	-0.0032	NA	-6e-04	NA
186	1252	92	-0.0032	NA	0	NA
186	860	92	-0.0034	NA	0	NA
186	1054	92	-0.0034	NA	-4e-04	NA
186	1295	92	-0.0035	NA	0	NA
186	1784	92	-0.0038	NA	0	NA
186	726	92	-0.0038	NA	-3e-04	NA
186	1619	92	-0.0042	NA	-4e-04	NA
186	993	92	-0.005	NA	-0.0012	NA
186	725	92	-0.0028	NA	-4e-04	NA
186	877	92	-0.0033	NA	-4e-04	NA
186	1701	92	-2e-04	NA	0.0013	NA
186	1964	92	-0.0018	NA	1e-04	NA
186	1023	92	-0.0021	NA	4e-04	NA
186	760	92	-0.0022	NA	-1e-04	NA
186	339	92	-0.0022	NA	-8e-04	NA
186	746	92	-0.0024	NA	-3e-04	NA
186	315	92	-0.0025	NA	-2e-04	NA
186	805	92	-0.0026	NA	-1e-04	NA
186	619	92	-0.0027	NA	-3e-04	NA
186	1781	92	-0.0029	NA	-4e-04	NA
186	1533	92	-0.0029	NA	-6e-04	NA
186	948	92	-0.0029	NA	-3e-04	NA
186	963	92	-0.0029	NA	-4e-04	NA
186	1041	92	-0.0032	NA	-1e-04	NA
186	318	92	-0.0032	NA	-5e-04	NA
186	237	92	-0.0036	NA	-8e-04	NA
186	1908	92	-0.0023	NA	-5e-04	NA
186	1253	92	-0.0028	NA	1e-04	NA
186	924	92	-0.0025	NA	-6e-04	NA
186	1410	92	-0.0037	NA	1e-04	NA
186	1256	92	-0.0037	NA	1e-04	NA
186	658	92	-0.0037	NA	1e-04	NA
186	110	92	-0.0037	NA	0	NA
186	11	92	-0.0037	NA	0	NA
186	1241	92	-0.0037	NA	0	NA
186	1424	92	-0.0037	NA	0	NA
186	1254	92	-0.0038	NA	0	NA
186	964	92	-0.004	NA	-5e-04	NA
186	1600	92	-0.0021	NA	-2e-04	NA
186	1785	92	-7e-04	NA	0.003	NA
186	427	92	-0.0014	NA	9e-04	NA
186	1463	92	-0.0017	NA	2e-04	NA
186	1675	92	-0.002	NA	-2e-04	NA
186	801	92	-0.0024	NA	3e-04	NA
186	252	92	-0.0025	NA	2e-04	NA
186	340	92	-0.0028	NA	0.001	NA
186	362	92	-0.0029	NA	8e-04	NA
186	1028	92	-0.0034	NA	0	NA
186	1011	92	-0.006	NA	-0.0022	NA
186	304	92	-0.0022	NA	-9e-04	NA
186	1742	92	-0.0036	NA	-6e-04	NA
186	88	92	-0.003	NA	1e-04	NA
186	466	92	-0.0033	NA	-2e-04	NA
186	1802	92	-0.0019	NA	0.0019	NA
186	810	92	0	NA	0.0031	NA
186	1381	92	-0.0015	NA	-5e-04	NA
186	1632	92	-0.0016	NA	0.0018	NA
186	1750	92	-0.0025	NA	5e-04	NA
186	1993	92	-0.0025	NA	-7e-04	NA
186	840	92	-0.0026	NA	-1e-04	NA
186	455	92	-0.0026	NA	2e-04	NA
186	1997	92	-0.0029	NA	-1e-04	NA
186	1196	92	-0.003	NA	-4e-04	NA
186	1826	92	-0.003	NA	1e-04	NA
186	907	92	-0.0035	NA	-6e-04	NA
186	1827	92	-0.0037	NA	-3e-04	NA
186	950	92	-9e-04	NA	-3e-04	NA
186	654	92	-0.0017	NA	0	NA
186	1375	92	-0.0017	NA	0.0018	NA
186	1843	92	-0.0023	NA	2e-04	NA
186	1024	92	-0.0027	NA	4e-04	NA
186	1602	92	-0.0032	NA	-6e-04	NA
186	1981	92	-0.0041	NA	-4e-04	NA
186	959	92	-0.0039	NA	-4e-04	NA
186	1355	92	-0.0023	NA	-7e-04	NA
186	1731	92	-0.0025	NA	-3e-04	NA
186	369	92	-0.0025	NA	0	NA
186	1829	92	-0.0029	NA	-1e-04	NA
186	895	92	-0.0029	NA	5e-04	NA
186	1113	92	-0.0029	NA	-5e-04	NA
186	845	92	-0.003	NA	-4e-04	NA
186	967	92	-0.0033	NA	-3e-04	NA
186	1288	92	-0.0033	NA	-1e-04	NA
186	1369	92	-0.0036	NA	-7e-04	NA
186	1378	92	-0.0036	NA	-4e-04	NA
186	1383	92	-0.0037	NA	-6e-04	NA
186	681	92	-0.0038	NA	-5e-04	NA
186	1569	92	-0.0038	NA	-4e-04	NA
186	1825	92	-0.0039	NA	-1e-04	NA
186	898	92	-0.0041	NA	-3e-04	NA
186	682	92	-0.003	NA	8e-04	NA
186	191	92	-0.0035	NA	1e-04	NA
186	1177	92	0.0036	NA	0.005	NA
186	187	92	-0.0017	NA	-5e-04	NA
186	414	92	-0.0024	NA	4e-04	NA
186	1018	92	-0.0011	NA	5e-04	NA
186	139	92	-0.0016	NA	0.0022	NA
186	169	92	0.0034	NA	0.005	NA
186	303	92	0.0018	NA	0.0055	NA
186	573	92	-0.0029	NA	7e-04	NA
186	286	92	0.0023	NA	0.0041	NA
186	112	92	0.0024	NA	0.0043	NA
186	804	92	0.0016	NA	0.0027	NA
186	316	92	-0.0018	NA	5e-04	NA
186	1216	92	-0.0018	NA	0.0019	NA
186	676	92	1e-04	NA	0.0038	NA
186	257	92	3e-04	NA	0.0041	NA
186	1594	92	0.0012	NA	0.0031	NA
186	1112	92	-0.0015	NA	0.001	NA
186	418	92	-0.0017	NA	5e-04	NA
186	1962	92	-0.0017	NA	8e-04	NA
186	1783	92	-0.0017	NA	0.001	NA
186	405	92	-0.0019	NA	4e-04	NA
186	133	92	-0.0021	NA	0.0015	NA
186	399	92	-0.0021	NA	4e-04	NA
186	1969	92	-0.0022	NA	-3e-04	NA
186	1506	92	-0.0023	NA	0	NA
186	1380	92	-0.0024	NA	5e-04	NA
186	672	92	-0.0025	NA	-4e-04	NA
186	138	92	-0.0025	NA	6e-04	NA
186	1073	92	-0.0025	NA	6e-04	NA
186	1457	92	-0.0026	NA	7e-04	NA
186	1905	92	-0.0028	NA	-5e-04	NA
186	1199	92	-0.0028	NA	1e-04	NA
186	931	92	-0.0028	NA	-1e-04	NA
186	1336	92	-0.0029	NA	-0.001	NA
186	255	92	-0.0029	NA	-1e-04	NA
186	1942	92	-0.003	NA	5e-04	NA
186	691	92	-0.0031	NA	4e-04	NA
186	407	92	-0.0031	NA	5e-04	NA
186	43	92	-0.0031	NA	1e-04	NA
186	406	92	-0.0031	NA	2e-04	NA
186	1045	92	-0.0032	NA	1e-04	NA
186	1412	92	-0.0034	NA	-8e-04	NA
186	1903	92	-0.0034	NA	-0.0027	NA
186	670	92	-0.0036	NA	2e-04	NA
186	1859	92	0.0012	NA	0.0035	NA
186	402	92	0.0016	NA	0.0032	NA
186	559	92	-0.0022	NA	-0.0013	NA
186	1693	92	-0.0033	NA	-4e-04	NA
186	228	92	-0.0012	NA	-4e-04	NA
186	1793	92	-0.0025	NA	-3e-04	NA
186	1157	92	-0.0011	NA	0.0027	NA
186	1202	92	8e-04	NA	0.0033	NA
186	309	92	-0.0026	NA	0.0012	NA
186	503	92	0.0015	NA	0.0026	NA
186	1967	92	0	NA	0.0025	NA
186	866	92	0.0014	NA	0.0047	NA
186	1246	92	0.0011	NA	0.0026	NA
186	223	92	-7e-04	NA	0.0027	NA
186	1350	92	-0.0024	NA	-2e-04	NA
186	403	92	-0.0031	NA	-8e-04	NA
186	1351	92	-0.0014	NA	7e-04	NA
186	1019	92	-0.0021	NA	1e-04	NA
186	111	92	-0.0022	NA	2e-04	NA
186	192	92	-0.0021	NA	0.0017	NA
186	1060	92	4e-04	NA	0.0014	NA
186	1413	92	-0.0022	NA	0.0016	NA
186	659	92	-0.002	NA	0.0017	NA
186	1269	92	-0.0012	NA	0.0018	NA
186	1811	92	-0.0012	NA	0.002	NA
186	1099	92	-0.0015	NA	4e-04	NA
186	411	92	-0.0016	NA	0.001	NA
186	1354	92	-0.0029	NA	3e-04	NA
186	1685	92	-0.0029	NA	8e-04	NA
186	336	92	-0.0029	NA	3e-04	NA
186	1147	92	-0.0031	NA	3e-04	NA
186	168	92	-0.0036	NA	2e-04	NA
186	171	92	-0.0021	NA	0.0017	NA
186	574	92	-0.0019	NA	0.0012	NA
186	1242	92	-0.0022	NA	0	NA
186	1943	92	-4e-04	NA	0.0023	NA
186	1490	92	-4e-04	NA	0.0015	NA
186	671	92	-0.0012	NA	0.0025	NA
186	1487	92	-0.0022	NA	0.0016	NA
186	1904	92	-0.0015	NA	4e-04	NA
186	1156	92	-7e-04	NA	0.0018	NA
186	1617	92	-0.0027	NA	-3e-04	NA
186	1821	92	-5e-04	NA	0.0014	NA
186	1663	92	-0.001	NA	9e-04	NA
186	354	92	-0.0012	NA	-4e-04	NA
186	1715	92	-0.0018	NA	0.0018	NA
186	512	92	-0.0019	NA	-3e-04	NA
186	135	92	-0.0022	NA	9e-04	NA
186	1988	92	-0.0032	NA	-2e-04	NA
186	777	92	-4e-04	NA	0.0034	NA
186	300	92	-0.003	NA	-4e-04	NA
186	636	92	-0.0038	NA	-7e-04	NA
186	1331	92	-0.0031	NA	7e-04	NA
186	1169	92	-0.0029	NA	9e-04	NA
186	1504	92	-0.0035	NA	2e-04	NA
186	545	92	-0.0014	NA	0.0024	NA
186	1987	92	-0.0023	NA	7e-04	NA
186	363	92	-0.0013	NA	0.0016	NA
186	1809	92	-0.0014	NA	0.0018	NA
186	98	92	-0.0028	NA	9e-04	NA
186	720	92	-0.0034	NA	-0.0011	NA
186	1686	92	-0.0022	NA	-6e-04	NA
186	973	92	-0.0023	NA	-0.0015	NA
186	1467	92	-0.0013	NA	-1e-04	NA
186	1249	92	0	NA	0.0038	NA
186	1543	92	-0.0056	NA	-0.0018	NA
186	1033	92	-0.003	NA	1e-04	NA
186	1358	92	-0.0042	NA	-4e-04	NA
186	199	92	-0.0023	NA	1e-04	NA
186	906	92	-0.0024	NA	0	NA
186	688	92	-0.0033	NA	-2e-04	NA
186	974	92	-0.002	NA	0	NA
186	1726	92	-0.0023	NA	-3e-04	NA
186	310	92	-0.0032	NA	-5e-04	NA
186	1622	92	-0.0033	NA	-2e-04	NA
186	1692	92	-0.0034	NA	0	NA
186	1828	92	-0.0036	NA	2e-04	NA
186	596	92	-0.0027	NA	-5e-04	NA
186	1302	92	-0.0027	NA	0	NA
186	1877	92	-0.0029	NA	1e-04	NA
186	1088	92	-0.003	NA	-5e-04	NA
186	1886	92	-0.0032	NA	-6e-04	NA
186	1122	92	-0.0032	NA	1e-04	NA
186	1007	92	-0.0033	NA	0	NA
186	722	92	-0.0035	NA	2e-04	NA
186	645	92	-0.0038	NA	-3e-04	NA
186	1303	92	-0.0039	NA	-2e-04	NA
186	1616	92	-0.0037	NA	-4e-04	NA
186	1266	92	-0.0041	NA	-9e-04	NA
186	1315	92	-0.0033	NA	-1e-04	NA
186	1377	92	-0.0036	NA	-4e-04	NA
186	481	92	-0.0026	NA	-5e-04	NA
186	1502	92	-0.0015	NA	0	NA
186	823	92	-0.0016	NA	3e-04	NA
186	934	92	-0.0022	NA	-3e-04	NA
186	824	92	-0.0024	NA	-5e-04	NA
186	1882	92	-0.0029	NA	-1e-04	NA
186	1948	92	-0.0031	NA	-2e-04	NA
186	811	92	-0.0032	NA	-5e-04	NA
186	992	92	-0.0034	NA	-5e-04	NA
186	998	92	-0.0038	NA	-5e-04	NA
186	1846	92	-0.0039	NA	-2e-04	NA
186	882	92	-0.0023	NA	-8e-04	NA
186	1945	92	-0.0032	NA	-2e-04	NA
186	1120	92	-0.0025	NA	-4e-04	NA
186	575	92	-0.0022	NA	-6e-04	NA
186	222	92	-0.0022	NA	-6e-04	NA
186	1470	92	-0.0025	NA	-2e-04	NA
186	1582	92	-0.0026	NA	-5e-04	NA
186	1662	92	-0.0039	NA	-0.0012	NA
186	254	92	-0.0041	NA	-9e-04	NA
186	884	92	-0.0017	NA	-3e-04	NA
186	1633	92	-0.002	NA	-4e-04	NA
186	602	92	-0.002	NA	7e-04	NA
186	1566	92	-0.0021	NA	-2e-04	NA
186	1885	92	-0.0023	NA	-1e-04	NA
186	1574	92	-0.0023	NA	-1e-04	NA
186	480	92	-0.0024	NA	0	NA
186	694	92	-0.0024	NA	0	NA
186	526	92	-0.0026	NA	-2e-04	NA
186	1441	92	-0.0027	NA	-0.0013	NA
186	1110	92	-0.0027	NA	-7e-04	NA
186	1307	92	-0.0028	NA	-4e-04	NA
186	1433	92	-0.0029	NA	9e-04	NA
186	1613	92	-0.0029	NA	-3e-04	NA
186	484	92	-0.003	NA	0	NA
186	1522	92	-0.003	NA	-2e-04	NA
186	394	92	-0.003	NA	-4e-04	NA
186	1612	92	-0.003	NA	-1e-04	NA
186	646	92	-0.0031	NA	-3e-04	NA
186	1553	92	-0.0033	NA	-7e-04	NA
186	1521	92	-0.0034	NA	-4e-04	NA
186	1575	92	-0.0034	NA	-3e-04	NA
186	1737	92	-0.0034	NA	4e-04	NA
186	832	92	-0.0035	NA	-4e-04	NA
186	1283	92	-0.0035	NA	1e-04	NA
186	1436	92	-0.004	NA	-3e-04	NA
186	1655	92	-0.004	NA	-3e-04	NA
186	1648	92	-0.0041	NA	-9e-04	NA
186	1868	92	-0.0022	NA	-2e-04	NA
186	1691	92	-0.0023	NA	-1e-04	NA
186	240	92	2e-04	NA	0.0021	NA
186	778	92	-0.0032	NA	-0.0016	NA
186	1661	92	-0.0038	NA	-2e-04	NA
186	184	92	-0.0032	NA	5e-04	NA
186	1203	92	-0.0041	NA	-6e-04	NA
186	928	92	-0.0012	NA	0.0026	NA
186	1770	92	-0.0035	NA	-2e-04	NA
186	1003	92	-0.0029	NA	-4e-04	NA
186	260	92	-0.0031	NA	-5e-04	NA
186	868	92	-0.0034	NA	-7e-04	NA
186	561	92	-0.0039	NA	-3e-04	NA
186	800	92	-0.0028	NA	1e-04	NA
186	521	92	-0.0037	NA	-7e-04	NA
186	903	92	-0.0014	NA	3e-04	NA
186	1448	92	-0.0027	NA	-2e-04	NA
186	1447	92	-0.0029	NA	0	NA
186	1294	92	-0.0038	NA	-2e-04	NA
186	49	92	-0.0033	NA	-3e-04	NA
186	1545	92	-0.0023	NA	0	NA
186	54	92	-0.0035	NA	-5e-04	NA
186	1587	92	-0.0019	NA	0	NA
186	256	92	-0.0029	NA	0	NA
186	275	92	-0.0029	NA	9e-04	NA
186	1872	92	-0.003	NA	8e-04	NA
186	87	92	-0.0037	NA	1e-04	NA
186	687	92	-0.0039	NA	-1e-04	NA
186	1130	92	-0.0039	NA	-1e-04	NA
186	36	92	-0.0012	NA	0.0026	NA
186	985	92	-0.0024	NA	-3e-04	NA
186	93	92	-0.0032	NA	6e-04	NA
186	33	92	-0.0041	NA	-3e-04	NA
186	493	92	-0.0042	NA	-4e-04	NA
186	921	92	-0.0042	NA	-5e-04	NA
186	1537	92	-0.005	NA	-0.0012	NA
186	1319	92	-0.0071	NA	-0.0038	NA
186	699	92	-0.0018	NA	-1e-04	NA
186	1577	92	-0.0027	NA	-1e-04	NA
186	1301	92	-0.003	NA	-5e-04	NA
186	379	92	-0.0037	NA	-3e-04	NA
186	317	92	-0.0012	NA	-3e-04	NA
186	1208	92	-0.0034	NA	-8e-04	NA
186	1072	92	-0.0025	NA	-1e-04	NA
186	1676	92	-0.0023	NA	-2e-04	NA
186	412	92	-0.0031	NA	0	NA
186	426	92	-0.0035	NA	3e-04	NA
186	519	92	-0.0018	NA	0	NA
186	820	92	-0.0027	NA	-1e-04	NA
186	1335	92	9e-04	NA	0.004	NA
186	1871	92	-0.0024	NA	-6e-04	NA
186	773	92	-0.0029	NA	-2e-04	NA
186	799	92	-0.0028	NA	-5e-04	NA
186	1620	92	-0.0032	NA	-5e-04	NA
186	2	92	-0.0035	NA	3e-04	NA
186	1160	92	-0.0017	NA	-3e-04	NA
186	1107	92	-0.0026	NA	-2e-04	NA
186	1095	92	-0.0027	NA	-0.001	NA
186	273	92	-0.0025	NA	-4e-04	NA
186	469	92	-0.0026	NA	-1e-04	NA
186	250	92	-0.0022	NA	0.0016	NA
