186	697	0.336	0.223	0.38	0.269
186	1057	0.336	0.352	0.38	0.265
186	883	0.336	0.336	0.38	0.387
186	972	0.336	0.338	0.38	0.377
186	1636	0.336	0.059	0.38	0.315
186	1368	0.336	0.147	0.38	0.374
186	1959	0.336	0.196	0.38	0.422
186	1162	0.336	0.157	0.38	0.356
186	1775	0.336	0.276	0.38	0.467
186	1677	0.336	0.271	0.38	0.461
186	522	0.336	0.117	0.38	0.296
186	535	0.336	0.212	0.38	0.378
186	1228	0.336	0.178	0.38	0.333
186	1960	0.336	0.291	0.38	0.438
186	1718	0.336	0.220	0.38	0.361
186	490	0.336	0.241	0.38	0.367
186	1925	0.336	0.213	0.38	0.336
186	1915	0.336	0.254	0.38	0.374
186	647	0.336	0.217	0.38	0.311
186	902	0.336	0.238	0.38	0.330
186	576	0.336	0.296	0.38	0.379
186	977	0.336	0.264	0.38	0.339
186	578	0.336	0.292	0.38	0.361
186	1716	0.336	0.268	0.38	0.332
186	1668	0.336	0.325	0.38	0.380
186	771	0.336	0.285	0.38	0.334
186	1669	0.336	0.262	0.38	0.310
186	1493	0.336	0.245	0.38	0.292
186	1542	0.336	0.333	0.38	0.380
186	577	0.336	0.245	0.38	0.292
186	1580	0.336	0.276	0.38	0.309
186	1579	0.336	0.371	0.38	0.391
186	461	0.336	0.365	0.38	0.385
186	1423	0.336	0.335	0.38	0.355
186	1897	0.336	0.370	0.38	0.390
186	1330	0.336	0.377	0.38	0.386
186	762	0.336	0.271	0.38	0.277
186	1062	0.336	0.426	0.38	0.423
186	1640	0.336	0.363	0.38	0.332
186	2001	0.336	0.354	0.38	0.319
186	471	0.336	0.399	0.38	0.339
186	1603	0.336	0.798	0.38	0.373
186	1117	0.336	0.315	0.38	0.362
186	2000	0.336	0.380	0.38	0.365
186	1570	0.336	0.328	0.38	0.364
186	528	0.336	0.276	0.38	0.341
186	1415	0.336	0.284	0.38	0.388
186	1197	0.336	0.347	0.38	0.389
186	782	0.336	0.201	0.38	0.357
186	543	0.336	0.168	0.38	0.376
186	908	0.336	0.150	0.38	0.362
186	1610	0.336	0.194	0.38	0.316
186	1119	0.336	0.323	0.38	0.435
186	1591	0.336	0.258	0.38	0.337
186	692	0.336	0.302	0.38	0.367
186	1824	0.336	0.326	0.38	0.382
186	735	0.336	0.329	0.38	0.378
186	594	0.336	0.310	0.38	0.317
186	909	0.336	0.354	0.38	0.354
186	1323	0.336	0.357	0.38	0.280
186	1387	0.336	0.163	0.38	0.438
186	1485	0.336	0.283	0.38	0.541
186	520	0.336	0.170	0.38	0.410
186	704	0.336	0.138	0.38	0.371
186	443	0.336	0.260	0.38	0.474
186	387	0.336	0.168	0.38	0.374
186	1127	0.336	0.161	0.38	0.351
186	839	0.336	0.170	0.38	0.360
186	1530	0.336	0.220	0.38	0.406
186	448	0.336	0.181	0.38	0.356
186	815	0.336	0.170	0.38	0.331
186	458	0.336	0.168	0.38	0.322
186	538	0.336	0.218	0.38	0.362
186	969	0.336	0.216	0.38	0.354
186	1281	0.336	0.214	0.38	0.348
186	617	0.336	0.217	0.38	0.351
186	1572	0.336	0.244	0.38	0.374
186	1639	0.336	0.216	0.38	0.342
186	1036	0.336	0.298	0.38	0.418
186	1131	0.336	0.176	0.38	0.290
186	855	0.336	0.268	0.38	0.374
186	1740	0.336	0.212	0.38	0.312
186	1429	0.336	0.276	0.38	0.369
186	1856	0.336	0.266	0.38	0.354
186	627	0.336	0.328	0.38	0.410
186	1754	0.336	0.286	0.38	0.349
186	601	0.336	0.113	0.38	0.175
186	976	0.336	0.325	0.38	0.384
186	509	0.336	0.220	0.38	0.277
186	1092	0.336	0.266	0.38	0.318
186	1084	0.336	0.347	0.38	0.398
186	453	0.336	0.297	0.38	0.346
186	1501	0.336	0.299	0.38	0.346
186	1896	0.336	0.316	0.38	0.359
186	1442	0.336	0.373	0.38	0.406
186	651	0.336	0.321	0.38	0.353
186	1296	0.336	0.303	0.38	0.335
186	539	0.336	0.312	0.38	0.344
186	1944	0.336	0.333	0.38	0.360
186	1711	0.336	0.321	0.38	0.336
186	1869	0.336	0.343	0.38	0.355
186	1940	0.336	0.360	0.38	0.359
186	1432	0.336	0.360	0.38	0.358
186	792	0.336	0.334	0.38	0.312
186	1642	0.336	0.336	0.38	0.312
186	813	0.336	0.355	0.38	0.330
186	1898	0.336	0.374	0.38	0.344
186	1584	0.336	0.414	0.38	0.364
186	370	0.336	0.223	0.38	0.446
186	1805	0.336	0.190	0.38	0.388
186	1152	0.336	0.153	0.38	0.367
186	1029	0.336	0.197	0.38	0.401
186	1674	0.336	0.190	0.38	0.375
186	1672	0.336	0.256	0.38	0.422
186	1180	0.336	0.176	0.38	0.342
186	1618	0.336	0.185	0.38	0.346
186	1673	0.336	0.495	0.38	0.545
186	1538	0.336	0.328	0.38	0.372
186	1181	0.336	0.260	0.38	0.301
186	1190	0.336	0.218	0.38	0.401
186	18	0.336	0.706	0.38	0.783
186	1140	0.336	0.258	0.38	0.354
186	663	0.336	0.262	0.38	0.322
186	1002	0.336	0.135	0.38	0.375
186	459	0.336	0.161	0.38	0.355
186	702	0.336	0.143	0.38	0.348
186	695	0.336	0.191	0.38	0.378
186	1134	0.336	0.167	0.38	0.350
186	1709	0.336	0.239	0.38	0.417
186	1576	0.336	0.290	0.38	0.461
186	748	0.336	0.163	0.38	0.334
186	1978	0.336	0.172	0.38	0.334
186	1374	0.336	0.142	0.38	0.294
186	464	0.336	0.315	0.38	0.451
186	1444	0.336	0.233	0.38	0.353
186	1403	0.336	0.316	0.38	0.436
186	1141	0.336	0.183	0.38	0.300
186	460	0.336	0.263	0.38	0.379
186	1779	0.336	0.184	0.38	0.297
186	1984	0.336	0.204	0.38	0.313
186	1979	0.336	0.284	0.38	0.390
186	936	0.336	0.228	0.38	0.326
186	1065	0.336	0.351	0.38	0.447
186	644	0.336	0.283	0.38	0.376
186	1204	0.336	0.381	0.38	0.473
186	442	0.336	0.295	0.38	0.386
186	1862	0.336	0.254	0.38	0.346
186	1710	0.336	0.294	0.38	0.362
186	869	0.336	0.254	0.38	0.319
186	1605	0.336	0.268	0.38	0.332
186	1852	0.336	0.267	0.38	0.330
186	1273	0.336	0.340	0.38	0.396
186	1517	0.336	0.276	0.38	0.331
186	1172	0.336	0.313	0.38	0.367
186	1518	0.336	0.307	0.38	0.358
186	920	0.336	0.345	0.38	0.396
186	1121	0.336	0.307	0.38	0.354
186	1304	0.336	0.337	0.38	0.382
186	919	0.336	0.283	0.38	0.321
186	1520	0.336	0.269	0.38	0.305
186	1360	0.336	0.312	0.38	0.347
186	630	0.336	0.347	0.38	0.381
186	765	0.336	0.259	0.38	0.291
186	616	0.336	0.279	0.38	0.311
186	1559	0.336	0.335	0.38	0.364
186	1001	0.336	0.298	0.38	0.320
186	634	0.336	0.362	0.38	0.376
186	1780	0.336	0.290	0.38	0.303
186	825	0.336	0.370	0.38	0.382
186	1744	0.336	0.316	0.38	0.327
186	1830	0.336	0.315	0.38	0.322
186	1860	0.336	0.358	0.38	0.354
186	1723	0.336	0.348	0.38	0.344
186	1637	0.336	0.335	0.38	0.330
186	827	0.336	0.428	0.38	0.420
186	1366	0.336	0.317	0.38	0.300
186	1838	0.336	0.300	0.38	0.281
186	1317	0.336	0.372	0.38	0.352
186	1361	0.336	0.372	0.38	0.333
186	763	0.336	0.269	0.38	0.391
186	1751	0.336	0.279	0.38	0.434
186	1133	0.336	0.163	0.38	0.362
186	916	0.336	0.207	0.38	0.365
186	1245	0.336	0.221	0.38	0.493
186	120	0.336	0.342	0.38	0.601
186	1888	0.336	0.502	0.38	0.525
186	655	0.336	0.115	0.38	0.435
186	1008	0.336	0.177	0.38	0.492
186	1800	0.336	0.304	0.38	0.418
186	392	0.336	0.602	0.38	0.794
186	422	0.336	0.374	0.38	0.611
186	208	0.336	0.207	0.38	0.523
186	858	0.336	0.184	0.38	0.320
186	1313	0.336	0.234	0.38	0.407
186	441	0.336	0.273	0.38	0.337
186	1956	0.336	0.286	0.38	0.343
186	1878	0.336	0.392	0.38	0.462
186	508	0.336	0.267	0.38	0.392
186	393	0.336	0.253	0.38	0.371
186	440	0.336	0.296	0.38	0.384
186	1986	0.336	0.137	0.38	0.460
186	435	0.336	0.087	0.38	0.300
186	995	0.336	0.244	0.38	0.408
186	620	0.336	0.253	0.38	0.376
186	416	0.336	0.303	0.38	0.422
186	915	0.336	0.343	0.38	0.452
186	1445	0.336	0.292	0.38	0.399
186	788	0.336	0.240	0.38	0.329
186	819	0.336	0.264	0.38	0.318
186	1247	0.336	0.306	0.38	0.357
186	1749	0.336	0.376	0.38	0.389
186	506	0.336	0.345	0.38	0.356
186	917	0.336	0.230	0.38	0.355
186	1791	0.336	0.247	0.38	0.371
186	1230	0.336	0.319	0.38	0.497
186	1936	0.336	0.177	0.38	0.332
186	690	0.336	0.255	0.38	0.360
186	552	0.336	0.272	0.38	0.376
186	689	0.336	0.276	0.38	0.371
186	1823	0.336	0.321	0.38	0.412
186	1455	0.336	0.253	0.38	0.335
186	926	0.336	0.280	0.38	0.328
186	1418	0.336	0.316	0.38	0.348
186	1129	0.336	0.323	0.38	0.347
186	553	0.336	0.329	0.38	0.345
186	113	0.336	0.231	0.38	0.453
186	325	0.336	0.332	0.38	0.409
186	662	0.336	0.126	0.38	0.411
186	1919	0.336	0.593	0.38	0.837
186	430	0.336	0.624	0.38	0.809
186	1920	0.336	0.802	0.38	0.951
186	1348	0.336	0.214	0.38	0.374
186	1250	0.336	0.489	0.38	0.758
186	1474	0.336	0.322	0.38	0.571
186	246	0.336	0.612	0.38	0.851
186	177	0.336	0.654	0.38	0.872
186	1255	0.336	0.634	0.38	0.822
186	587	0.336	0.737	0.38	0.906
186	1990	0.336	0.706	0.38	0.870
186	1689	0.336	0.680	0.38	0.833
186	413	0.336	0.712	0.38	0.845
186	1079	0.336	0.901	0.38	0.977
186	656	0.336	0.363	0.38	0.435
186	1790	0.336	0.925	0.38	0.989
186	678	0.336	0.684	0.38	0.587
186	657	0.336	0.410	0.38	0.944
186	1016	0.336	0.407	0.38	0.801
186	53	0.336	0.455	0.38	0.829
186	540	0.336	0.390	0.38	0.755
186	808	0.336	0.545	0.38	0.802
186	1188	0.336	0.255	0.38	0.457
186	1186	0.336	0.268	0.38	0.333
186	558	0.336	0.221	0.38	0.313
186	1803	0.336	0.405	0.38	0.538
186	224	0.336	0.467	0.38	0.567
186	1071	0.336	0.279	0.38	0.362
186	419	0.336	0.089	0.38	0.163
186	163	0.336	0.513	0.38	0.573
186	128	0.336	0.786	0.38	0.756
186	397	0.336	0.738	0.38	0.358
186	175	0.336	0.425	0.38	0.839
186	1472	0.336	0.127	0.38	0.524
186	1094	0.336	0.278	0.38	0.673
186	1093	0.336	0.182	0.38	0.574
186	1839	0.336	0.150	0.38	0.411
186	961	0.336	0.188	0.38	0.434
186	1193	0.336	0.186	0.38	0.409
186	751	0.336	0.156	0.38	0.345
186	1265	0.336	0.211	0.38	0.394
186	1398	0.336	0.221	0.38	0.382
186	1264	0.336	0.286	0.38	0.445
186	283	0.336	0.285	0.38	0.442
186	598	0.336	0.268	0.38	0.412
186	1946	0.336	0.178	0.38	0.318
186	1222	0.336	0.246	0.38	0.369
186	846	0.336	0.240	0.38	0.359
186	737	0.336	0.230	0.38	0.346
186	1389	0.336	0.246	0.38	0.354
186	1384	0.336	0.309	0.38	0.398
186	1834	0.336	0.237	0.38	0.323
186	987	0.336	0.282	0.38	0.348
186	1395	0.336	0.283	0.38	0.348
186	551	0.336	0.270	0.38	0.327
186	1393	0.336	0.316	0.38	0.365
186	1139	0.336	0.357	0.38	0.400
186	491	0.336	0.328	0.38	0.315
186	1635	0.336	0.258	0.38	0.407
186	1030	0.336	0.285	0.38	0.404
186	568	0.336	0.272	0.38	0.356
186	410	0.336	0.403	0.38	0.425
186	1425	0.336	0.361	0.38	0.379
186	409	0.336	0.325	0.38	0.682
186	1857	0.336	0.202	0.38	0.353
186	1906	0.336	0.249	0.38	0.382
186	635	0.336	0.234	0.38	0.348
186	833	0.336	0.417	0.38	0.413
186	1292	0.336	0.302	0.38	0.294
186	1453	0.336	0.335	0.38	0.555
186	1929	0.336	0.213	0.38	0.334
186	516	0.336	0.259	0.38	0.345
186	1344	0.336	0.103	0.38	0.262
186	741	0.336	0.320	0.38	0.349
186	705	0.336	0.225	0.38	0.391
186	1414	0.336	0.334	0.38	0.364
186	888	0.336	0.229	0.38	0.552
186	1615	0.336	0.316	0.38	0.415
186	1267	0.336	0.211	0.38	0.340
186	1345	0.336	0.189	0.38	0.392
186	1985	0.336	0.356	0.38	0.457
186	889	0.336	0.323	0.38	0.410
186	1596	0.336	0.457	0.38	0.683
186	344	0.336	0.445	0.38	0.655
186	975	0.336	0.535	0.38	0.744
186	1450	0.336	0.593	0.38	0.766
186	421	0.336	0.462	0.38	0.624
186	579	0.336	0.226	0.38	0.383
186	436	0.336	0.464	0.38	0.607
186	31	0.336	0.431	0.38	0.568
186	1498	0.336	0.067	0.38	0.174
186	1649	0.336	0.233	0.38	0.313
186	1475	0.336	0.360	0.38	0.411
186	569	0.336	0.233	0.38	0.263
186	1794	0.336	0.426	0.38	0.442
186	1476	0.336	0.547	0.38	0.509
186	1187	0.336	0.351	0.38	0.741
186	1148	0.336	0.332	0.38	0.409
186	1314	0.336	0.094	0.38	0.418
186	504	0.336	0.205	0.38	0.460
186	1873	0.336	0.319	0.38	0.512
186	806	0.336	0.199	0.38	0.374
186	951	0.336	0.237	0.38	0.302
186	661	0.336	0.129	0.38	0.344
186	1930	0.336	0.212	0.38	0.421
186	533	0.336	0.155	0.38	0.351
186	1927	0.336	0.226	0.38	0.355
186	1142	0.336	0.325	0.38	0.383
186	1102	0.336	0.164	0.38	0.503
186	1251	0.336	0.544	0.38	0.731
186	665	0.336	0.616	0.38	0.770
186	1183	0.336	0.826	0.38	0.897
186	119	0.336	0.964	0.38	0.948
186	1468	0.336	0.266	0.38	0.670
186	306	0.336	0.276	0.38	0.424
186	1234	0.336	0.276	0.38	0.357
186	1513	0.336	0.244	0.38	0.306
186	1864	0.336	0.330	0.38	0.504
186	913	0.336	0.255	0.38	0.373
186	994	0.336	0.078	0.38	0.336
186	1124	0.336	0.129	0.38	0.378
186	1394	0.336	0.124	0.38	0.354
186	835	0.336	0.206	0.38	0.413
186	1051	0.336	0.221	0.38	0.426
186	958	0.336	0.211	0.38	0.413
186	643	0.336	0.138	0.38	0.324
186	1109	0.336	0.301	0.38	0.446
186	500	0.336	0.248	0.38	0.382
186	1356	0.336	0.206	0.38	0.337
186	1704	0.336	0.206	0.38	0.332
186	1165	0.336	0.219	0.38	0.341
186	1932	0.336	0.193	0.38	0.313
186	531	0.336	0.262	0.38	0.379
186	1164	0.336	0.219	0.38	0.330
186	1210	0.336	0.222	0.38	0.328
186	1643	0.336	0.240	0.38	0.344
186	1275	0.336	0.250	0.38	0.349
186	1777	0.336	0.280	0.38	0.365
186	1773	0.336	0.303	0.38	0.388
186	1994	0.336	0.270	0.38	0.355
186	1891	0.336	0.301	0.38	0.385
186	836	0.336	0.300	0.38	0.380
186	1866	0.336	0.318	0.38	0.388
186	637	0.336	0.293	0.38	0.355
186	1236	0.336	0.346	0.38	0.407
186	988	0.336	0.335	0.38	0.395
186	1865	0.336	0.307	0.38	0.362
186	527	0.336	0.298	0.38	0.352
186	701	0.336	0.269	0.38	0.321
186	1540	0.336	0.287	0.38	0.334
186	1435	0.336	0.312	0.38	0.348
186	444	0.336	0.365	0.38	0.398
186	605	0.336	0.247	0.38	0.280
186	16	0.336	0.307	0.38	0.331
186	1278	0.336	0.313	0.38	0.337
186	837	0.336	0.294	0.38	0.314
186	1229	0.336	0.336	0.38	0.356
186	482	0.336	0.349	0.38	0.363
186	947	0.336	0.358	0.38	0.369
186	1519	0.336	0.323	0.38	0.327
186	1367	0.336	0.324	0.38	0.320
186	1379	0.336	0.389	0.38	0.358
186	1391	0.336	0.208	0.38	0.367
186	983	0.336	0.236	0.38	0.338
186	1682	0.336	0.172	0.38	0.370
186	1154	0.336	0.479	0.38	0.587
186	1155	0.336	0.478	0.38	0.560
186	1153	0.336	0.317	0.38	0.390
186	1970	0.336	0.298	0.38	0.352
186	786	0.336	0.225	0.38	0.401
186	785	0.336	0.139	0.38	0.247
186	1567	0.336	0.267	0.38	0.446
186	439	0.336	0.209	0.38	0.282
186	1035	0.336	0.229	0.38	0.271
186	1786	0.336	0.410	0.38	0.371
186	55	0.336	0.309	0.38	0.402
186	999	0.336	0.307	0.38	0.382
186	7	0.336	0.331	0.38	0.382
186	485	0.336	0.317	0.38	0.344
186	38	0.336	0.351	0.38	0.377
186	468	0.336	0.179	0.38	0.412
186	1279	0.336	0.271	0.38	0.428
186	584	0.336	0.256	0.38	0.405
186	513	0.336	0.294	0.38	0.367
186	1881	0.336	0.227	0.38	0.298
186	600	0.336	0.291	0.38	0.583
186	772	0.336	0.089	0.38	0.292
186	1469	0.336	0.218	0.38	0.358
186	235	0.336	0.251	0.38	0.246
186	1547	0.336	0.180	0.38	0.765
186	1310	0.336	0.187	0.38	0.420
186	897	0.336	0.179	0.38	0.410
186	769	0.336	0.383	0.38	0.593
186	749	0.336	0.150	0.38	0.353
186	650	0.336	0.278	0.38	0.451
186	621	0.336	0.363	0.38	0.519
186	980	0.336	0.300	0.38	0.408
186	1132	0.336	0.341	0.38	0.438
186	1311	0.336	0.299	0.38	0.387
186	1717	0.336	0.311	0.38	0.380
186	1758	0.336	0.290	0.38	0.356
186	1958	0.336	0.326	0.38	0.350
186	1854	0.336	0.334	0.38	0.358
186	277	0.336	0.976	0.38	0.992
186	1163	0.336	0.419	0.38	0.404
186	396	0.336	0.253	0.38	0.379
186	1683	0.336	0.498	0.38	1.000
186	1597	0.336	0.229	0.38	0.420
186	26	0.336	0.388	0.38	0.571
186	1996	0.336	0.249	0.38	0.374
186	8	0.336	0.249	0.38	0.364
186	1221	0.336	0.269	0.38	0.564
186	1349	0.336	0.291	0.38	0.377
186	124	0.336	0.135	0.38	0.590
186	1481	0.336	0.908	0.38	0.856
186	1601	0.336	0.744	0.38	0.843
186	871	0.336	0.294	0.38	0.344
186	21	0.336	0.705	0.38	0.722
186	70	0.336	0.352	0.38	0.358
186	45	0.336	0.810	0.38	0.804
186	631	0.336	0.751	0.38	0.743
186	784	0.336	0.659	0.38	0.639
186	22	0.336	0.386	0.38	0.339
186	595	0.336	0.386	0.38	0.327
186	390	0.336	0.500	0.38	0.404
186	92	0.336	0.420	0.38	0.248
186	599	0.336	0.297	0.38	0.350
186	698	0.336	0.331	0.38	0.370
186	1590	0.336	0.135	0.38	0.359
186	1077	0.336	0.208	0.38	0.410
186	727	0.336	0.123	0.38	0.323
186	864	0.336	0.233	0.38	0.384
186	1844	0.336	0.162	0.38	0.308
186	478	0.336	0.186	0.38	0.304
186	878	0.336	0.252	0.38	0.363
186	1233	0.336	0.219	0.38	0.330
186	1511	0.336	0.220	0.38	0.325
186	1647	0.336	0.265	0.38	0.343
186	547	0.336	0.229	0.38	0.305
186	1209	0.336	0.274	0.38	0.341
186	1456	0.336	0.293	0.38	0.353
186	1651	0.336	0.306	0.38	0.365
186	1571	0.336	0.276	0.38	0.333
186	863	0.336	0.256	0.38	0.305
186	1516	0.336	0.343	0.38	0.368
186	1890	0.336	0.362	0.38	0.384
186	1551	0.336	0.287	0.38	0.303
186	467	0.336	0.343	0.38	0.331
186	489	0.336	0.373	0.38	0.335
186	1508	0.336	0.196	0.38	0.326
186	604	0.336	0.253	0.38	0.422
186	1681	0.336	0.201	0.38	0.359
186	891	0.336	0.344	0.38	0.467
186	893	0.336	0.395	0.38	0.353
186	1949	0.336	0.117	0.38	0.378
186	1728	0.336	0.239	0.38	0.357
186	1705	0.336	0.298	0.38	0.374
186	1053	0.336	0.328	0.38	0.369
186	473	0.336	0.366	0.38	0.387
186	1213	0.336	0.091	0.38	0.404
186	1047	0.336	0.315	0.38	0.408
186	818	0.336	0.201	0.38	0.466
186	1491	0.336	0.187	0.38	0.374
186	1178	0.336	0.148	0.38	0.315
186	1449	0.336	0.158	0.38	0.322
186	1451	0.336	0.166	0.38	0.327
186	1105	0.336	0.188	0.38	0.291
186	1792	0.336	0.119	0.38	0.204
186	1494	0.336	0.178	0.38	0.434
186	1270	0.336	0.239	0.38	0.438
186	886	0.336	0.393	0.38	0.466
186	429	0.336	0.098	0.38	0.232
186	1096	0.336	0.281	0.38	0.355
186	391	0.336	0.394	0.38	0.357
186	565	0.336	0.213	0.38	0.935
186	686	0.336	0.306	0.38	0.351
186	479	0.336	0.269	0.38	0.481
186	1729	0.336	0.199	0.38	0.361
186	1261	0.336	0.246	0.38	0.356
186	258	0.336	0.328	0.38	0.371
186	632	0.336	0.360	0.38	0.394
186	1352	0.336	0.212	0.38	0.849
186	927	0.336	0.171	0.38	0.406
186	1874	0.336	0.142	0.38	0.364
186	1562	0.336	0.082	0.38	0.275
186	1913	0.336	0.169	0.38	0.335
186	1082	0.336	0.179	0.38	0.323
186	1274	0.336	0.094	0.38	0.220
186	476	0.336	0.175	0.38	0.286
186	938	0.336	0.259	0.38	0.362
186	939	0.336	0.244	0.38	0.346
186	1573	0.336	0.245	0.38	0.337
186	1810	0.336	0.284	0.38	0.372
186	946	0.336	0.290	0.38	0.376
186	940	0.336	0.293	0.38	0.372
186	1312	0.336	0.236	0.38	0.308
186	842	0.336	0.322	0.38	0.392
186	885	0.336	0.268	0.38	0.337
186	42	0.336	0.262	0.38	0.315
186	1207	0.336	0.306	0.38	0.342
186	58	0.336	0.226	0.38	0.257
186	941	0.336	0.354	0.38	0.378
186	1290	0.336	0.315	0.38	0.309
186	590	0.336	0.225	0.38	0.219
186	272	0.336	0.358	0.38	0.350
186	880	0.336	0.294	0.38	0.281
186	841	0.336	0.360	0.38	0.340
186	761	0.336	0.325	0.38	0.283
186	1404	0.336	0.338	0.38	0.279
186	1606	0.336	0.431	0.38	0.370
186	1046	0.336	0.363	0.38	0.255
186	890	0.336	0.203	0.38	0.331
186	1909	0.336	0.234	0.38	0.353
186	892	0.336	0.222	0.38	0.316
186	381	0.336	0.160	0.38	0.438
186	1417	0.336	0.148	0.38	0.253
186	1466	0.336	0.108	0.38	0.739
186	1145	0.336	0.227	0.38	0.408
186	1912	0.336	0.198	0.38	0.375
186	625	0.336	0.356	0.38	0.319
186	1638	0.336	0.230	0.38	0.344
186	514	0.336	0.272	0.38	0.362
186	899	0.336	0.338	0.38	0.672
186	337	0.336	0.425	0.38	0.592
186	230	0.336	0.278	0.38	0.435
186	1461	0.336	0.460	0.38	0.583
186	1782	0.336	0.711	0.38	0.631
186	244	0.336	0.323	0.38	0.530
186	1223	0.336	0.367	0.38	0.486
186	775	0.336	0.268	0.38	0.407
186	225	0.336	0.224	0.38	0.417
186	1806	0.336	0.181	0.38	0.326
186	242	0.336	0.049	0.38	0.306
186	86	0.336	0.052	0.38	0.280
186	37	0.336	0.053	0.38	0.264
186	84	0.336	0.038	0.38	0.236
186	108	0.336	0.327	0.38	0.384
186	1974	0.336	0.295	0.38	0.429
186	1027	0.336	0.330	0.38	0.681
186	364	0.336	0.096	0.38	0.365
186	1048	0.336	0.206	0.38	0.390
186	1376	0.336	0.234	0.38	0.343
186	949	0.336	0.314	0.38	0.372
186	984	0.336	0.389	0.38	0.393
186	1536	0.336	0.361	0.38	0.358
186	960	0.336	0.331	0.38	0.322
186	1983	0.336	0.197	0.38	0.388
186	1192	0.336	0.171	0.38	0.341
186	795	0.336	0.252	0.38	0.327
186	1714	0.336	0.271	0.38	0.341
186	1243	0.336	0.300	0.38	0.323
186	541	0.336	0.344	0.38	0.356
186	1059	0.336	0.647	0.38	0.832
186	633	0.336	0.925	0.38	0.955
186	1075	0.336	0.075	0.38	0.350
186	822	0.336	0.102	0.38	0.353
186	817	0.336	0.079	0.38	0.330
186	591	0.336	0.066	0.38	0.287
186	996	0.336	0.097	0.38	0.299
186	614	0.336	0.079	0.38	0.266
186	1300	0.336	0.171	0.38	0.313
186	991	0.336	0.098	0.38	0.238
186	990	0.336	0.098	0.38	0.236
186	1883	0.336	0.123	0.38	0.259
186	1284	0.336	0.212	0.38	0.346
186	989	0.336	0.089	0.38	0.209
186	642	0.336	0.147	0.38	0.266
186	1089	0.336	0.160	0.38	0.278
186	986	0.336	0.086	0.38	0.202
186	1231	0.336	0.093	0.38	0.187
186	774	0.336	0.292	0.38	0.385
186	1325	0.336	0.077	0.38	0.159
186	1560	0.336	0.248	0.38	0.302
186	1561	0.336	0.344	0.38	0.396
186	1076	0.336	0.052	0.38	0.095
186	27	0.336	0.168	0.38	0.212
186	1884	0.336	0.168	0.38	0.201
186	758	0.336	0.059	0.38	0.085
186	844	0.336	0.080	0.38	0.365
186	1184	0.336	0.234	0.38	0.191
186	1191	0.336	0.149	0.38	0.392
186	1922	0.336	0.135	0.38	0.318
186	1923	0.336	0.219	0.38	0.373
186	401	0.336	0.245	0.38	0.381
186	1342	0.336	0.241	0.38	0.367
186	1115	0.336	0.258	0.38	0.365
186	1924	0.336	0.292	0.38	0.399
186	675	0.336	0.305	0.38	0.402
186	1921	0.336	0.277	0.38	0.341
186	1259	0.336	0.330	0.38	0.388
186	1248	0.336	0.402	0.38	0.380
186	371	0.336	0.400	0.38	0.356
186	1097	0.336	0.247	0.38	0.343
186	549	0.336	0.250	0.38	0.340
186	641	0.336	0.266	0.38	0.431
186	673	0.336	0.224	0.38	0.395
186	571	0.336	0.109	0.38	0.364
186	1680	0.336	0.551	0.38	0.717
186	1017	0.336	0.073	0.38	0.300
186	1031	0.336	0.234	0.38	0.367
186	1409	0.336	0.244	0.38	0.361
186	1789	0.336	0.235	0.38	0.315
186	432	0.336	0.287	0.38	0.317
186	563	0.336	0.433	0.38	0.882
186	434	0.336	0.581	0.38	0.856
186	431	0.336	0.244	0.38	0.516
186	353	0.336	0.242	0.38	0.383
186	1804	0.336	0.240	0.38	0.367
186	1123	0.336	0.331	0.38	0.447
186	188	0.336	0.387	0.38	0.483
186	1671	0.336	0.311	0.38	0.321
186	1667	0.336	0.392	0.38	0.390
186	667	0.336	0.357	0.38	0.737
186	666	0.336	0.349	0.38	0.672
186	1422	0.336	0.315	0.38	0.424
186	937	0.336	0.288	0.38	0.374
186	1198	0.336	0.330	0.38	0.387
186	826	0.336	0.253	0.38	0.298
186	1926	0.336	0.314	0.38	0.342
186	1820	0.336	0.201	0.38	0.326
186	807	0.336	0.313	0.38	0.366
186	803	0.336	0.283	0.38	0.311
186	1598	0.336	0.194	0.38	0.998
186	592	0.336	0.372	0.38	0.959
186	1550	0.336	0.681	0.38	0.979
186	1238	0.336	0.411	0.38	0.807
186	217	0.336	0.252	0.38	0.490
186	668	0.336	0.081	0.38	0.290
186	415	0.336	0.833	0.38	0.983
186	1050	0.336	0.860	0.38	0.999
186	1736	0.336	0.286	0.38	0.405
186	881	0.336	0.263	0.38	0.377
186	1321	0.336	0.909	0.38	0.972
186	1239	0.336	0.362	0.38	0.401
186	1935	0.336	0.327	0.38	0.363
186	1901	0.336	0.324	0.38	0.342
186	1887	0.336	0.981	0.38	0.998
186	1176	0.336	0.986	0.38	0.999
186	1593	0.336	0.995	0.38	1.000
186	1454	0.336	0.314	0.38	0.291
186	1641	0.336	0.241	0.38	0.588
186	1712	0.336	0.286	0.38	0.692
186	106	0.336	0.434	0.38	0.755
186	1599	0.336	0.064	0.38	0.344
186	1621	0.336	0.238	0.38	0.544
186	677	0.336	1.000	0.38	1.000
186	900	0.336	0.214	0.38	0.389
186	1224	0.336	0.229	0.38	0.365
186	724	0.336	0.229	0.38	0.671
186	1656	0.336	0.151	0.38	0.386
186	957	0.336	0.111	0.38	0.329
186	750	0.336	0.130	0.38	0.307
186	1515	0.336	0.194	0.38	0.354
186	510	0.336	0.247	0.38	0.388
186	639	0.336	0.249	0.38	0.389
186	1419	0.336	0.234	0.38	0.365
186	821	0.336	0.298	0.38	0.429
186	747	0.336	0.222	0.38	0.352
186	970	0.336	0.240	0.38	0.368
186	1652	0.336	0.254	0.38	0.381
186	783	0.336	0.287	0.38	0.407
186	1833	0.336	0.180	0.38	0.292
186	1166	0.336	0.223	0.38	0.334
186	876	0.336	0.248	0.38	0.358
186	847	0.336	0.211	0.38	0.321
186	918	0.336	0.270	0.38	0.373
186	613	0.336	0.299	0.38	0.402
186	550	0.336	0.255	0.38	0.354
186	1611	0.336	0.284	0.38	0.368
186	787	0.336	0.237	0.38	0.320
186	1195	0.336	0.291	0.38	0.372
186	548	0.336	0.295	0.38	0.371
186	1227	0.336	0.262	0.38	0.324
186	714	0.336	0.312	0.38	0.370
186	856	0.336	0.301	0.38	0.354
186	607	0.336	0.325	0.38	0.373
186	1205	0.336	0.265	0.38	0.311
186	1149	0.336	0.321	0.38	0.359
186	1400	0.336	0.286	0.38	0.319
186	896	0.336	0.198	0.38	0.222
186	740	0.336	0.301	0.38	0.324
186	1211	0.336	0.332	0.38	0.349
186	1894	0.336	0.363	0.38	0.370
186	1083	0.336	0.334	0.38	0.332
186	1090	0.336	0.381	0.38	0.359
186	1272	0.336	0.428	0.38	0.336
186	1309	0.336	0.239	0.38	0.338
186	1318	0.336	0.282	0.38	0.345
186	1607	0.336	0.143	0.38	0.408
186	861	0.336	0.140	0.38	0.394
186	904	0.336	0.114	0.38	0.321
186	1244	0.336	0.274	0.38	0.361
186	572	0.336	0.354	0.38	0.344
186	501	0.336	0.228	0.38	0.392
186	534	0.336	0.279	0.38	0.415
186	814	0.336	0.271	0.38	0.380
186	1226	0.336	0.206	0.38	0.288
186	757	0.336	0.248	0.38	0.359
186	1232	0.336	0.222	0.38	0.304
186	536	0.336	0.249	0.38	0.306
186	1390	0.336	0.300	0.38	0.344
186	182	0.336	0.343	0.38	0.373
186	1557	0.336	0.346	0.38	0.351
186	1306	0.336	0.304	0.38	0.308
186	997	0.336	0.537	0.38	0.379
186	1541	0.336	0.551	0.38	0.306
186	1650	0.336	0.593	0.38	0.305
186	61	0.336	0.280	0.38	0.348
186	1892	0.336	0.356	0.38	0.378
186	1690	0.336	0.765	0.38	0.882
186	1976	0.336	0.693	0.38	0.800
186	1464	0.336	0.718	0.38	0.819
186	420	0.336	0.738	0.38	0.829
186	424	0.336	0.743	0.38	0.808
186	562	0.336	0.734	0.38	0.793
186	1158	0.336	0.631	0.38	0.686
186	351	0.336	0.770	0.38	0.815
186	162	0.336	0.740	0.38	0.777
186	1038	0.336	0.767	0.38	0.804
186	44	0.336	0.304	0.38	0.583
186	1009	0.336	0.300	0.38	0.511
186	203	0.336	0.284	0.38	0.313
186	628	0.336	0.429	0.38	0.451
186	408	0.336	0.210	0.38	0.356
186	1341	0.336	0.254	0.38	0.359
186	830	0.336	0.339	0.38	0.353
186	1334	0.336	0.333	0.38	0.386
186	1337	0.336	0.134	0.38	0.376
186	1320	0.336	0.339	0.38	0.359
186	281	0.336	0.060	0.38	0.403
186	736	0.336	0.230	0.38	0.407
186	386	0.336	0.467	0.38	0.513
186	828	0.336	0.411	0.38	0.352
186	1098	0.336	0.139	0.38	0.972
186	174	0.336	0.322	0.38	0.703
186	588	0.336	0.785	0.38	1.000
186	1679	0.336	0.189	0.38	0.341
186	1801	0.336	0.113	0.38	0.210
186	570	0.336	0.277	0.38	0.696
186	190	0.336	0.255	0.38	0.467
186	1798	0.336	0.271	0.38	0.982
186	1973	0.336	0.238	0.38	0.490
186	428	0.336	0.514	0.38	0.759
186	1963	0.336	0.231	0.38	0.475
186	1185	0.336	0.695	0.38	0.886
186	1989	0.336	0.199	0.38	0.344
186	1495	0.336	0.957	0.38	0.935
186	305	0.336	0.421	0.38	0.376
186	1861	0.336	0.393	0.38	0.345
186	1660	0.336	0.407	0.38	0.352
186	343	0.336	0.481	0.38	0.351
186	660	0.336	0.213	0.38	0.584
186	198	0.336	0.261	0.38	0.624
186	1353	0.336	0.100	0.38	0.502
186	423	0.336	0.777	0.38	0.966
186	1797	0.336	0.636	0.38	0.980
186	1014	0.336	0.195	0.38	0.376
186	1144	0.336	0.203	0.38	0.370
186	214	0.336	0.997	0.38	0.995
186	1138	0.336	0.541	0.38	0.710
186	1678	0.336	0.596	0.38	0.703
186	1327	0.336	0.188	0.38	0.411
186	1554	0.336	0.267	0.38	0.331
186	1992	0.336	0.423	0.38	0.375
186	1026	0.336	0.123	0.38	0.322
186	349	0.336	0.104	0.38	0.209
186	1998	0.336	0.263	0.38	0.463
186	585	0.336	0.259	0.38	0.404
186	1168	0.336	0.292	0.38	0.400
186	1167	0.336	0.305	0.38	0.335
186	323	0.336	0.165	0.38	0.317
186	1382	0.336	0.209	0.38	0.345
186	1322	0.336	0.235	0.38	0.354
186	1614	0.336	0.329	0.38	0.400
186	1696	0.336	0.311	0.38	0.345
186	220	0.336	0.293	0.38	0.421
186	1146	0.336	0.432	0.38	0.757
186	1531	0.336	0.161	0.38	0.885
186	567	0.336	0.083	0.38	0.509
186	131	0.336	0.193	0.38	0.636
186	69	0.336	0.324	0.38	0.553
186	566	0.336	0.238	0.38	0.435
186	1459	0.336	0.228	0.38	0.344
186	1240	0.336	0.198	0.38	0.294
186	1460	0.336	0.311	0.38	0.406
186	1907	0.336	0.308	0.38	0.375
186	1687	0.336	0.298	0.38	0.317
186	137	0.336	0.262	0.38	0.280
186	1458	0.336	0.266	0.38	0.184
186	1788	0.336	0.235	0.38	0.614
186	438	0.336	0.170	0.38	0.541
186	1910	0.336	0.258	0.38	0.740
186	816	0.336	0.309	0.38	0.451
186	733	0.336	0.638	0.38	0.645
186	734	0.336	0.664	0.38	0.665
186	1063	0.336	0.175	0.38	0.387
186	398	0.336	0.551	0.38	0.729
186	103	0.336	0.643	0.38	0.787
186	923	0.336	0.753	0.38	0.865
186	922	0.336	0.762	0.38	0.871
186	104	0.336	0.654	0.38	0.761
186	32	0.336	0.792	0.38	0.867
186	76	0.336	0.809	0.38	0.880
186	680	0.336	0.816	0.38	0.871
186	1402	0.336	0.768	0.38	0.805
186	1951	0.336	0.731	0.38	0.765
186	1291	0.336	0.143	0.38	0.354
186	1842	0.336	0.190	0.38	0.375
186	754	0.336	0.188	0.38	0.342
186	756	0.336	0.172	0.38	0.310
186	1446	0.336	0.221	0.38	0.356
186	874	0.336	0.233	0.38	0.363
186	1835	0.336	0.237	0.38	0.335
186	755	0.336	0.276	0.38	0.344
186	1850	0.336	0.301	0.38	0.365
186	1215	0.336	0.296	0.38	0.335
186	933	0.336	0.377	0.38	0.404
186	718	0.336	0.305	0.38	0.330
186	875	0.336	0.326	0.38	0.323
186	1257	0.336	0.278	0.38	0.356
186	1116	0.336	0.264	0.38	0.325
186	1347	0.336	0.261	0.38	0.294
186	589	0.336	0.168	0.38	0.464
186	624	0.336	0.260	0.38	0.364
186	1609	0.336	0.346	0.38	0.355
186	1961	0.336	0.193	0.38	0.782
186	324	0.336	0.061	0.38	0.649
186	1411	0.336	0.099	0.38	0.372
186	1010	0.336	0.113	0.38	0.377
186	1965	0.336	0.401	0.38	0.638
186	1500	0.336	0.216	0.38	0.439
186	1875	0.336	0.701	0.38	0.920
186	1489	0.336	0.060	0.38	0.268
186	1100	0.336	0.509	0.38	0.666
186	1975	0.336	0.082	0.38	0.220
186	116	0.336	0.192	0.38	0.304
186	1966	0.336	0.114	0.38	0.199
186	1876	0.336	0.894	0.38	0.956
186	117	0.336	0.228	0.38	0.191
186	894	0.336	0.161	0.38	0.405
186	377	0.336	0.228	0.38	0.325
186	1734	0.336	0.232	0.38	0.309
186	1421	0.336	0.231	0.38	0.422
186	368	0.336	0.191	0.38	0.383
186	1694	0.336	0.989	0.38	0.998
186	1150	0.336	0.223	0.38	0.338
186	216	0.336	0.299	0.38	0.434
186	515	0.336	0.159	0.38	0.418
186	953	0.336	0.239	0.38	0.378
186	1548	0.336	0.219	0.38	0.308
186	71	0.336	0.313	0.38	0.434
186	1013	0.336	0.220	0.38	0.319
186	1118	0.336	0.312	0.38	0.585
186	48	0.336	0.235	0.38	0.473
186	1546	0.336	0.840	0.38	0.954
186	24	0.336	0.770	0.38	0.913
186	797	0.336	0.391	0.38	0.879
186	1702	0.336	0.102	0.38	0.841
186	425	0.336	0.106	0.38	0.338
186	669	0.336	0.203	0.38	0.300
186	1108	0.336	0.234	0.38	0.331
186	1595	0.336	0.326	0.38	0.780
186	1032	0.336	0.680	0.38	0.995
186	1488	0.336	0.443	0.38	0.803
186	1486	0.336	0.192	0.38	0.638
186	193	0.336	0.142	0.38	0.501
186	127	0.336	0.543	0.38	0.863
186	1492	0.336	0.094	0.38	0.553
186	1526	0.336	0.093	0.38	0.398
186	1159	0.336	0.727	0.38	0.768
186	1005	0.336	0.890	0.38	0.985
186	1968	0.336	0.285	0.38	0.359
186	12	0.336	0.300	0.38	0.425
186	75	0.336	0.293	0.38	0.361
186	56	0.336	0.336	0.38	0.395
186	20	0.336	0.328	0.38	0.386
186	29	0.336	0.327	0.38	0.338
186	14	0.336	0.378	0.38	0.367
186	47	0.336	0.389	0.38	0.296
186	1586	0.336	0.220	0.38	0.412
186	81	0.336	0.765	0.38	0.788
186	63	0.336	0.819	0.38	0.837
186	291	0.336	0.175	0.38	0.286
186	278	0.336	0.325	0.38	0.347
186	46	0.336	0.189	0.38	0.416
186	19	0.336	0.818	0.38	0.760
186	982	0.336	0.418	0.38	0.352
186	700	0.336	0.176	0.38	0.356
186	41	0.336	0.217	0.38	0.391
186	39	0.336	0.714	0.38	0.739
186	13	0.336	0.354	0.38	0.354
186	955	0.336	0.378	0.38	0.333
186	1608	0.336	0.854	0.38	0.789
186	1841	0.336	0.138	0.38	0.329
186	1408	0.336	0.183	0.38	0.302
186	1285	0.336	0.109	0.38	0.356
186	1364	0.336	0.306	0.38	0.393
186	1363	0.336	0.314	0.38	0.371
186	1405	0.336	0.273	0.38	0.321
186	1604	0.336	0.323	0.38	0.359
186	400	0.336	0.358	0.38	0.319
186	1151	0.336	0.706	0.38	0.477
186	1225	0.336	0.183	0.38	0.294
186	1568	0.336	0.296	0.38	0.388
186	715	0.336	0.075	0.38	0.782
186	1845	0.336	0.428	0.38	0.968
186	716	0.336	0.396	0.38	0.847
186	791	0.336	0.114	0.38	0.369
186	1914	0.336	0.273	0.38	0.351
186	456	0.336	0.305	0.38	0.352
186	1916	0.336	0.317	0.38	0.340
186	4	0.336	0.407	0.38	0.428
186	1333	0.336	0.326	0.38	0.816
186	1818	0.336	0.322	0.38	0.678
186	1136	0.336	0.321	0.38	0.605
186	507	0.336	0.245	0.38	0.521
186	1934	0.336	0.087	0.38	0.362
186	1286	0.336	0.301	0.38	0.575
186	956	0.336	0.090	0.38	0.362
186	1760	0.336	0.167	0.38	0.436
186	1431	0.336	0.253	0.38	0.517
186	445	0.336	0.108	0.38	0.370
186	1746	0.336	0.104	0.38	0.365
186	472	0.336	0.203	0.38	0.462
186	648	0.336	0.208	0.38	0.463
186	1733	0.336	0.181	0.38	0.433
186	606	0.336	0.078	0.38	0.327
186	618	0.336	0.142	0.38	0.386
186	1719	0.336	0.106	0.38	0.350
186	597	0.336	0.172	0.38	0.416
186	759	0.336	0.125	0.38	0.366
186	1870	0.336	0.186	0.38	0.427
186	1626	0.336	0.307	0.38	0.544
186	745	0.336	0.183	0.38	0.419
186	766	0.336	0.180	0.38	0.416
186	376	0.336	0.257	0.38	0.492
186	1326	0.336	0.326	0.38	0.560
186	537	0.336	0.130	0.38	0.362
186	1514	0.336	0.234	0.38	0.462
186	1837	0.336	0.218	0.38	0.443
186	850	0.336	0.110	0.38	0.334
186	1583	0.336	0.091	0.38	0.315
186	1080	0.336	0.182	0.38	0.404
186	831	0.336	0.126	0.38	0.348
186	1893	0.336	0.134	0.38	0.355
186	452	0.336	0.405	0.38	0.625
186	770	0.336	0.161	0.38	0.382
186	640	0.336	0.300	0.38	0.520
186	465	0.336	0.146	0.38	0.363
186	1443	0.336	0.145	0.38	0.362
186	1399	0.336	0.116	0.38	0.331
186	1697	0.336	0.168	0.38	0.382
186	64	0.336	0.194	0.38	0.407
186	1365	0.336	0.273	0.38	0.485
186	1899	0.336	0.191	0.38	0.402
186	1039	0.336	0.216	0.38	0.426
186	1657	0.336	0.199	0.38	0.408
186	1563	0.336	0.200	0.38	0.408
186	1339	0.336	0.211	0.38	0.419
186	1774	0.336	0.138	0.38	0.345
186	1980	0.336	0.145	0.38	0.351
186	1735	0.336	0.186	0.38	0.385
186	450	0.336	0.121	0.38	0.319
186	829	0.336	0.221	0.38	0.418
186	1698	0.336	0.193	0.38	0.390
186	1416	0.336	0.134	0.38	0.330
186	1819	0.336	0.117	0.38	0.313
186	978	0.336	0.087	0.38	0.281
186	608	0.336	0.184	0.38	0.378
186	971	0.336	0.181	0.38	0.374
186	1623	0.336	0.117	0.38	0.310
186	1858	0.336	0.214	0.38	0.405
186	1755	0.336	0.221	0.38	0.411
186	1430	0.336	0.174	0.38	0.359
186	1324	0.336	0.199	0.38	0.383
186	1332	0.336	0.176	0.38	0.358
186	1171	0.336	0.202	0.38	0.383
186	451	0.336	0.129	0.38	0.310
186	1658	0.336	0.132	0.38	0.312
186	710	0.336	0.215	0.38	0.395
186	887	0.336	0.157	0.38	0.336
186	1396	0.336	0.149	0.38	0.326
186	1527	0.336	0.233	0.38	0.409
186	930	0.336	0.230	0.38	0.405
186	723	0.336	0.298	0.38	0.472
186	1738	0.336	0.227	0.38	0.400
186	593	0.336	0.179	0.38	0.351
186	1592	0.336	0.247	0.38	0.419
186	6	0.336	0.222	0.38	0.392
186	696	0.336	0.223	0.38	0.392
186	610	0.336	0.179	0.38	0.347
186	1388	0.336	0.159	0.38	0.327
186	789	0.336	0.197	0.38	0.365
186	1840	0.336	0.166	0.38	0.330
186	1544	0.336	0.225	0.38	0.388
186	717	0.336	0.206	0.38	0.368
186	487	0.336	0.181	0.38	0.342
186	1299	0.336	0.151	0.38	0.312
186	1713	0.336	0.192	0.38	0.349
186	1776	0.336	0.203	0.38	0.360
186	557	0.336	0.181	0.38	0.335
186	1853	0.336	0.185	0.38	0.338
186	854	0.336	0.162	0.38	0.315
186	711	0.336	0.221	0.38	0.373
186	1634	0.336	0.186	0.38	0.339
186	555	0.336	0.217	0.38	0.369
186	729	0.336	0.197	0.38	0.348
186	768	0.336	0.205	0.38	0.356
186	1724	0.336	0.192	0.38	0.343
186	1624	0.336	0.160	0.38	0.311
186	483	0.336	0.199	0.38	0.349
186	499	0.336	0.233	0.38	0.383
186	910	0.336	0.226	0.38	0.375
186	1534	0.336	0.208	0.38	0.357
186	626	0.336	0.267	0.38	0.414
186	629	0.336	0.177	0.38	0.324
186	1268	0.336	0.282	0.38	0.428
186	1630	0.336	0.219	0.38	0.365
186	470	0.336	0.183	0.38	0.327
186	752	0.336	0.231	0.38	0.375
186	838	0.336	0.212	0.38	0.356
186	1855	0.336	0.216	0.38	0.359
186	1762	0.336	0.207	0.38	0.349
186	366	0.336	0.285	0.38	0.427
186	781	0.336	0.248	0.38	0.390
186	523	0.336	0.161	0.38	0.302
186	1552	0.336	0.193	0.38	0.333
186	1438	0.336	0.182	0.38	0.321
186	457	0.336	0.204	0.38	0.344
186	239	0.336	0.221	0.38	0.360
186	1706	0.336	0.190	0.38	0.328
186	264	0.336	0.316	0.38	0.453
186	1895	0.336	0.212	0.38	0.349
186	1340	0.336	0.242	0.38	0.376
186	384	0.336	0.271	0.38	0.405
186	776	0.336	0.197	0.38	0.331
186	732	0.336	0.170	0.38	0.304
186	1262	0.336	0.237	0.38	0.370
186	292	0.336	0.329	0.38	0.461
186	693	0.336	0.234	0.38	0.365
186	1329	0.336	0.180	0.38	0.312
186	1953	0.336	0.280	0.38	0.411
186	1037	0.336	0.231	0.38	0.361
186	1931	0.336	0.223	0.38	0.353
186	1135	0.336	0.215	0.38	0.344
186	1933	0.336	0.218	0.38	0.346
186	952	0.336	0.703	0.38	0.832
186	259	0.336	0.703	0.38	0.828
186	1812	0.336	0.233	0.38	0.359
186	1578	0.336	0.216	0.38	0.342
186	794	0.336	0.246	0.38	0.371
186	843	0.336	0.160	0.38	0.284
186	1505	0.336	0.254	0.38	0.378
186	1282	0.336	0.189	0.38	0.313
186	1757	0.336	0.274	0.38	0.398
186	1759	0.336	0.206	0.38	0.330
186	862	0.336	0.081	0.38	0.205
186	615	0.336	0.203	0.38	0.327
186	1848	0.336	0.253	0.38	0.376
186	932	0.336	0.228	0.38	0.351
186	1748	0.336	0.196	0.38	0.318
186	1768	0.336	0.264	0.38	0.384
186	1212	0.336	0.296	0.38	0.417
186	525	0.336	0.166	0.38	0.286
186	1902	0.336	0.254	0.38	0.374
186	511	0.336	0.236	0.38	0.355
186	544	0.336	0.298	0.38	0.417
186	375	0.336	0.231	0.38	0.350
186	943	0.336	0.259	0.38	0.377
186	968	0.336	0.217	0.38	0.336
186	1539	0.336	0.239	0.38	0.357
186	261	0.336	0.259	0.38	0.377
186	609	0.336	0.197	0.38	0.314
186	1585	0.336	0.252	0.38	0.368
186	935	0.336	0.318	0.38	0.432
186	1995	0.336	0.264	0.38	0.377
186	1175	0.336	0.250	0.38	0.363
186	447	0.336	0.234	0.38	0.346
186	1952	0.336	0.268	0.38	0.379
186	496	0.336	0.250	0.38	0.361
186	809	0.336	0.250	0.38	0.360
186	372	0.336	0.255	0.38	0.364
186	1732	0.336	0.239	0.38	0.347
186	1194	0.336	0.271	0.38	0.378
186	905	0.336	0.228	0.38	0.334
186	1006	0.336	0.291	0.38	0.397
186	1305	0.336	0.272	0.38	0.378
186	495	0.336	0.283	0.38	0.388
186	1406	0.336	0.249	0.38	0.353
186	1817	0.336	0.280	0.38	0.384
186	1739	0.336	0.265	0.38	0.369
186	524	0.336	0.267	0.38	0.369
186	1720	0.336	0.281	0.38	0.382
186	1114	0.336	0.215	0.38	0.316
186	857	0.336	0.246	0.38	0.347
186	1427	0.336	0.250	0.38	0.350
186	249	0.336	0.352	0.38	0.450
186	475	0.336	0.232	0.38	0.330
186	685	0.336	0.213	0.38	0.310
186	1725	0.336	0.230	0.38	0.327
186	834	0.336	0.193	0.38	0.290
186	1440	0.336	0.681	0.38	0.777
186	530	0.336	0.260	0.38	0.356
186	1271	0.336	0.300	0.38	0.396
186	1280	0.336	0.281	0.38	0.377
186	1507	0.336	0.247	0.38	0.343
186	1867	0.336	0.242	0.38	0.337
186	753	0.336	0.234	0.38	0.329
186	1831	0.336	0.298	0.38	0.392
186	1503	0.336	0.240	0.38	0.334
186	556	0.336	0.205	0.38	0.299
186	1900	0.336	0.282	0.38	0.376
186	649	0.336	0.282	0.38	0.375
186	66	0.336	0.256	0.38	0.348
186	849	0.336	0.297	0.38	0.389
186	1761	0.336	0.215	0.38	0.307
186	962	0.336	0.661	0.38	0.753
186	197	0.336	0.253	0.38	0.344
186	1727	0.336	0.248	0.38	0.339
186	1000	0.336	0.202	0.38	0.292
186	1308	0.336	0.276	0.38	0.366
186	859	0.336	0.278	0.38	0.367
186	1397	0.336	0.253	0.38	0.342
186	1765	0.336	0.273	0.38	0.361
186	1426	0.336	0.291	0.38	0.378
186	743	0.336	0.229	0.38	0.314
186	767	0.336	0.247	0.38	0.333
186	1392	0.336	0.302	0.38	0.387
186	1499	0.336	0.291	0.38	0.375
186	708	0.336	0.311	0.38	0.395
186	554	0.336	0.308	0.38	0.391
186	1581	0.336	0.289	0.38	0.370
186	474	0.336	0.260	0.38	0.341
186	1126	0.336	0.263	0.38	0.344
186	497	0.336	0.309	0.38	0.389
186	276	0.336	0.267	0.38	0.346
186	721	0.336	0.274	0.38	0.354
186	1128	0.336	0.205	0.38	0.285
186	477	0.336	0.268	0.38	0.346
186	944	0.336	0.269	0.38	0.347
186	1043	0.336	0.289	0.38	0.368
186	1328	0.336	0.271	0.38	0.350
186	1836	0.336	0.242	0.38	0.320
186	1401	0.336	0.263	0.38	0.340
186	1386	0.336	0.305	0.38	0.382
186	853	0.336	0.270	0.38	0.347
186	1218	0.336	0.302	0.38	0.378
186	1832	0.336	0.274	0.38	0.349
186	712	0.336	0.842	0.38	0.917
186	1771	0.336	0.288	0.38	0.363
186	1766	0.336	0.295	0.38	0.369
186	731	0.336	0.283	0.38	0.358
186	1214	0.336	0.250	0.38	0.323
186	546	0.336	0.264	0.38	0.338
186	622	0.336	0.302	0.38	0.375
186	1217	0.336	0.287	0.38	0.360
186	1700	0.336	0.304	0.38	0.376
186	1752	0.336	0.241	0.38	0.313
186	780	0.336	0.284	0.38	0.355
186	1069	0.336	0.267	0.38	0.338
186	1955	0.336	0.190	0.38	0.260
186	1625	0.336	0.291	0.38	0.360
186	1525	0.336	0.243	0.38	0.312
186	502	0.336	0.281	0.38	0.350
186	1067	0.336	0.272	0.38	0.340
186	1220	0.336	0.248	0.38	0.317
186	1066	0.336	0.227	0.38	0.295
186	1753	0.336	0.290	0.38	0.357
186	380	0.336	0.302	0.38	0.367
186	388	0.336	0.240	0.38	0.304
186	1535	0.336	0.272	0.38	0.336
186	389	0.336	0.281	0.38	0.345
186	1068	0.336	0.291	0.38	0.354
186	1297	0.336	0.254	0.38	0.317
186	1338	0.336	0.298	0.38	0.359
186	462	0.336	0.335	0.38	0.394
186	965	0.336	0.259	0.38	0.319
186	1510	0.336	0.237	0.38	0.296
186	1137	0.336	0.276	0.38	0.334
186	1289	0.336	0.278	0.38	0.336
186	89	0.336	0.291	0.38	0.349
186	1298	0.336	0.283	0.38	0.341
186	979	0.336	0.746	0.38	0.803
186	1372	0.336	0.288	0.38	0.344
186	1362	0.336	0.290	0.38	0.346
186	1764	0.336	0.321	0.38	0.377
186	1813	0.336	0.356	0.38	0.411
186	1918	0.336	0.244	0.38	0.299
186	1947	0.336	0.269	0.38	0.324
186	1061	0.336	0.281	0.38	0.335
186	1371	0.336	0.291	0.38	0.346
186	1627	0.336	0.326	0.38	0.380
186	1452	0.336	0.336	0.38	0.389
186	446	0.336	0.257	0.38	0.309
186	1917	0.336	0.406	0.38	0.458
186	1954	0.336	0.306	0.38	0.357
186	730	0.336	0.259	0.38	0.309
186	382	0.336	0.318	0.38	0.368
186	793	0.336	0.289	0.38	0.338
186	1699	0.336	0.298	0.38	0.346
186	1219	0.336	0.265	0.38	0.312
186	611	0.336	0.308	0.38	0.356
186	925	0.336	0.281	0.38	0.327
186	1428	0.336	0.293	0.38	0.339
186	1549	0.336	0.296	0.38	0.341
186	1091	0.336	0.314	0.38	0.359
186	1741	0.336	0.290	0.38	0.334
186	320	0.336	0.280	0.38	0.324
186	1357	0.336	0.294	0.38	0.337
186	1407	0.336	0.258	0.38	0.301
186	1497	0.336	0.300	0.38	0.342
186	1174	0.336	0.292	0.38	0.333
186	385	0.336	0.361	0.38	0.402
186	742	0.336	0.319	0.38	0.360
186	603	0.336	0.279	0.38	0.321
186	1772	0.336	0.324	0.38	0.365
186	1161	0.336	0.288	0.38	0.328
186	1523	0.336	0.285	0.38	0.325
186	1722	0.336	0.292	0.38	0.332
186	719	0.336	0.394	0.38	0.433
186	966	0.336	0.260	0.38	0.299
186	583	0.336	0.329	0.38	0.368
186	1044	0.336	0.346	0.38	0.384
186	1034	0.336	0.322	0.38	0.360
186	532	0.336	0.291	0.38	0.328
186	1370	0.336	0.281	0.38	0.318
186	1767	0.336	0.304	0.38	0.340
186	1484	0.336	0.319	0.38	0.355
186	1565	0.336	0.286	0.38	0.321
186	367	0.336	0.360	0.38	0.396
186	498	0.336	0.353	0.38	0.387
186	1707	0.336	0.265	0.38	0.300
186	374	0.336	0.305	0.38	0.339
186	1880	0.336	0.314	0.38	0.347
186	879	0.336	0.299	0.38	0.331
186	1937	0.336	0.325	0.38	0.357
186	798	0.336	0.315	0.38	0.346
186	1170	0.336	0.251	0.38	0.282
186	518	0.336	0.321	0.38	0.351
186	1703	0.336	0.297	0.38	0.326
186	1173	0.336	0.344	0.38	0.372
186	1763	0.336	0.310	0.38	0.338
186	1558	0.336	0.300	0.38	0.328
186	1822	0.336	0.358	0.38	0.386
186	911	0.336	0.287	0.38	0.314
186	728	0.336	0.313	0.38	0.341
186	1708	0.336	0.300	0.38	0.327
186	1977	0.336	0.336	0.38	0.362
186	1524	0.336	0.300	0.38	0.325
186	1646	0.336	0.299	0.38	0.324
186	1769	0.336	0.326	0.38	0.351
186	848	0.336	0.299	0.38	0.324
186	1653	0.336	0.339	0.38	0.364
186	1512	0.336	0.344	0.38	0.368
186	851	0.336	0.967	0.38	0.990
186	1064	0.336	0.314	0.38	0.336
186	2005	0.336	0.198	0.38	0.219
186	1509	0.336	0.268	0.38	0.288
186	294	0.336	0.328	0.38	0.348
186	1293	0.336	0.325	0.38	0.346
186	623	0.336	0.301	0.38	0.322
186	1629	0.336	0.313	0.38	0.331
186	1437	0.336	0.309	0.38	0.325
186	1200	0.336	0.329	0.38	0.343
186	912	0.336	0.306	0.38	0.316
186	1814	0.336	0.146	0.38	0.155
186	529	0.336	0.296	0.38	0.305
186	1564	0.336	0.357	0.38	0.366
186	744	0.336	0.340	0.38	0.348
186	94	0.336	0.345	0.38	0.352
186	706	0.336	0.334	0.38	0.340
186	1756	0.336	0.382	0.38	0.388
186	1889	0.336	0.421	0.38	0.426
186	1206	0.336	0.348	0.38	0.349
186	901	0.336	0.999	0.38	1.000
186	1999	0.336	1.000	0.38	1.000
186	1808	0.336	0.294	0.38	0.294
186	449	0.336	0.350	0.38	0.345
186	1747	0.336	0.365	0.38	0.355
186	1235	0.336	0.405	0.38	0.393
186	1085	0.336	0.335	0.38	0.324
186	454	0.336	0.737	0.38	0.725
186	1743	0.336	0.334	0.38	0.321
186	1201	0.336	0.411	0.38	0.397
186	586	0.336	0.339	0.38	0.325
186	684	0.336	0.223	0.38	0.208
186	1277	0.336	0.352	0.38	0.336
186	707	0.336	0.361	0.38	0.345
186	1042	0.336	0.415	0.38	0.398
186	945	0.336	0.354	0.38	0.335
186	373	0.336	0.390	0.38	0.371
186	580	0.336	0.324	0.38	0.303
186	812	0.336	0.414	0.38	0.391
186	1086	0.336	0.334	0.38	0.311
186	2002	0.336	0.357	0.38	0.334
186	1851	0.336	0.386	0.38	0.359
186	790	0.336	0.286	0.38	0.259
186	1938	0.336	0.329	0.38	0.299
186	1420	0.336	0.337	0.38	0.305
186	463	0.336	0.230	0.38	0.198
186	1287	0.336	0.382	0.38	0.348
186	914	0.336	0.353	0.38	0.318
186	1078	0.336	0.349	0.38	0.314
186	703	0.336	0.385	0.38	0.350
186	1040	0.336	0.359	0.38	0.321
186	1359	0.336	0.366	0.38	0.327
186	494	0.336	0.349	0.38	0.309
186	1276	0.336	0.404	0.38	0.361
186	1143	0.336	0.337	0.38	0.292
186	1263	0.336	0.379	0.38	0.332
186	981	0.336	0.444	0.38	0.395
186	492	0.336	0.365	0.38	0.314
186	1004	0.336	0.450	0.38	0.392
186	365	0.336	0.383	0.38	0.318
186	1081	0.336	0.401	0.38	0.335
186	852	0.336	0.334	0.38	0.266
186	1695	0.336	0.231	0.38	0.160
186	870	0.336	0.295	0.38	0.220
186	709	0.336	0.382	0.38	0.303
186	683	0.336	0.293	0.38	0.212
186	865	0.336	0.375	0.38	0.278
186	1628	0.336	0.378	0.38	0.275
186	612	0.336	0.286	0.38	0.124
186	779	0.336	0.565	0.38	0.388
186	378	0.336	0.724	0.38	0.336
186	713	0.336	0.180	0.38	0.474
186	1496	0.336	0.155	0.38	0.477
186	1816	0.336	0.136	0.38	0.456
186	1439	0.336	0.115	0.38	0.470
186	942	0.336	0.117	0.38	0.397
186	929	0.336	0.178	0.38	0.345
186	638	0.336	0.344	0.38	0.365
186	1778	0.336	0.271	0.38	0.335
186	1670	0.336	0.287	0.38	0.291
186	1260	0.336	0.263	0.38	0.371
186	1849	0.336	0.241	0.38	0.347
186	764	0.336	0.309	0.38	0.355
186	1556	0.336	0.348	0.38	0.347
186	1847	0.336	0.160	0.38	0.480
186	1182	0.336	0.162	0.38	0.375
186	1730	0.336	0.149	0.38	0.355
186	1473	0.336	0.176	0.38	0.371
186	358	0.336	0.247	0.38	0.368
186	1665	0.336	0.298	0.38	0.391
186	1928	0.336	0.286	0.38	0.343
186	564	0.336	0.284	0.38	0.335
186	1787	0.336	0.320	0.38	0.369
186	1666	0.336	0.405	0.38	0.384
186	1346	0.336	0.239	0.38	0.494
186	1528	0.336	0.210	0.38	0.416
186	1529	0.336	0.214	0.38	0.412
186	1343	0.336	0.357	0.38	0.889
186	796	0.336	0.087	0.38	0.362
186	1258	0.336	0.212	0.38	0.350
186	1049	0.336	0.323	0.38	0.363
186	321	0.336	0.198	0.38	0.391
186	433	0.336	0.223	0.38	0.728
186	102	0.336	0.319	0.38	0.741
186	123	0.336	0.297	0.38	0.701
186	1483	0.336	0.186	0.38	0.516
186	1911	0.336	0.326	0.38	0.362
186	1125	0.336	0.336	0.38	0.364
186	1101	0.336	0.338	0.38	0.330
186	1654	0.336	0.374	0.38	0.665
186	404	0.336	0.375	0.38	0.680
186	517	0.336	0.156	0.38	0.379
186	1316	0.336	0.205	0.38	0.425
186	505	0.336	0.201	0.38	0.378
186	1021	0.336	0.279	0.38	0.423
186	1237	0.336	0.237	0.38	0.372
186	1644	0.336	0.279	0.38	0.412
186	269	0.336	0.278	0.38	0.407
186	542	0.336	0.256	0.38	0.377
186	1111	0.336	0.232	0.38	0.348
186	486	0.336	0.221	0.38	0.325
186	1939	0.336	0.236	0.38	0.336
186	1532	0.336	0.294	0.38	0.370
186	738	0.336	0.295	0.38	0.362
186	1721	0.336	0.303	0.38	0.366
186	1807	0.336	0.317	0.38	0.376
186	1645	0.336	0.306	0.38	0.352
186	739	0.336	0.259	0.38	0.288
186	1659	0.336	0.333	0.38	0.312
186	872	0.336	0.419	0.38	0.318
186	674	0.336	0.216	0.38	0.379
186	582	0.336	0.326	0.38	0.545
186	334	0.336	0.321	0.38	0.507
186	581	0.336	0.825	0.38	0.911
186	1477	0.336	0.287	0.38	0.363
186	1555	0.336	0.403	0.38	0.451
186	1815	0.336	0.175	0.38	0.410
186	2003	0.336	0.262	0.38	0.452
186	1103	0.336	0.335	0.38	0.379
186	954	0.336	0.402	0.38	0.355
186	1991	0.336	0.270	0.38	0.677
186	130	0.336	0.248	0.38	0.607
186	664	0.336	0.153	0.38	0.454
186	140	0.336	0.132	0.38	0.376
186	395	0.336	0.187	0.38	0.416
186	1104	0.336	0.298	0.38	0.505
186	652	0.336	0.271	0.38	0.467
186	417	0.336	0.217	0.38	0.399
186	653	0.336	0.207	0.38	0.351
186	1796	0.336	0.208	0.38	0.351
186	1799	0.336	0.298	0.38	0.431
186	437	0.336	0.327	0.38	0.433
186	679	0.336	0.270	0.38	0.369
186	1480	0.336	0.362	0.38	0.436
186	361	0.336	0.331	0.38	0.387
186	298	0.336	0.346	0.38	0.366
186	1189	0.336	0.295	0.38	0.310
186	118	0.336	0.814	0.38	0.813
186	1479	0.336	0.349	0.38	0.345
186	1022	0.336	0.377	0.38	0.360
186	1795	0.336	0.425	0.38	0.322
186	383	0.336	0.424	0.38	0.310
186	1015	0.336	0.228	0.38	0.688
186	1478	0.336	0.159	0.38	0.398
186	1465	0.336	0.672	0.38	0.763
186	1020	0.336	0.875	0.38	0.928
186	1462	0.336	0.953	0.38	0.991
186	1012	0.336	0.317	0.38	0.352
186	1664	0.336	0.376	0.38	0.384
186	560	0.336	1.000	0.38	1.000
186	332	0.336	0.142	0.38	0.455
186	1972	0.336	0.303	0.38	0.467
186	1482	0.336	0.310	0.38	0.633
186	1982	0.336	0.095	0.38	0.279
186	1684	0.336	0.245	0.38	0.991
186	1688	0.336	0.330	0.38	0.323
186	1070	0.336	0.177	0.38	0.376
186	1058	0.336	0.351	0.38	0.637
186	1745	0.336	0.205	0.38	0.348
186	1588	0.336	0.140	0.38	0.402
186	1589	0.336	0.236	0.38	0.394
186	1941	0.336	0.403	0.38	0.334
186	1879	0.336	0.262	0.38	0.378
186	164	0.336	0.741	0.38	0.910
186	1631	0.336	0.710	0.38	0.865
186	1025	0.336	0.665	0.38	0.765
186	1074	0.336	0.803	0.38	0.817
186	1957	0.336	0.724	0.38	0.717
186	1106	0.336	0.378	0.38	0.886
186	1179	0.336	0.084	0.38	0.292
186	1971	0.336	0.169	0.38	0.277
186	1863	0.336	0.261	0.38	0.575
186	1056	0.336	0.247	0.38	0.425
186	1373	0.336	0.168	0.38	0.342
186	1052	0.336	0.264	0.38	0.405
186	1055	0.336	0.263	0.38	0.370
186	2004	0.336	0.261	0.38	0.338
186	1385	0.336	0.235	0.38	0.310
186	488	0.336	0.240	0.38	0.304
186	1087	0.336	0.266	0.38	0.321
186	1252	0.336	0.323	0.38	0.378
186	860	0.336	0.338	0.38	0.376
186	1054	0.336	0.310	0.38	0.344
186	1295	0.336	0.350	0.38	0.376
186	1784	0.336	0.399	0.38	0.401
186	726	0.336	0.354	0.38	0.349
186	1619	0.336	0.405	0.38	0.361
186	993	0.336	0.460	0.38	0.335
186	725	0.336	0.246	0.38	0.343
186	877	0.336	0.294	0.38	0.342
186	1701	0.336	0.147	0.38	0.508
186	1964	0.336	0.193	0.38	0.391
186	1023	0.336	0.251	0.38	0.421
186	760	0.336	0.207	0.38	0.371
186	339	0.336	0.143	0.38	0.299
186	746	0.336	0.206	0.38	0.346
186	315	0.336	0.225	0.38	0.357
186	805	0.336	0.255	0.38	0.375
186	619	0.336	0.240	0.38	0.350
186	1781	0.336	0.250	0.38	0.343
186	1533	0.336	0.227	0.38	0.319
186	948	0.336	0.267	0.38	0.355
186	963	0.336	0.251	0.38	0.337
186	1041	0.336	0.310	0.38	0.370
186	318	0.336	0.270	0.38	0.329
186	237	0.336	0.276	0.38	0.297
186	1908	0.336	0.174	0.38	0.328
186	1253	0.336	0.285	0.38	0.386
186	924	0.336	0.194	0.38	0.321
186	1410	0.336	0.993	0.38	1.000
186	1256	0.336	0.992	0.38	0.999
186	658	0.336	0.992	0.38	0.998
186	110	0.336	0.995	0.38	0.998
186	11	0.336	0.995	0.38	0.997
186	1241	0.336	0.996	0.38	0.998
186	1424	0.336	0.998	0.38	1.000
186	1254	0.336	0.999	0.38	1.000
186	964	0.336	0.353	0.38	0.329
186	1600	0.336	0.195	0.38	0.364
186	1785	0.336	0.412	0.38	0.716
186	427	0.336	0.223	0.38	0.465
186	1463	0.336	0.189	0.38	0.397
186	1675	0.336	0.178	0.38	0.358
186	801	0.336	0.265	0.38	0.405
186	252	0.336	0.269	0.38	0.402
186	340	0.336	0.418	0.38	0.513
186	362	0.336	0.388	0.38	0.473
186	1028	0.336	0.344	0.38	0.379
186	1011	0.336	0.588	0.38	0.369
186	304	0.336	0.131	0.38	0.295
186	1742	0.336	0.303	0.38	0.322
186	88	0.336	0.314	0.38	0.394
186	466	0.336	0.306	0.38	0.356
186	1802	0.336	0.383	0.38	0.570
186	810	0.336	0.309	0.38	0.687
186	1381	0.336	0.101	0.38	0.328
186	1632	0.336	0.344	0.38	0.559
186	1750	0.336	0.298	0.38	0.429
186	1993	0.336	0.181	0.38	0.306
186	840	0.336	0.243	0.38	0.366
186	455	0.336	0.280	0.38	0.401
186	1997	0.336	0.281	0.38	0.374
186	1196	0.336	0.256	0.38	0.339
186	1826	0.336	0.308	0.38	0.390
186	907	0.336	0.295	0.38	0.321
186	1827	0.336	0.340	0.38	0.349
186	950	0.336	0.061	0.38	0.353
186	654	0.336	0.170	0.38	0.376
186	1375	0.336	0.355	0.38	0.562
186	1843	0.336	0.255	0.38	0.403
186	1024	0.336	0.314	0.38	0.425
186	1602	0.336	0.259	0.38	0.318
186	1981	0.336	0.391	0.38	0.355
186	959	0.336	0.350	0.38	0.338
186	1355	0.336	0.162	0.38	0.307
186	1731	0.336	0.224	0.38	0.349
186	369	0.336	0.253	0.38	0.378
186	1829	0.336	0.286	0.38	0.373
186	895	0.336	0.347	0.38	0.432
186	1113	0.336	0.242	0.38	0.327
186	845	0.336	0.264	0.38	0.339
186	967	0.336	0.298	0.38	0.350
186	1288	0.336	0.324	0.38	0.373
186	1369	0.336	0.291	0.38	0.312
186	1378	0.336	0.318	0.38	0.337
186	1383	0.336	0.315	0.38	0.320
186	681	0.336	0.325	0.38	0.326
186	1569	0.336	0.341	0.38	0.342
186	1825	0.336	0.391	0.38	0.384
186	898	0.336	0.384	0.38	0.357
186	682	0.336	0.390	0.38	0.472
186	191	0.336	0.360	0.38	0.388
186	1177	0.336	0.142	0.38	0.882
186	187	0.336	0.121	0.38	0.334
186	414	0.336	0.276	0.38	0.417
186	1018	0.336	0.153	0.38	0.426
186	139	0.336	0.754	0.38	0.974
186	169	0.336	0.167	0.38	0.882
186	303	0.336	0.368	0.38	0.927
186	573	0.336	0.366	0.38	0.452
186	286	0.336	0.181	0.38	0.793
186	112	0.336	0.191	0.38	0.810
186	804	0.336	0.111	0.38	0.647
186	316	0.336	0.223	0.38	0.426
186	1216	0.336	0.375	0.38	0.570
186	676	0.336	0.614	0.38	0.999
186	257	0.336	0.386	0.38	0.791
186	1594	0.336	0.191	0.38	0.694
186	1112	0.336	0.259	0.38	0.485
186	418	0.336	0.213	0.38	0.427
186	1962	0.336	0.246	0.38	0.459
186	1783	0.336	0.271	0.38	0.476
186	405	0.336	0.228	0.38	0.418
186	133	0.336	0.355	0.38	0.527
186	399	0.336	0.255	0.38	0.421
186	1969	0.336	0.188	0.38	0.350
186	1506	0.336	0.227	0.38	0.381
186	1380	0.336	0.288	0.38	0.428
186	672	0.336	0.213	0.38	0.343
186	138	0.336	0.319	0.38	0.443
186	1073	0.336	0.316	0.38	0.440
186	1457	0.336	0.336	0.38	0.453
186	1905	0.336	0.229	0.38	0.329
186	1199	0.336	0.287	0.38	0.387
186	931	0.336	0.271	0.38	0.367
186	1336	0.336	0.192	0.38	0.283
186	255	0.336	0.278	0.38	0.369
186	1942	0.336	0.354	0.38	0.430
186	691	0.336	0.347	0.38	0.420
186	407	0.336	0.357	0.38	0.429
186	43	0.336	0.324	0.38	0.391
186	406	0.336	0.338	0.38	0.402
186	1045	0.336	0.331	0.38	0.387
186	1412	0.336	0.263	0.38	0.303
186	1903	0.336	0.076	0.38	0.114
186	670	0.336	0.421	0.38	0.436
186	1859	0.336	0.237	0.38	0.734
186	402	0.336	0.154	0.38	0.698
186	559	0.336	0.097	0.38	0.252
186	1693	0.336	0.285	0.38	0.336
186	228	0.336	0.087	0.38	0.345
186	1793	0.336	0.227	0.38	0.355
186	1157	0.336	0.472	0.38	0.745
186	1202	0.336	0.251	0.38	0.713
186	309	0.336	0.877	0.38	0.994
186	503	0.336	0.110	0.38	0.638
186	1967	0.336	0.249	0.38	0.627
186	866	0.336	0.340	0.38	0.854
186	1246	0.336	0.157	0.38	0.643
186	223	0.336	0.346	0.38	0.654
186	1350	0.336	0.219	0.38	0.357
186	403	0.336	0.232	0.38	0.303
186	1351	0.336	0.210	0.38	0.451
186	1019	0.336	0.228	0.38	0.393
186	111	0.336	0.237	0.38	0.396
186	192	0.336	0.693	0.38	0.864
186	1060	0.336	0.100	0.38	0.515
186	1413	0.336	0.399	0.38	0.561
186	659	0.336	0.368	0.38	0.549
186	1269	0.336	0.303	0.38	0.562
186	1811	0.336	0.321	0.38	0.581
186	1099	0.336	0.192	0.38	0.420
186	411	0.336	0.269	0.38	0.484
186	1354	0.336	0.318	0.38	0.411
186	1685	0.336	0.394	0.38	0.479
186	336	0.336	0.331	0.38	0.415
186	1147	0.336	0.342	0.38	0.406
186	168	0.336	0.575	0.38	0.592
186	171	0.336	0.820	0.38	0.986
186	574	0.336	0.310	0.38	0.502
186	1242	0.336	0.220	0.38	0.381
186	1943	0.336	0.273	0.38	0.607
186	1490	0.336	0.186	0.38	0.530
186	671	0.336	0.530	0.38	0.783
186	1487	0.336	0.814	0.38	0.969
186	1904	0.336	0.190	0.38	0.419
186	1156	0.336	0.247	0.38	0.557
186	1617	0.336	0.245	0.38	0.355
186	1821	0.336	0.188	0.38	0.517
186	1663	0.336	0.185	0.38	0.467
186	354	0.336	0.085	0.38	0.342
186	1715	0.336	0.359	0.38	0.561
186	512	0.336	0.158	0.38	0.352
186	135	0.336	0.306	0.38	0.467
186	1988	0.336	0.302	0.38	0.356
186	777	0.336	0.446	0.38	0.786
186	300	0.336	0.266	0.38	0.344
186	636	0.336	0.310	0.38	0.313
186	1331	0.336	0.431	0.38	0.498
186	1169	0.336	0.473	0.38	0.564
186	1504	0.336	0.727	0.38	0.750
186	545	0.336	0.595	0.38	0.834
186	1987	0.336	0.306	0.38	0.454
186	363	0.336	0.286	0.38	0.538
186	1809	0.336	0.324	0.38	0.559
186	98	0.336	0.428	0.38	0.522
186	720	0.336	0.231	0.38	0.268
186	1686	0.336	0.165	0.38	0.324
186	973	0.336	0.076	0.38	0.226
186	1467	0.336	0.121	0.38	0.369
186	1249	0.336	0.407	0.38	0.788
186	1543	0.336	0.580	0.38	0.396
186	1033	0.336	0.308	0.38	0.390
186	1358	0.336	0.396	0.38	0.359
186	199	0.336	0.248	0.38	0.393
186	906	0.336	0.242	0.38	0.378
186	688	0.336	0.312	0.38	0.361
186	974	0.336	0.197	0.38	0.379
186	1726	0.336	0.203	0.38	0.355
186	310	0.336	0.263	0.38	0.327
186	1622	0.336	0.309	0.38	0.361
186	1692	0.336	0.338	0.38	0.379
186	1828	0.336	0.440	0.38	0.456
186	596	0.336	0.216	0.38	0.326
186	1302	0.336	0.272	0.38	0.378
186	1877	0.336	0.298	0.38	0.391
186	1088	0.336	0.246	0.38	0.328
186	1886	0.336	0.257	0.38	0.321
186	1122	0.336	0.330	0.38	0.387
186	1007	0.336	0.328	0.38	0.376
186	722	0.336	0.381	0.38	0.405
186	645	0.336	0.345	0.38	0.348
186	1303	0.336	0.377	0.38	0.361
186	1616	0.336	0.330	0.38	0.336
186	1266	0.336	0.320	0.38	0.290
186	1315	0.336	0.320	0.38	0.369
186	1377	0.336	0.322	0.38	0.342
186	481	0.336	0.213	0.38	0.334
186	1502	0.336	0.153	0.38	0.378
186	823	0.336	0.190	0.38	0.409
186	934	0.336	0.191	0.38	0.348
186	824	0.336	0.182	0.38	0.326
186	1882	0.336	0.283	0.38	0.368
186	1948	0.336	0.290	0.38	0.359
186	811	0.336	0.268	0.38	0.326
186	992	0.336	0.285	0.38	0.327
186	998	0.336	0.328	0.38	0.325
186	1846	0.336	0.369	0.38	0.356
186	882	0.336	0.151	0.38	0.296
186	1945	0.336	0.311	0.38	0.365
186	1120	0.336	0.208	0.38	0.339
186	575	0.336	0.161	0.38	0.323
186	222	0.336	0.159	0.38	0.318
186	1470	0.336	0.234	0.38	0.360
186	1582	0.336	0.211	0.38	0.330
186	1662	0.336	0.274	0.38	0.261
186	254	0.336	0.319	0.38	0.287
186	884	0.336	0.142	0.38	0.348
186	1633	0.336	0.159	0.38	0.341
186	602	0.336	0.275	0.38	0.449
186	1566	0.336	0.192	0.38	0.360
186	1885	0.336	0.218	0.38	0.372
186	1574	0.336	0.229	0.38	0.374
186	480	0.336	0.237	0.38	0.379
186	694	0.336	0.235	0.38	0.376
186	526	0.336	0.245	0.38	0.361
186	1441	0.336	0.145	0.38	0.252
186	1110	0.336	0.203	0.38	0.309
186	1307	0.336	0.240	0.38	0.340
186	1433	0.336	0.475	0.38	0.562
186	1613	0.336	0.268	0.38	0.354
186	484	0.336	0.293	0.38	0.376
186	1522	0.336	0.277	0.38	0.357
186	394	0.336	0.265	0.38	0.342
186	1612	0.336	0.300	0.38	0.374
186	646	0.336	0.278	0.38	0.350
186	1553	0.336	0.264	0.38	0.314
186	1521	0.336	0.298	0.38	0.340
186	1575	0.336	0.314	0.38	0.354
186	1737	0.336	0.385	0.38	0.425
186	832	0.336	0.305	0.38	0.336
186	1283	0.336	0.363	0.38	0.388
186	1436	0.336	0.367	0.38	0.349
186	1655	0.336	0.370	0.38	0.348
186	1648	0.336	0.321	0.38	0.292
186	1868	0.336	0.207	0.38	0.363
186	1691	0.336	0.216	0.38	0.366
186	240	0.336	0.194	0.38	0.591
186	778	0.336	0.166	0.38	0.223
186	1661	0.336	0.362	0.38	0.356
186	184	0.336	0.913	0.38	0.966
186	1203	0.336	0.348	0.38	0.317
186	928	0.336	0.613	0.38	0.872
186	1770	0.336	0.327	0.38	0.357
186	1003	0.336	0.255	0.38	0.341
186	260	0.336	0.269	0.38	0.334
186	868	0.336	0.270	0.38	0.308
186	561	0.336	0.363	0.38	0.349
186	800	0.336	0.292	0.38	0.389
186	521	0.336	0.304	0.38	0.310
186	903	0.336	0.172	0.38	0.408
186	1448	0.336	0.259	0.38	0.365
186	1447	0.336	0.295	0.38	0.380
186	1294	0.336	0.365	0.38	0.362
186	49	0.336	0.305	0.38	0.351
186	1545	0.336	0.230	0.38	0.378
186	54	0.336	0.301	0.38	0.329
186	1587	0.336	0.191	0.38	0.379
186	256	0.336	0.288	0.38	0.381
186	275	0.336	0.405	0.38	0.494
186	1872	0.336	0.790	0.38	0.869
186	87	0.336	0.853	0.38	0.861
186	687	0.336	0.868	0.38	0.857
186	1130	0.336	0.757	0.38	0.746
186	36	0.336	0.443	0.38	0.704
186	985	0.336	0.211	0.38	0.349
186	93	0.336	0.889	0.38	0.947
186	33	0.336	0.531	0.38	0.503
186	493	0.336	0.561	0.38	0.519
186	921	0.336	0.600	0.38	0.553
186	1537	0.336	0.750	0.38	0.628
186	1319	0.336	0.333	0.38	0.003
186	699	0.336	0.167	0.38	0.366
186	1577	0.336	0.260	0.38	0.372
186	1301	0.336	0.257	0.38	0.333
186	379	0.336	0.337	0.38	0.350
186	317	0.336	0.092	0.38	0.354
186	1208	0.336	0.267	0.38	0.303
186	1072	0.336	0.236	0.38	0.368
186	1676	0.336	0.212	0.38	0.361
186	412	0.336	0.311	0.38	0.378
186	426	0.336	0.602	0.38	0.627
186	519	0.336	0.183	0.38	0.381
186	820	0.336	0.256	0.38	0.370
186	1335	0.336	0.307	0.38	0.775
186	1871	0.336	0.181	0.38	0.320
186	773	0.336	0.278	0.38	0.364
186	799	0.336	0.235	0.38	0.332
186	1620	0.336	0.270	0.38	0.333
186	2	0.336	0.757	0.38	0.783
186	1160	0.336	0.147	0.38	0.353
186	1107	0.336	0.249	0.38	0.365
186	1095	0.336	0.169	0.38	0.275
186	273	0.336	0.217	0.38	0.343
186	469	0.336	0.253	0.38	0.368
186	250	0.336	0.606	0.38	0.768
